17	0	22
22	1	17
17	0	20
20	1	17
17	0	18
18	1	17
17	0	24
24	1	17
17	0	23
23	1	17
17	0	19
19	1	17
18	0	22
22	1	18
18	0	24
24	1	18
18	0	20
20	1	18
18	0	23
23	1	18
16	0	22
22	1	16
16	0	20
20	1	16
16	0	18
18	1	16
16	0	17
17	1	16
16	0	24
24	1	16
16	0	23
23	1	16
20	0	22
22	1	20
8	0	14
14	1	8
8	0	22
22	1	8
8	0	16
16	1	8
8	0	20
20	1	8
8	0	17
17	1	8
8	0	18
18	1	8
8	0	24
24	1	8
8	0	23
23	1	8
8	0	11
11	1	8
12	0	20
20	1	12
12	0	17
17	1	12
12	0	15
15	1	12
12	0	22
22	1	12
2	0	10
10	1	2
2	0	7
7	1	2
2	0	17
17	1	2
2	0	24
24	1	2
2	0	23
23	1	2
2	0	18
18	1	2
2	0	9
9	1	2
23	0	24
24	1	23
5	0	14
14	1	5
5	0	22
22	1	5
5	0	16
16	1	5
5	0	20
20	1	5
5	0	17
17	1	5
5	0	18
18	1	5
5	0	24
24	1	5
5	0	23
23	1	5
5	0	8
8	1	5
3	0	21
21	1	3
7	0	24
24	1	7
7	0	23
23	1	7
7	0	13
13	1	7
7	0	19
19	1	7
7	0	17
17	1	7
7	0	21
21	1	7
7	0	10
10	1	7
14	0	22
22	1	14
14	0	20
20	1	14
14	0	18
18	1	14
14	0	17
17	1	14
14	0	24
24	1	14
14	0	23
23	1	14
14	0	16
16	1	14
22	0	24
24	1	22
22	0	23
23	1	22
9	0	12
12	1	9
9	0	18
18	1	9
9	0	17
17	1	9
9	0	15
15	1	9
9	0	24
24	1	9
9	0	23
23	1	9
6	0	12
12	1	6
6	0	17
17	1	6
6	0	15
15	1	6
6	0	9
9	1	6
15	0	17
17	1	15
10	0	13
13	1	10
10	0	24
24	1	10
10	0	21
21	1	10
10	0	19
19	1	10
10	0	23
23	1	10
11	0	14
14	1	11
19	0	21
21	1	19
13	0	19
19	1	13
