2	38	0
2	38	1
2	38	2
2	38	3
2	38	4
2	39	5
2	39	6
2	39	7
3	14	8
3	5	9
3	5	10
3	5	11
3	6	12
3	6	13
3	6	14
4	3	15
4	3	16
4	9	17
4	9	7
4	9	18
4	4	19
4	4	20
5	61	21
5	61	22
5	52	23
5	52	24
6	5	25
6	5	26
6	14	27
6	14	28
7	14	29
7	14	30
12	10	41
12	10	42
12	4	43
12	4	44
12	3	45
12	3	46
13	23	47
15	12	49
15	13	50
17	5	47
18	13	51
18	12	47
19	4	52
19	10	53
19	9	54
20	13	55
20	12	47
22	42	57
22	48	58
23	10	59
23	3	60
23	4	61
24	3	62
24	10	63
24	9	64
26	49	25
29	28	70
30	11	71
30	13	72
30	12	73
31	20	74
32	12	75
32	13	76
33	10	77
33	9	78
33	3	79
36	6	83
36	5	84
37	10	85
37	9	86
37	3	47
37	4	87
39	4	89
39	10	90
40	3	91
40	10	92
40	9	93
41	15	94
41	15	95
44	10	100
44	9	101
44	3	102
45	10	103
45	9	104
45	3	105
46	13	106
46	11	107
47	6	83
47	5	84
48	6	108
49	10	109
49	9	110
49	3	111
50	18	112
50	10	113
50	9	114
52	48	115
54	10	116
54	3	117
55	6	118
55	5	84
56	16	119
56	16	120
56	16	121
58	25	122
58	15	123
59	68	124
59	7	125
59	8	126
61	10	127
61	4	128
61	18	129
63	46	131
63	48	47
65	12	75
65	13	134
66	4	135
66	10	136
67	10	137
67	9	138
67	3	139
68	11	140
68	13	141
68	12	73
69	10	142
69	3	143
71	18	147
71	10	148
71	9	149
73	3	150
73	18	151
73	9	10
74	4	152
74	10	153
77	42	159
77	48	58
80	3	162
80	9	163
81	10	164
81	9	165
81	3	166
82	49	167
85	6	170
85	5	84
86	18	171
86	10	172
86	9	173
89	6	83
89	5	84
91	87	177
91	72	178
92	20	179
94	25	181
94	25	182
94	16	47
95	27	183
96	27	183
97	28	184
97	28	185
98	16	186
99	63	187
99	64	188
101	38	59
102	16	75
103	10	85
103	9	86
103	3	47
103	4	87
104	38	107
104	39	189
105	38	190
105	39	0
106	17	191
106	17	113
106	35	112
107	48	192
108	13	193
109	6	83
109	5	84
110	16	119
110	16	120
111	12	121
111	13	194
112	28	195
112	28	196
113	42	168
113	41	47
114	16	75
115	17	197
115	17	148
115	35	147
116	28	198
117	14	199
117	14	200
117	14	201
117	14	202
118	6	83
118	5	84
120	72	203
120	72	204
120	73	205
120	73	47
121	28	179
122	13	206
122	12	47
123	24	207
123	16	47
124	70	208
124	70	30
124	70	209
124	70	29
125	18	184
125	4	210
126	16	75
127	23	47
127	31	87
127	20	85
128	13	211
128	12	119
129	7	168
129	7	212
129	68	213
129	68	214
129	8	215
129	127	216
129	127	214
130	16	75
131	24	217
131	16	47
132	13	218
132	12	47
133	10	184
133	3	219
134	16	120
135	16	119
135	16	220
135	16	221
136	38	222
137	42	223
137	46	213
138	12	186
138	13	224
139	13	225
139	12	47
140	12	121
140	13	226
141	43	227
142	18	168
142	10	213
142	10	228
143	13	229
143	12	121
143	11	167
144	72	230
145	24	231
145	24	232
145	24	233
145	24	234
145	24	235
145	24	236
145	24	237
145	24	170
145	24	238
145	24	239
145	24	240
145	24	241
145	24	242
145	24	243
145	24	244
145	24	245
145	24	246
145	24	247
145	24	248
145	24	71
145	24	249
145	24	188
145	24	250
145	24	159
145	24	251
145	24	252
145	24	253
145	24	26
145	24	254
145	24	255
145	24	256
145	24	257
145	24	258
145	24	259
145	24	260
145	24	217
145	24	261
145	24	25
145	24	262
145	24	263
145	24	264
145	24	83
145	24	265
145	24	266
145	24	267
145	24	140
145	24	223
145	24	0
145	24	268
145	24	269
145	24	270
145	24	271
145	24	118
145	24	57
145	24	272
145	15	273
145	15	274
145	15	275
145	15	276
145	15	277
145	15	278
145	15	279
145	15	280
145	15	281
145	15	282
145	15	20
145	15	283
145	15	284
145	15	285
145	15	286
145	15	50
145	15	73
145	15	287
145	15	288
145	15	289
145	15	290
145	15	19
145	15	291
145	15	292
145	15	293
145	15	294
145	15	295
145	15	296
145	15	297
145	15	298
145	15	299
145	15	300
145	15	301
145	15	302
145	15	47
145	15	17
145	15	303
145	15	304
145	15	305
145	15	306
145	15	307
145	15	308
145	15	309
145	15	310
145	15	311
145	15	312
145	15	313
145	15	314
145	15	315
145	15	316
145	15	317
145	15	318
145	15	319
145	15	320
145	15	321
145	15	322
145	15	323
145	15	324
145	15	325
145	15	326
145	15	327
145	15	328
145	15	329
145	15	330
145	15	331
145	15	332
145	15	333
145	15	334
145	15	335
145	15	336
145	15	162
145	15	337
145	15	338
145	15	339
145	15	340
145	15	341
145	15	342
145	15	343
145	15	85
145	15	344
145	15	18
145	15	345
145	15	346
145	15	347
145	15	348
145	15	349
145	15	350
145	15	351
145	15	352
145	15	353
145	15	354
145	15	355
145	15	356
145	25	357
145	25	358
145	25	359
145	25	360
145	25	361
145	25	362
145	25	363
145	25	364
145	25	365
145	25	366
145	25	367
145	25	213
145	25	368
145	25	369
145	25	370
145	25	371
145	25	372
145	25	373
145	25	374
145	25	375
145	25	376
145	25	377
145	25	378
145	25	379
145	25	380
145	25	381
145	16	382
145	16	383
145	16	121
145	16	384
145	16	7
145	16	139
145	16	91
145	16	385
145	16	186
145	16	386
145	16	387
145	16	388
145	16	10
145	16	221
145	16	389
145	16	390
145	16	391
145	16	392
145	16	393
145	16	394
145	16	49
145	16	62
145	16	395
145	16	396
145	16	47
145	16	26
145	16	102
145	16	111
145	16	73
145	16	397
145	16	79
145	16	398
145	16	25
145	16	399
145	16	166
145	16	400
145	16	401
145	16	402
145	16	403
145	16	105
145	16	404
145	16	405
145	16	84
145	16	406
145	16	407
145	16	404
145	16	408
145	16	47
145	16	391
145	16	73
145	16	384
145	16	400
145	16	409
145	16	410
145	16	386
145	16	186
145	16	10
145	16	84
145	16	406
145	16	47
145	16	26
145	26	411
145	26	357
145	26	216
145	26	412
145	26	359
145	26	362
145	26	339
145	26	364
145	26	413
145	26	367
145	26	414
145	26	415
145	26	370
145	26	416
145	26	374
145	26	325
145	26	417
145	26	289
145	26	377
145	26	418
145	26	419
145	26	420
145	16	25
145	16	47
145	16	47
146	32	167
147	28	421
147	28	422
148	41	47
148	48	423
148	48	424
148	42	425
148	42	426
149	23	47
149	20	427
150	12	47
150	12	310
150	13	428
151	14	429
151	14	430
151	14	431
152	20	432
152	31	358
154	4	433
154	9	389
155	10	434
155	9	435
156	28	436
157	5	17
157	5	383
157	5	437
157	5	15
157	5	7
157	5	402
157	5	438
157	5	439
157	5	440
157	5	387
157	5	18
157	5	16
157	5	395
157	5	396
158	18	441
158	3	442
159	10	443
159	4	444
160	100	187
160	121	47
160	101	188
161	23	47
161	20	445
163	18	446
163	3	447
164	18	448
164	3	449
165	28	450
165	28	422
166	87	451
166	72	452
167	49	453
167	49	454
167	49	455
167	49	456
167	49	457
167	59	458
167	59	459
168	19	232
168	31	367
168	23	73
168	20	460
169	20	461
170	13	462
171	18	463
171	3	464
172	38	465
172	38	466
172	38	168
174	32	467
174	32	468
175	23	47
175	20	469
176	20	470
177	5	47
177	6	471
177	14	47
178	20	472
180	85	473
181	50	474
181	50	475
182	28	476
183	57	208
183	57	209
184	61	477
184	61	478
184	52	479
184	53	480
184	53	481
185	52	276
185	52	342
185	103	289
185	103	339
186	10	482
186	10	483
186	18	484
186	9	485
187	3	47
188	50	486
189	50	487
189	50	488
190	28	489
191	18	490
191	9	491
192	6	291
192	6	260
192	14	25
192	14	0
193	25	379
193	16	399
194	5	47
194	5	492
194	6	493
194	14	494
195	72	8
195	73	10
195	87	12
196	14	316
196	14	347
196	14	495
196	5	396
197	10	184
197	4	210
197	3	496
197	9	386
198	14	497
198	5	10
198	6	498
199	13	499
199	12	47
200	14	394
200	14	351
200	14	319
200	5	396
201	72	500
202	72	501
203	20	502
204	20	503
205	20	504
206	20	505
207	20	506
208	29	507
209	72	508
210	18	151
210	9	47
211	20	509
212	20	510
213	42	511
213	48	512
214	13	513
214	11	514
215	13	515
215	11	516
216	46	517
216	42	518
217	6	83
219	10	507
219	9	47
220	14	519
220	14	520
220	6	521
220	6	522
220	5	75
221	10	523
221	9	524
221	3	525
222	38	47
222	38	10
223	28	436
224	20	526
224	23	527
225	65	178
225	66	47
225	66	528
226	28	529
227	49	530
227	49	452
228	32	531
228	32	532
228	32	533
229	31	122
229	20	534
230	28	535
230	28	536
231	10	537
231	9	538
232	28	539
232	28	540
233	72	473
234	42	208
235	42	209
236	35	183
237	13	276
237	13	342
238	10	482
238	10	484
238	10	483
238	9	485
239	20	541
239	20	542
239	20	543
239	20	544
239	20	545
239	20	546
239	20	547
239	20	85
239	20	548
239	20	549
239	20	550
239	20	551
239	20	313
239	20	552
239	20	553
239	23	277
239	23	91
239	23	554
239	23	62
239	23	302
240	14	402
241	20	309
241	31	379
241	23	47
241	23	356
242	10	184
242	4	210
242	3	496
242	9	386
243	72	497
243	73	10
243	87	498
244	10	502
244	18	555
244	4	556
245	10	503
245	18	557
245	4	558
246	10	504
246	18	559
246	4	560
247	10	505
247	18	561
247	4	562
248	28	151
249	18	21
249	4	563
249	9	564
250	18	22
250	4	565
250	9	566
251	10	567
251	3	25
252	10	568
252	3	25
253	24	83
253	16	25
253	15	284
254	20	569
255	72	570
255	72	571
256	10	507
256	9	572
257	11	521
257	11	522
257	13	520
257	12	186
257	12	75
259	10	526
259	3	527
259	9	573
260	39	574
260	38	575
261	11	240
261	12	344
261	12	292
261	12	392
261	13	308
262	28	70
263	18	576
263	3	577
264	18	578
264	3	579
265	18	183
265	10	542
265	9	554
266	27	580
266	27	581
267	27	582
268	27	582
269	27	582
270	49	583
270	49	584
270	59	585
271	27	582
272	17	85
272	40	586
273	84	291
273	84	260
273	84	253
274	75	587
275	75	588
276	15	402
277	20	589
277	23	47
278	5	47
279	18	184
279	4	210
280	13	590
280	11	514
281	13	591
281	11	514
282	13	592
282	11	516
283	13	593
283	11	516
284	49	594
284	49	507
284	59	572
285	20	595
285	20	596
285	23	597
286	12	47
286	13	598
287	52	599
287	52	600
287	53	579
287	53	577
288	48	601
289	85	253
290	64	291
290	64	260
291	10	602
291	3	603
291	9	603
292	20	604
293	10	605
293	3	606
293	9	606
294	20	607
295	10	608
295	9	609
295	9	610
296	20	611
296	23	47
297	49	184
298	28	179
298	28	507
299	10	595
299	10	596
299	9	612
300	23	47
300	20	613
300	20	614
301	56	601
301	96	47
302	85	615
302	85	616
302	85	617
302	93	618
303	85	260
304	28	619
305	28	620
306	78	621
306	78	622
306	27	233
306	27	507
306	27	452
306	27	236
306	27	25
306	27	623
306	27	624
306	27	82
306	44	625
306	44	626
307	28	627
307	28	628
308	28	184
308	28	629
308	28	630
308	28	631
309	27	179
310	28	632
310	28	618
311	72	633
311	73	25
312	72	634
312	73	25
313	49	635
313	59	621
314	49	636
314	59	621
315	87	630
315	72	631
