42	0	44
44	1	42
42	0	43
43	1	42
42	0	82
82	1	42
42	0	64
64	1	42
42	0	47
47	1	42
44	0	45
45	1	44
44	0	94
94	1	44
44	0	90
90	1	44
44	0	46
46	1	44
44	0	91
91	1	44
44	0	47
47	1	44
44	0	66
66	1	44
44	0	77
77	1	44
44	0	48
48	1	44
44	0	49
49	1	44
44	0	88
88	1	44
44	0	50
50	1	44
44	0	65
65	1	44
44	0	74
74	1	44
44	0	75
75	1	44
44	0	87
87	1	44
44	0	51
51	1	44
44	0	52
52	1	44
44	0	69
69	1	44
44	0	93
93	1	44
44	0	96
96	1	44
44	0	53
53	1	44
44	0	54
54	1	44
44	0	84
84	1	44
44	0	89
89	1	44
44	0	55
55	1	44
44	0	68
68	1	44
44	0	86
86	1	44
44	0	78
78	1	44
44	0	67
67	1	44
44	0	56
56	1	44
44	0	79
79	1	44
44	0	73
73	1	44
44	0	82
82	1	44
44	0	64
64	1	44
44	0	57
57	1	44
44	0	63
63	1	44
44	0	58
58	1	44
44	0	83
83	1	44
44	0	76
76	1	44
44	0	85
85	1	44
44	0	72
72	1	44
44	0	59
59	1	44
44	0	81
81	1	44
44	0	80
80	1	44
44	0	70
70	1	44
44	0	60
60	1	44
44	0	61
61	1	44
44	0	71
71	1	44
44	0	62
62	1	44
59	0	94
94	1	59
59	0	88
88	1	59
59	0	70
70	1	59
65	0	90
90	1	65
65	0	83
83	1	65
65	0	74
74	1	65
65	0	75
75	1	65
65	0	76
76	1	65
65	0	85
85	1	65
5	0	90
90	1	5
5	0	76
76	1	5
5	0	85
85	1	5
5	0	44
44	1	5
5	0	65
65	1	5
14	0	90
90	1	14
14	0	76
76	1	14
14	0	85
85	1	14
14	0	44
44	1	14
14	0	65
65	1	14
14	0	46
46	1	14
35	0	40
40	1	35
35	0	67
67	1	35
35	0	37
37	1	35
35	0	44
44	1	35
35	0	64
64	1	35
35	0	42
42	1	35
35	0	41
41	1	35
35	0	38
38	1	35
35	0	82
82	1	35
20	0	44
44	1	20
12	0	78
78	1	12
12	0	25
25	1	12
25	0	56
56	1	25
25	0	44
44	1	25
25	0	68
68	1	25
25	0	67
67	1	25
25	0	78
78	1	25
25	0	86
86	1	25
25	0	79
79	1	25
16	0	47
47	1	16
16	0	42
42	1	16
16	0	41
41	1	16
16	0	44
44	1	16
16	0	26
26	1	16
16	0	35
35	1	16
16	0	82
82	1	16
16	0	64
64	1	16
16	0	33
33	1	16
16	0	48
48	1	16
16	0	38
38	1	16
41	0	42
42	1	41
41	0	44
44	1	41
41	0	51
51	1	41
41	0	66
66	1	41
13	0	77
77	1	13
13	0	44
44	1	13
13	0	51
51	1	13
13	0	66
66	1	13
13	0	38
38	1	13
15	0	49
49	1	15
15	0	44
44	1	15
58	0	88
88	1	58
58	0	91
91	1	58
58	0	92
92	1	58
58	0	96
96	1	58
58	0	69
69	1	58
58	0	74
74	1	58
58	0	83
83	1	58
23	0	74
74	1	23
23	0	88
88	1	23
23	0	92
92	1	23
6	0	74
74	1	6
6	0	88
88	1	6
6	0	92
92	1	6
6	0	23
23	1	6
88	0	96
96	1	88
88	0	91
91	1	88
88	0	92
92	1	88
88	0	93
93	1	88
88	0	94
94	1	88
93	0	96
96	1	93
2	0	29
29	1	2
2	0	88
88	1	2
2	0	32
32	1	2
2	0	54
54	1	2
11	0	32
32	1	11
11	0	29
29	1	11
21	0	32
32	1	21
21	0	29
29	1	21
3	0	44
44	1	3
3	0	57
57	1	3
3	0	55
55	1	3
26	0	44
44	1	26
26	0	82
82	1	26
26	0	64
64	1	26
26	0	42
42	1	26
26	0	41
41	1	26
26	0	48
48	1	26
26	0	35
35	1	26
26	0	43
43	1	26
26	0	33
33	1	26
26	0	47
47	1	26
26	0	38
38	1	26
30	0	64
64	1	30
30	0	44
44	1	30
30	0	68
68	1	30
30	0	33
33	1	30
27	0	64
64	1	27
27	0	44
44	1	27
27	0	68
68	1	27
27	0	73
73	1	27
27	0	33
33	1	27
27	0	30
30	1	27
17	0	64
64	1	17
17	0	44
44	1	17
17	0	68
68	1	17
17	0	33
33	1	17
17	0	30
30	1	17
17	0	27
27	1	17
38	0	42
42	1	38
38	0	44
44	1	38
38	0	51
51	1	38
38	0	77
77	1	38
38	0	66
66	1	38
38	0	82
82	1	38
38	0	41
41	1	38
38	0	64
64	1	38
38	0	47
47	1	38
51	0	77
77	1	51
51	0	66
66	1	51
69	0	91
91	1	69
69	0	88
88	1	69
74	0	92
92	1	74
74	0	88
88	1	74
74	0	96
96	1	74
74	0	91
91	1	74
74	0	83
83	1	74
74	0	84
84	1	74
50	0	88
88	1	50
50	0	96
96	1	50
50	0	93
93	1	50
50	0	65
65	1	50
43	0	44
44	1	43
37	0	44
44	1	37
37	0	56
56	1	37
37	0	67
67	1	37
37	0	40
40	1	37
37	0	68
68	1	37
33	0	44
44	1	33
33	0	42
42	1	33
33	0	48
48	1	33
33	0	41
41	1	33
33	0	81
81	1	33
33	0	63
63	1	33
33	0	82
82	1	33
33	0	73
73	1	33
33	0	64
64	1	33
33	0	87
87	1	33
33	0	35
35	1	33
33	0	38
38	1	33
33	0	47
47	1	33
56	0	79
79	1	56
56	0	67
67	1	56
56	0	68
68	1	56
47	0	63
63	1	47
47	0	82
82	1	47
47	0	64
64	1	47
83	0	88
88	1	83
83	0	96
96	1	83
83	0	92
92	1	83
63	0	87
87	1	63
63	0	82
82	1	63
63	0	81
81	1	63
63	0	73
73	1	63
70	0	88
88	1	70
70	0	94
94	1	70
24	0	88
88	1	24
7	0	88
88	1	7
7	0	24
24	1	7
73	0	87
87	1	73
73	0	81
81	1	73
73	0	82
82	1	73
61	0	71
71	1	61
61	0	80
80	1	61
67	0	78
78	1	67
67	0	86
86	1	67
19	0	90
90	1	19
19	0	85
85	1	19
19	0	76
76	1	19
19	0	44
44	1	19
19	0	46
46	1	19
66	0	77
77	1	66
54	0	88
88	1	54
40	0	67
67	1	40
40	0	44
44	1	40
31	0	34
34	1	31
31	0	36
36	1	31
46	0	90
90	1	46
46	0	65
65	1	46
46	0	85
85	1	46
81	0	87
87	1	81
10	0	88
88	1	10
10	0	31
31	1	10
10	0	92
92	1	10
18	0	28
28	1	18
34	0	39
39	1	34
34	0	36
36	1	34
85	0	90
90	1	85
78	0	86
86	1	78
36	0	39
39	1	36
29	0	32
32	1	29
28	0	31
31	1	28
60	0	80
80	1	60
76	0	85
85	1	76
76	0	90
90	1	76
71	0	80
80	1	71
91	0	95
95	1	91
68	0	79
79	1	68
62	0	72
72	1	62
84	0	89
89	1	84
