2	84	0
3	13	1
5	18	4
5	9	5
7	64	6
10	90	10
11	72	11
13	3	5
14	57	4
15	22	12
16	11	13
16	12	14
16	12	15
16	13	16
17	46	17
17	41	18
18	85	19
19	6	20
19	43	21
20	33	22
21	97	14
21	84	11
21	84	0
24	84	6
25	6	24
25	14	25
25	43	26
25	43	27
26	73	28
26	73	14
26	73	29
26	72	13
27	11	30
27	12	18
28	72	19
28	73	31
29	85	0
30	41	18
31	13	32
31	12	31
32	50	11
32	50	0
33	28	33
33	28	34
33	28	13
34	84	35
35	28	36
35	28	13
36	101	37
37	18	38
37	10	39
37	9	40
38	10	13
38	9	41
38	9	42
38	9	43
38	9	44
39	84	45
39	84	37
40	45	46
41	10	13
41	9	47
42	18	13
42	3	28
42	3	29
43	3	28
44	15	48
44	15	49
44	15	50
44	15	51
44	15	52
44	15	53
44	15	54
44	15	55
44	15	56
44	15	4
44	15	40
44	15	57
44	15	58
44	15	59
44	15	24
44	15	15
44	15	25
44	15	60
44	15	61
44	16	14
44	16	42
44	16	62
44	16	40
44	16	18
44	16	44
44	16	22
44	16	5
44	16	63
44	16	28
44	16	64
44	16	41
44	16	43
44	24	65
44	24	34
44	24	66
44	24	67
44	24	13
44	24	30
44	24	1
44	24	68
44	24	25
44	24	69
44	24	70
44	24	71
44	24	72
44	25	73
44	25	74
44	25	75
44	25	76
44	25	77
44	25	78
44	25	79
44	25	80
44	25	81
44	25	82
44	26	78
44	26	26
44	26	80
44	26	83
44	16	5
44	16	63
44	16	18
44	16	54
45	12	84
45	12	85
45	13	86
46	19	87
46	23	5
46	20	88
47	72	13
47	73	89
47	87	90
48	87	34
48	73	14
48	72	58
49	23	12
49	20	91
50	23	5
50	20	92
51	67	48
51	67	41
51	67	93
51	67	44
52	72	50
52	87	66
52	73	89
53	101	94
54	13	95
55	13	55
56	6	25
56	43	96
56	43	97
56	14	40
57	43	74
57	14	4
58	99	98
58	97	5
58	84	99
59	22	100
59	21	4
59	21	101
60	65	102
61	48	89
61	42	103
62	13	104
63	32	90
64	6	13
64	5	105
65	49	4
65	59	5
65	59	57
66	12	41
66	12	93
67	10	24
67	3	40
68	10	106
68	10	25
68	9	18
69	72	99
70	84	101
71	65	103
72	20	107
72	23	5
73	6	30
73	14	108
73	14	109
73	5	110
74	64	99
74	64	69
74	63	98
75	12	111
75	13	112
76	72	20
78	28	24
79	20	25
80	101	103
81	41	110
82	6	13
82	14	113
82	14	114
82	14	4
82	14	115
83	86	98
84	84	116
85	85	20
86	10	24
86	9	117
88	93	98
88	85	95
88	85	101
88	85	118
88	85	99
88	85	119
88	85	6
88	85	120
88	116	5
89	101	103
90	97	5
90	84	20
91	92	121
91	92	122
91	50	99
91	50	123
92	27	98
93	72	118
94	50	101
95	27	124
96	92	98
96	50	118
