50	0	54
54	1	50
50	0	52
52	1	50
50	0	51
51	1	50
50	0	53
53	1	50
10	0	43
43	1	10
10	0	22
22	1	10
10	0	26
26	1	10
10	0	31
31	1	10
16	0	54
54	1	16
16	0	52
52	1	16
16	0	26
26	1	16
16	0	43
43	1	16
16	0	51
51	1	16
16	0	27
27	1	16
16	0	50
50	1	16
29	0	35
35	1	29
29	0	48
48	1	29
29	0	45
45	1	29
29	0	36
36	1	29
36	0	49
49	1	36
36	0	46
46	1	36
3	0	20
20	1	3
3	0	39
39	1	3
3	0	21
21	1	3
3	0	33
33	1	3
34	0	43
43	1	34
11	0	44
44	1	11
11	0	35
35	1	11
28	0	33
33	1	28
28	0	43
43	1	28
28	0	34
34	1	28
28	0	40
40	1	28
35	0	48
48	1	35
35	0	44
44	1	35
35	0	45
45	1	35
18	0	48
48	1	18
18	0	30
30	1	18
33	0	54
54	1	33
33	0	39
39	1	33
33	0	40
40	1	33
33	0	41
41	1	33
33	0	42
42	1	33
24	0	32
32	1	24
24	0	38
38	1	24
14	0	32
32	1	14
14	0	38
38	1	14
14	0	24
24	1	14
22	0	37
37	1	22
22	0	47
47	1	22
22	0	31
31	1	22
22	0	43
43	1	22
51	0	52
52	1	51
51	0	54
54	1	51
51	0	53
53	1	51
27	0	50
50	1	27
27	0	54
54	1	27
27	0	51
51	1	27
27	0	52
52	1	27
27	0	41
41	1	27
53	0	55
55	1	53
41	0	54
54	1	41
2	0	33
33	1	2
2	0	40
40	1	2
17	0	39
39	1	17
17	0	28
28	1	17
17	0	29
29	1	17
15	0	25
25	1	15
20	0	39
39	1	20
31	0	37
37	1	31
31	0	47
47	1	31
46	0	49
49	1	46
12	0	33
33	1	12
12	0	42
42	1	12
12	0	23
23	1	12
48	0	50
50	1	48
23	0	42
42	1	23
23	0	33
33	1	23
32	0	38
38	1	32
9	0	38
38	1	9
45	0	48
48	1	45
4	0	29
29	1	4
37	0	47
47	1	37
52	0	54
54	1	52
