5	0	11
11	1	5
5	0	14
14	1	5
5	0	16
16	1	5
5	0	18
18	1	5
5	0	19
19	1	5
5	0	21
21	1	5
5	0	17
17	1	5
5	0	10
10	1	5
5	0	13
13	1	5
5	0	15
15	1	5
7	0	11
11	1	7
11	0	12
12	1	11
11	0	13
13	1	11
11	0	14
14	1	11
11	0	15
15	1	11
11	0	17
17	1	11
11	0	18
18	1	11
11	0	19
19	1	11
11	0	21
21	1	11
11	0	16
16	1	11
19	0	21
21	1	19
13	0	21
21	1	13
13	0	16
16	1	13
13	0	19
19	1	13
13	0	14
14	1	13
6	0	14
14	1	6
6	0	11
11	1	6
6	0	18
18	1	6
6	0	19
19	1	6
6	0	21
21	1	6
6	0	16
16	1	6
6	0	17
17	1	6
6	0	15
15	1	6
6	0	13
13	1	6
6	0	10
10	1	6
14	0	15
15	1	14
14	0	16
16	1	14
14	0	19
19	1	14
14	0	21
21	1	14
14	0	18
18	1	14
14	0	17
17	1	14
15	0	21
21	1	15
15	0	16
16	1	15
15	0	19
19	1	15
15	0	17
17	1	15
15	0	18
18	1	15
10	0	16
16	1	10
10	0	11
11	1	10
10	0	18
18	1	10
10	0	19
19	1	10
10	0	21
21	1	10
10	0	17
17	1	10
16	0	19
19	1	16
16	0	21
21	1	16
16	0	18
18	1	16
17	0	18
18	1	17
17	0	19
19	1	17
17	0	21
21	1	17
18	0	19
19	1	18
18	0	21
21	1	18
18	0	20
20	1	18
2	0	9
9	1	2
