104	146	212
1170	145	3022
1170	145	3338
1170	145	3731
1170	145	2191
1170	145	2511
1170	145	2171
1170	149	3849
1170	148	3727
1170	148	3731
1170	148	2435
1170	148	2171
214	153	162
214	149	2629
214	149	3600
214	147	727
214	147	1432
214	147	2524
214	147	3604
214	147	2952
214	147	2675
214	148	162
214	148	3593
214	148	2009
214	148	1974
214	148	3118
214	148	2104
214	148	148
214	150	3231
214	151	3099
214	151	3092
214	151	2766
214	151	1985
152	146	33
152	146	2368
152	146	3756
152	146	2948
152	147	1691
152	147	1664
152	147	121
152	147	3540
212	147	3694
212	147	3610
212	147	3064
212	147	2678
212	147	82
212	147	3284
212	147	121
212	147	35
212	147	664
212	147	957
212	146	151
212	146	2096
212	146	2655
212	146	1998
212	146	3001
212	146	3408
212	146	2492
212	146	3123
212	146	2199
212	146	3472
212	146	2544
212	146	1234
212	146	2983
10	147	2000
10	147	3697
10	147	2042
10	147	2573
10	146	212
10	146	33
10	146	73
10	150	2204
10	150	1878
33	147	1691
33	147	1664
33	147	3886
33	147	2841
33	147	1426
33	147	3417
33	147	2864
33	147	2938
33	147	2150
33	147	3094
33	147	2737
33	147	3815
33	147	3540
33	146	152
33	146	162
33	146	1770
33	146	2492
224	147	1460
60	147	2984
60	147	672
60	147	724
60	147	33
60	147	212
60	147	1541
60	147	1823
60	147	1587
60	147	3838
60	147	3052
60	147	664
60	147	1591
60	147	3447
60	147	2535
60	147	1792
60	147	2988
60	147	1793
60	147	3145
60	147	302
60	147	1447
60	148	212
60	148	3420
60	148	10
60	148	672
60	148	2920
60	148	1266
60	148	1889
60	148	2199
60	148	2983
60	153	3546
60	145	212
60	145	2398
60	145	3698
60	145	3028
60	145	2380
60	145	2199
60	145	2983
60	149	2156
60	149	1983
60	149	3465
60	149	1821
60	149	2736
60	149	2102
60	150	2919
60	150	183
162	146	3445
162	146	73
162	146	3365
1658	148	162
1658	147	3695
137	147	33
137	147	1471
137	147	1436
137	147	654
137	147	2467
137	147	2077
137	147	104
137	147	3667
137	147	121
137	147	3823
137	147	593
137	147	1616
137	147	1869
137	147	3190
137	146	151
137	146	654
759	147	1437
236	146	675
236	146	643
236	147	137
604	146	125
604	146	124
35	148	10
35	148	707
35	148	73
35	148	594
35	148	162
35	148	39
35	148	152
35	148	2970
35	148	2488
35	148	137
35	148	1266
35	148	2778
35	148	2359
35	148	2260
35	148	2342
35	148	276
35	148	2861
35	148	2456
35	148	1952
35	148	212
35	148	295
35	148	518
35	148	3118
35	148	2750
35	148	2376
35	148	601
35	148	3575
35	148	3605
35	148	2240
35	148	517
35	148	3688
35	148	33
35	148	2802
35	148	110
35	148	2072
35	148	3406
35	148	3885
35	148	1202
35	148	2063
35	147	364
35	147	121
35	147	2081
35	147	152
35	147	2484
35	147	289
35	147	1948
35	147	2634
35	147	3036
35	147	33
35	147	658
35	147	724
35	147	2725
35	147	2032
35	147	31
35	147	180
35	147	177
35	147	2755
35	147	3707
35	147	2438
35	147	1421
35	147	2739
35	147	251
35	147	3284
35	147	3303
35	147	642
35	147	1055
35	147	202
35	147	3438
35	147	222
35	147	659
35	147	3583
35	147	2254
35	147	723
35	147	672
35	147	37
35	147	668
35	147	2047
35	147	82
35	147	3289
35	147	2922
35	147	375
35	147	3846
35	147	647
35	147	676
35	147	654
35	147	3320
35	147	661
35	147	3063
35	147	1546
35	147	3356
35	147	310
35	147	3670
35	147	2259
35	147	3757
35	147	3601
35	147	2676
35	147	491
35	147	3273
35	147	2992
35	147	254
35	147	3325
35	147	2576
35	147	2536
35	147	1118
35	147	2789
35	147	1425
35	147	2501
35	147	539
35	147	675
35	147	1818
35	147	3722
35	147	2142
35	147	536
35	147	3177
35	147	744
35	147	1963
35	147	41
35	147	3581
35	147	44
35	147	2031
35	147	2344
35	147	779
35	147	3306
35	147	3812
35	147	696
35	147	2532
35	147	340
35	147	1708
35	147	2487
35	147	703
35	147	3473
35	147	3735
35	147	3694
35	147	2656
35	147	2066
35	147	715
35	147	1480
35	147	2753
35	147	2693
35	147	685
35	147	656
35	147	2813
35	147	3881
35	147	2088
35	147	2594
35	147	1799
35	147	3021
35	147	2649
35	147	649
35	147	1922
35	147	2251
35	147	2356
35	147	3808
35	147	1907
35	147	680
35	147	3615
35	147	38
35	147	690
35	147	1106
35	147	3790
35	147	42
35	147	3066
35	147	43
35	147	1924
35	147	3802
35	147	881
35	147	3671
35	147	2620
35	147	3015
35	147	488
35	147	2396
35	147	2172
35	147	3064
35	147	3499
35	147	3297
35	147	2222
35	147	2870
35	147	1867
35	147	1423
35	147	2842
35	147	1426
35	147	1435
35	147	2508
35	147	145
35	147	2265
35	147	3579
35	147	663
35	147	2592
35	147	3223
35	147	3773
35	147	2980
35	147	1798
35	147	1910
35	147	3485
35	147	3796
35	147	648
35	147	1090
35	147	1594
35	147	3251
35	147	2274
35	147	629
35	147	628
35	147	617
35	147	637
35	147	3256
35	147	2021
35	147	3743
35	147	667
35	147	2244
35	147	3454
35	147	32
35	147	410
35	147	407
35	147	2149
35	147	2319
35	147	2770
35	147	2037
35	147	2896
35	147	3418
35	147	426
35	147	3265
35	147	3898
35	147	2814
35	147	2281
35	147	2020
35	147	2258
35	147	465
35	147	691
35	147	1547
35	147	2203
35	147	2055
35	147	3294
35	147	3597
35	147	3729
35	147	2253
35	147	909
35	147	644
35	147	1538
35	147	405
35	147	3096
35	147	3804
35	147	3792
35	147	3879
35	147	3423
35	147	640
35	147	2953
35	147	2815
35	147	2148
35	147	1548
35	147	486
35	147	3131
35	147	84
35	147	87
35	147	1445
35	147	704
35	147	1953
35	147	2246
35	147	3277
35	147	3724
35	147	3637
35	147	3227
35	147	2044
35	147	878
35	147	2720
35	147	1422
35	147	3180
35	147	533
35	147	643
35	147	1819
35	147	3441
35	147	3152
35	147	530
35	147	3844
35	147	1132
35	147	2538
35	147	1891
35	147	319
35	147	3437
35	147	3699
35	147	2637
35	147	2197
35	147	2115
35	147	2591
35	147	489
35	147	3793
35	147	282
35	147	2314
35	147	3739
35	147	291
35	147	2466
35	147	3360
35	147	664
35	147	3585
35	147	83
35	147	88
35	147	1431
35	147	3627
35	147	726
35	147	880
35	147	1627
35	147	2302
35	147	3366
35	147	630
35	147	631
35	147	618
35	147	638
35	147	3339
35	147	3313
35	147	650
35	147	279
35	147	2393
35	147	1016
35	147	686
35	147	487
35	147	2569
35	147	1870
35	147	674
35	147	2477
35	147	2389
35	147	2454
35	147	2196
35	147	3656
35	147	2988
35	147	2462
35	147	3751
35	147	2333
35	147	3004
35	147	3407
35	147	485
35	147	3880
35	147	662
35	147	2603
35	147	3204
35	147	2749
35	147	2805
35	147	3196
35	147	3787
35	147	2787
35	147	1920
35	147	669
35	147	3592
35	147	1865
35	147	2131
35	147	1914
35	149	831
35	149	3307
35	149	3079
35	149	1912
35	149	2932
35	149	3862
35	149	2773
35	149	3781
35	149	1698
35	149	179
35	149	178
35	149	844
35	149	3672
35	149	3713
35	149	2082
35	149	3720
35	149	2801
35	149	1022
35	149	747
35	149	2318
35	149	2290
35	149	1019
35	149	769
35	149	1128
35	149	2234
35	149	3060
35	149	3851
35	149	3040
35	149	2947
35	149	2589
35	149	2567
35	149	540
35	149	3255
35	149	889
35	149	2593
35	149	3067
35	149	371
35	149	3685
35	149	2144
35	149	1817
35	149	1150
35	149	1061
35	149	1102
35	149	3031
35	149	823
35	149	2548
35	149	2324
35	149	795
35	149	2279
35	149	2871
35	149	3377
35	149	3247
35	149	3667
35	149	463
35	149	3268
35	149	2907
35	149	941
35	149	1041
35	149	2575
35	149	2109
35	149	3085
35	149	1706
35	149	409
35	149	408
35	149	3510
35	149	812
35	149	2793
35	149	755
35	149	1058
35	149	3733
35	149	2666
35	149	2361
35	149	3113
35	149	3623
35	149	2563
35	149	86
35	149	2242
35	149	861
35	149	3691
35	149	2529
35	149	2746
35	149	2355
35	149	2929
35	149	3749
35	149	534
35	149	3480
35	149	2123
35	149	794
35	149	3536
35	149	1064
35	149	866
35	149	996
35	149	2230
35	149	832
35	149	1013
35	149	2999
35	149	2942
35	149	2811
35	149	3165
35	149	85
35	149	2523
35	149	3823
35	149	329
35	149	2151
35	149	3083
35	149	833
35	149	1002
35	149	2164
35	149	892
35	149	436
35	149	3106
35	149	2583
35	149	1973
35	149	908
35	149	1060
35	149	3507
35	149	966
35	149	836
35	149	3317
35	149	3766
35	145	621
35	145	10
35	145	39
35	145	73
35	145	2198
35	145	599
35	145	622
35	145	598
35	151	48
35	151	1818
35	151	744
35	151	420
35	151	1106
35	151	173
35	151	1819
35	151	47
35	153	73
35	153	10
35	153	39
35	153	276
35	153	162
35	153	2456
35	153	2750
35	153	3789
35	153	3605
35	153	3050
35	153	2802
35	153	3419
35	153	2402
35	150	1080
35	150	152
35	150	871
35	150	137
35	150	1860
35	150	3283
35	150	3162
35	150	2758
35	150	3273
35	150	3725
35	150	3383
35	150	3233
35	150	2745
35	150	2056
35	150	2535
35	150	3145
363	148	212
363	147	364
363	147	1446
121	146	33
121	146	137
121	146	2698
121	146	3716
121	146	2584
121	146	2674
121	147	33
121	147	658
121	147	177
121	147	137
121	147	2050
121	147	3478
121	147	117
121	147	3175
121	147	2489
121	147	3291
121	147	667
121	147	407
121	147	3417
121	147	3797
121	147	2357
121	147	210
121	147	2133
121	147	3431
121	147	306
121	147	113
121	147	2209
121	147	2113
121	147	3355
121	147	3301
121	147	1893
1646	147	364
831	147	364
594	146	152
594	146	212
621	146	162
289	146	152
289	146	3304
289	146	3736
289	147	3351
289	147	2662
1394	148	212
528	148	707
350	150	212
1115	150	3039
82	147	121
82	147	1885
82	147	2035
82	147	2050
82	147	3757
82	147	2239
82	147	3662
82	147	236
82	147	2649
82	147	3361
82	147	1897
82	147	3485
82	147	2451
82	147	3848
82	147	1463
82	147	3417
82	147	2543
82	147	2679
82	147	2357
82	147	2197
82	147	3387
82	147	2691
82	147	2389
82	147	1971
82	147	3399
82	147	2472
82	147	137
82	147	2113
82	147	3204
82	147	2443
82	147	3301
82	147	2276
82	147	3274
82	146	33
82	146	121
82	146	137
82	146	3342
1033	147	529
1830	148	152
1830	148	212
1842	150	33
1842	147	152
1842	147	33
1842	149	3041
1842	149	2286
73	146	3118
73	146	2970
73	146	2488
73	146	10
671	147	684
671	147	2116
671	147	2786
684	147	2116
1135	147	671
1135	147	684
1135	147	2786
39	146	276
39	146	1369
134	148	137
1273	148	212
1273	147	121
1273	147	658
845	147	2725
1698	147	1699
36	148	212
36	148	137
36	148	152
36	147	31
36	147	33
31	147	33
180	147	177
179	147	121
179	147	180
179	147	177
179	147	3707
178	147	121
178	147	180
178	147	177
1178	148	2949
1178	147	1421
110	146	212
45	148	212
45	148	110
45	147	33
45	147	2903
45	147	121
45	147	48
1393	148	212
1393	147	430
844	147	2739
1770	146	212
1770	146	33
1770	146	137
1402	148	3445
1402	147	1432
1432	147	727
1432	146	727
1654	147	1652
1654	148	3354
1656	148	10
1656	148	2260
1111	147	33
1111	147	206
1111	147	187
468	148	137
468	148	10
468	145	137
468	149	2626
468	149	3232
468	147	33
468	147	1588
9	146	8
9	146	1340
242	147	695
242	147	670
242	147	1885
242	147	33
242	147	712
242	147	730
242	147	2035
242	147	2094
242	147	706
242	147	455
242	147	121
242	147	3516
242	147	3148
242	147	645
242	147	714
242	147	3662
242	147	1986
242	147	2838
242	147	2772
242	147	2416
242	147	682
242	147	665
242	147	3361
242	147	1989
242	147	683
242	147	3432
242	147	3692
242	147	2921
242	147	646
242	147	243
242	147	3798
242	147	2475
242	147	3887
242	147	3718
242	147	3825
242	147	673
242	147	2378
242	147	615
242	147	2051
242	147	627
242	147	3314
242	147	681
242	147	2768
242	147	3390
242	147	3328
242	147	2178
242	147	401
242	147	332
242	147	725
242	147	152
242	147	3680
242	147	3651
242	147	1467
242	147	962
242	147	3023
242	147	3752
242	147	2728
242	147	2504
242	147	639
242	147	692
242	147	1897
242	147	1540
242	147	82
242	147	721
242	147	722
242	147	679
242	147	2543
242	147	2352
242	147	1586
242	147	2545
242	147	2607
242	147	3226
242	147	2374
242	147	1539
242	147	1451
242	147	989
242	147	2053
242	147	2337
242	147	597
242	147	718
242	147	3213
242	147	3163
242	147	719
242	147	657
242	147	699
242	147	3387
242	147	672
242	147	3267
242	147	1585
242	147	3137
242	147	2578
242	147	724
242	147	3777
242	147	593
242	147	2754
242	147	3045
242	147	2960
242	147	3369
242	147	2119
242	147	651
242	147	2291
242	147	616
242	147	2528
242	147	2212
242	147	3856
242	147	2209
242	147	967
242	147	2760
242	147	367
242	147	3128
242	147	3831
242	147	3630
242	147	697
242	147	652
242	147	2276
242	147	688
242	147	709
242	147	3274
242	147	302
242	147	3133
242	147	711
242	147	3721
242	147	3573
242	147	2961
242	147	655
242	148	10
242	148	3875
242	148	73
242	148	2233
242	148	2798
242	148	2320
242	148	3828
242	148	3894
242	148	212
242	148	1404
242	148	2485
242	148	3674
242	148	39
242	148	257
242	148	2391
242	148	2635
242	148	2268
242	148	3105
242	148	1246
242	148	2048
242	148	3005
242	148	2982
242	148	443
242	148	2414
242	148	2658
242	148	2732
242	148	2099
242	149	1110
242	149	3103
242	149	2823
242	149	1072
242	149	3481
242	149	903
242	149	2019
242	149	3587
242	149	751
242	149	2692
242	149	3275
242	149	2467
242	149	2852
242	149	3146
242	149	1027
242	149	3624
242	149	754
242	149	734
242	149	2213
242	149	3124
242	149	2077
242	149	2269
242	149	437
242	149	115
242	149	117
242	149	1120
242	149	2075
242	149	626
242	149	2179
242	149	3386
242	149	777
242	149	3878
242	149	2850
242	149	572
242	149	964
242	149	2431
242	149	819
242	149	1024
242	149	1284
242	149	856
242	149	3520
242	149	2541
242	149	2562
242	149	2788
242	149	934
242	149	1062
242	149	2945
242	149	893
242	149	118
242	149	113
242	149	756
242	149	3578
242	149	625
242	149	2390
242	149	2483
242	149	1137
242	149	2638
242	149	2226
242	149	571
242	149	1066
242	149	787
242	149	818
242	149	1053
242	150	3397
242	150	69
242	150	2130
242	150	68
242	150	137
242	150	3490
242	150	3082
242	153	2798
242	153	3894
242	153	10
242	145	73
242	145	1369
242	145	2982
242	145	2732
1267	146	212
1031	147	1885
1110	147	1885
1147	150	33
1147	150	212
1147	148	1266
1147	148	1340
1147	147	33
1232	147	188
1232	148	10
544	148	1428
544	148	1267
544	148	1251
544	148	1352
544	148	1350
544	148	1238
544	148	1233
544	148	1395
544	148	1185
544	148	1410
553	147	554
553	147	2169
1307	147	1428
666	147	1428
249	148	212
249	147	251
249	147	1055
250	148	73
250	147	251
835	147	251
974	147	642
642	147	251
516	147	251
244	147	251
244	147	121
244	148	73
251	147	121
1262	147	251
1262	147	121
1262	148	212
912	147	251
1702	147	251
1702	148	212
1264	147	1814
1264	147	1429
1297	148	212
1297	147	33
1294	148	1266
746	148	212
1792	147	1793
220	148	212
220	147	222
700	147	35
1276	147	33
1276	147	800
1276	148	212
1017	147	2537
1017	147	222
222	147	3285
222	147	1459
166	148	1770
166	148	212
166	147	1823
166	147	2984
166	147	1682
887	145	3593
1080	147	33
1080	147	2249
998	148	212
1057	148	73
1745	150	10
797	150	212
721	146	3338
721	146	2511
1542	147	35
1542	147	3750
1542	147	152
1552	147	1550
1550	147	3443
1778	147	3583
1336	148	212
1336	147	2501
1336	147	3180
1336	147	971
1336	147	1076
1336	146	3616
1336	146	1998
1336	146	1359
1336	146	1993
1336	146	3095
1336	146	2539
1336	146	3711
1336	146	3609
1336	146	2602
586	148	3118
586	147	152
1537	147	2288
69	150	3397
69	147	33
94	152	2779
94	147	3590
57	150	3397
1263	148	212
1347	148	212
1347	147	94
65	150	3397
67	150	3397
838	147	94
1072	147	94
92	148	212
92	147	94
263	146	3219
263	146	3658
263	146	1876
672	146	212
672	146	1587
1338	148	212
1338	147	121
1012	148	73
1200	148	212
1762	148	73
1762	147	392
392	147	152
393	147	392
174	150	1997
174	147	175
175	147	1997
654	147	2895
654	147	3482
654	147	1549
654	147	1544
654	146	33
717	146	188
717	147	3039
717	147	212
1228	147	2984
1228	147	1682
1228	148	1770
1644	148	127
1644	147	1645
1644	147	3300
1428	147	634
1428	147	2559
1428	147	3538
1362	146	212
1620	148	212
1620	148	110
1620	147	1880
264	148	212
1296	148	212
1296	147	723
167	148	10
167	148	162
1723	148	10
1043	148	10
498	148	3118
1251	146	212
905	147	2035
903	147	2035
545	147	558
545	147	3816
1406	147	1428
871	147	33
871	147	2574
865	148	212
869	148	73
1744	150	10
1786	148	2111
1164	146	212
1164	146	137
1164	146	3727
1604	147	33
1604	147	1603
1604	148	212
360	147	361
1826	148	212
327	147	224
1628	147	1443
681	147	82
681	146	212
681	146	3677
1349	148	212
1349	147	375
296	148	73
296	147	375
740	147	375
781	147	647
647	147	375
1397	147	375
1397	147	1813
1397	147	1440
374	147	375
375	147	121
1372	147	375
1372	147	121
1372	148	212
926	147	375
1719	147	375
1719	148	212
1398	148	212
1398	147	33
1224	148	1266
808	148	212
68	150	2130
68	147	33
93	152	2779
93	147	2126
56	150	2130
1160	148	212
1250	148	212
1250	147	93
64	150	2130
66	150	2130
825	147	93
751	147	93
91	148	212
91	147	93
1409	148	10
1409	148	212
1409	147	676
827	150	3039
1022	149	3788
1022	149	3530
747	147	137
747	147	654
747	149	35
747	149	3853
747	149	3203
1282	147	3320
1282	147	661
1282	148	212
308	148	212
308	147	310
728	147	35
1235	147	33
1235	147	816
1235	148	212
806	147	3140
806	147	310
310	147	2800
310	147	1476
807	145	2009
1123	147	3670
853	148	212
769	148	39
769	148	212
769	147	681
1280	148	212
1280	147	272
1724	147	272
1641	147	2984
1641	147	1823
1641	147	1447
1641	148	212
202	147	254
202	147	201
202	147	282
253	147	254
253	147	202
253	148	162
1118	147	82
1118	147	2751
14	153	2971
14	153	2173
14	147	236
14	147	1427
14	147	1118
14	147	1464
14	147	878
14	150	236
14	149	2712
14	149	3060
14	149	2706
14	149	3691
14	151	2105
14	151	62
14	151	3884
14	151	61
14	148	2299
14	148	101
14	148	2358
14	148	3534
14	148	100
1194	148	212
1194	147	1425
1427	147	1866
1213	148	212
438	148	161
438	148	3414
438	147	1427
1353	146	33
1730	147	1425
735	147	675
735	147	681
735	147	1818
735	147	643
735	147	1819
735	149	35
1746	148	1266
1425	147	3619
536	147	2751
537	147	536
382	147	33
382	147	3177
89	148	110
1201	148	212
1588	147	33
527	147	744
527	147	2969
527	147	41
527	147	3581
527	147	44
527	149	3728
527	148	10
527	148	1266
744	147	121
41	147	527
41	147	121
41	147	3581
41	147	44
44	147	3581
602	149	3255
1292	147	44
1292	148	1336
1292	148	1241
1241	146	3616
1759	147	44
1759	147	2031
1759	148	212
945	147	717
945	150	3039
945	150	212
945	150	188
945	148	162
1119	147	717
1119	150	3039
1119	150	212
1119	150	188
1119	148	162
1151	147	779
980	147	702
1513	152	1998
53	150	2513
1820	146	10
1138	148	10
995	148	212
230	148	231
1242	148	212
1242	147	696
1074	148	10
90	148	110
1352	146	212
1142	147	3662
1027	147	3662
552	147	557
552	147	3675
1388	147	1428
694	147	3572
223	147	3738
338	148	212
338	147	340
713	147	35
1403	147	33
1403	147	1046
1403	148	212
1139	147	2994
1139	147	340
340	147	3201
340	147	1418
1376	148	1770
820	145	1974
1210	146	212
1310	148	212
1661	148	162
1661	148	73
1688	148	162
576	148	162
458	145	73
240	148	231
240	147	241
975	148	73
1691	147	188
1691	147	727
813	149	214
1690	147	1691
1689	148	162
1689	147	1691
1407	148	212
1407	147	33
1687	148	1686
419	148	3416
419	147	420
420	147	82
1726	147	3682
267	148	3118
1100	148	3118
1100	147	2685
809	148	3118
809	148	2935
809	148	3126
809	147	188
715	146	152
1385	148	212
1385	148	2260
1385	147	1480
1385	150	137
1340	146	212
1785	148	2468
1259	148	212
1259	147	689
1643	148	104
1643	148	2645
1643	148	3512
1645	147	3300
1645	147	212
1331	148	9
1331	147	33
1408	148	3445
1660	148	162
1660	148	73
1659	148	162
575	148	162
208	145	73
466	148	231
466	147	241
765	148	73
1664	147	188
1664	147	727
1663	147	1664
1662	148	162
1662	147	1664
1157	146	73
915	148	73
1006	148	10
417	149	2385
1271	148	212
1739	148	212
266	147	656
266	147	2225
266	147	2026
266	147	663
266	147	3870
266	147	3379
266	145	3249
266	145	3859
266	149	3315
266	149	3409
266	149	2071
266	149	2311
266	151	2153
266	151	656
266	151	1871
266	151	2731
266	151	663
266	151	3008
266	148	2061
266	148	3253
656	147	2225
656	147	2649
656	147	2026
656	147	82
1188	148	212
1188	147	656
265	147	2153
265	147	656
265	147	3051
454	147	121
568	147	569
567	147	82
567	150	33
698	147	2088
698	147	82
947	147	698
947	147	2088
947	147	82
1799	147	3778
1781	147	137
428	147	33
1350	146	212
1039	147	3361
754	147	3361
551	147	559
551	147	2437
1328	147	1428
1365	148	212
520	147	33
1771	148	1770
1771	148	3147
1150	148	73
1150	147	1470
1470	147	681
275	150	2912
274	150	2912
217	148	73
217	148	2861
217	147	219
218	148	2861
218	147	219
1332	146	212
1211	148	212
990	147	683
683	147	242
1143	147	683
1143	149	242
211	149	3102
1261	147	960
1261	148	1993
1261	148	1336
1261	148	1999
1021	147	3692
734	147	3692
1102	147	137
1102	147	654
1102	149	35
1102	149	2530
1102	149	2553
1245	147	1907
1245	147	680
1245	148	212
1295	146	33
608	147	137
140	147	137
965	147	121
1415	147	236
1415	148	161
234	147	236
234	147	121
235	147	236
235	147	121
165	148	137
606	148	604
606	148	605
606	148	212
850	150	33
850	150	3332
850	147	3610
52	150	2513
232	148	3038
1308	148	10
1308	148	212
1308	147	690
963	150	3039
1380	148	212
1821	148	2918
1821	148	148
1821	147	1823
1351	148	212
511	147	1106
511	147	3746
511	147	42
511	147	3066
511	147	43
511	149	3663
511	149	2227
511	150	2373
511	148	10
511	148	1266
1106	147	121
1608	148	1266
1608	147	1106
42	147	511
42	147	121
42	147	3066
42	147	43
43	147	3066
603	149	3031
1383	147	43
1383	148	1336
1383	148	1191
1191	146	3095
1760	147	43
1760	147	1924
1760	148	212
1098	147	717
1098	150	3039
1098	150	212
1098	150	188
1098	148	162
923	147	717
923	150	3039
923	150	212
923	150	188
923	148	162
1175	147	881
1049	147	708
1281	148	212
1281	147	705
1333	148	9
1333	147	33
589	150	33
589	149	477
589	147	488
477	147	488
477	147	2396
477	147	478
477	153	2940
477	149	2962
488	147	589
488	147	212
1312	147	488
1312	147	2396
1312	147	478
1312	148	212
1312	148	73
23	146	212
198	147	447
198	147	2540
198	147	314
198	147	2957
198	147	359
198	147	3462
198	147	199
198	147	2015
198	149	477
198	149	2458
198	149	2962
198	149	481
198	149	3640
198	149	1902
198	149	484
198	149	3362
198	149	3497
198	149	480
198	149	2846
198	149	2394
198	150	430
906	149	1737
1737	149	906
445	149	446
1584	152	23
1584	152	26
1584	152	25
1584	152	24
1158	148	73
1364	148	1955
1769	147	33
1769	147	152
430	147	3468
430	147	2165
430	147	477
430	147	121
430	147	1275
430	147	2883
430	147	3897
430	147	481
430	147	1187
430	147	3290
430	147	1927
430	147	484
430	147	2648
430	147	2878
430	147	480
257	146	39
257	146	2471
1299	147	3825
1299	147	673
1299	148	212
114	150	3150
114	147	2378
114	147	3686
114	147	472
1073	147	3329
627	146	152
627	147	2841
627	147	2737
1120	150	3150
1120	151	3686
1120	149	2867
615	147	2460
626	150	2579
626	149	3161
626	147	627
1474	147	2841
1710	147	2841
1710	147	1474
258	148	257
258	148	152
777	147	681
572	148	257
1666	147	2872
1181	146	212
1288	147	332
1288	147	725
1288	147	1462
1288	148	212
331	147	332
1703	147	884
624	147	332
623	147	332
172	148	3222
172	147	173
173	147	82
461	148	3118
149	148	110
149	147	150
570	148	212
433	146	212
433	146	137
273	150	33
273	150	3554
273	147	33
1239	146	152
453	148	212
453	148	33
453	148	152
453	148	3890
397	147	398
1695	148	10
1695	147	1696
1337	146	33
609	147	137
321	147	137
1014	147	121
1248	147	236
1248	148	161
372	147	236
372	147	121
373	147	236
373	147	121
607	148	604
607	148	605
607	148	212
1059	150	33
1059	150	3296
1059	147	2678
1221	148	212
1221	147	1467
1221	147	962
1467	147	263
962	147	1467
962	147	1221
962	147	1432
1366	148	212
1366	147	3752
1366	147	962
1756	147	263
252	149	3179
1159	147	1081
1159	148	2539
1159	148	1336
1159	148	2652
914	147	2504
819	147	2504
1322	148	212
1322	148	2260
1322	147	1435
1322	150	137
1152	148	212
1152	147	33
1152	147	145
1152	147	1472
911	147	82
1712	148	212
1712	147	145
1812	147	145
1848	147	145
1834	148	152
1838	150	33
1838	147	152
1838	147	33
1838	149	3377
1838	149	1964
518	146	152
518	146	212
599	146	162
1399	148	212
494	148	707
71	150	212
1149	150	3039
979	148	73
979	148	212
979	147	707
979	147	285
979	147	286
979	147	287
979	147	2480
979	147	1721
979	147	128
979	147	130
979	147	129
979	147	1722
979	150	212
979	149	3501
979	149	2322
144	148	212
144	147	145
1701	147	206
127	150	3518
127	150	2566
127	147	3065
127	147	285
127	147	286
127	147	287
127	147	2480
127	147	1540
127	147	2406
127	147	128
127	147	130
127	147	129
127	147	1539
1238	146	212
1127	147	1897
1024	147	1897
547	147	556
547	147	3551
1154	147	1428
1673	146	33
663	147	3870
663	147	3485
663	147	3379
663	147	82
1317	148	212
1317	147	663
451	147	2731
451	147	663
451	147	2785
343	147	121
542	147	543
566	147	82
566	150	33
653	147	3773
653	147	82
931	147	653
931	147	3773
931	147	82
1798	147	3174
1780	147	137
388	150	152
388	147	33
284	147	2186
284	147	285
284	147	286
284	147	287
285	147	286
285	147	287
285	147	2480
286	147	2480
287	147	286
803	147	286
803	147	287
803	147	2480
803	147	1721
1721	147	3501
859	150	212
1302	149	35
1592	147	1594
1593	147	1594
1090	147	1285
1640	147	137
1640	147	33
1640	147	3709
1640	150	212
1640	150	3370
462	150	33
462	147	121
462	147	137
462	147	152
462	147	3214
462	147	2274
462	149	2892
463	147	152
1034	150	3641
1034	147	721
1034	147	707
1034	148	73
79	147	82
637	147	2451
473	148	73
473	148	2750
334	147	1866
840	148	73
298	148	137
1413	148	212
1413	147	121
1413	147	667
993	147	2244
1706	147	1707
1705	148	162
1705	147	33
1705	147	2734
1705	147	2149
1705	149	1704
1705	150	152
1704	147	33
1704	150	33
32	147	33
34	147	32
34	147	33
410	147	407
409	147	121
409	147	410
409	147	407
409	147	2319
408	147	121
408	147	410
408	147	407
1219	148	3254
1219	147	1421
1206	146	212
1206	146	137
1206	146	2435
1605	147	33
1605	147	1602
1605	148	212
362	147	361
1827	148	212
225	147	224
1606	147	1443
1155	148	3445
1208	148	212
1205	146	212
1205	146	137
153	148	1336
153	147	155
155	146	33
141	148	39
194	148	212
194	147	195
1463	147	1405
1463	147	121
228	147	82
228	147	121
228	147	2694
228	147	3446
228	148	39
228	151	2694
228	150	3446
898	147	361
424	148	212
424	147	426
710	147	35
1198	147	33
1198	147	1107
1198	148	212
918	147	2663
918	147	426
426	147	3522
426	147	1465
929	145	2104
780	150	3725
780	147	2688
780	147	1442
1442	147	2688
1233	146	212
842	147	2543
856	147	2543
546	147	555
546	147	2202
1249	147	1428
587	147	465
464	147	465
812	147	691
812	147	2011
1815	147	465
1816	147	465
1693	147	1694
1693	147	3903
773	150	3233
773	147	3557
773	147	1461
1461	147	3557
1153	148	212
1153	148	73
1153	147	909
1275	148	3711
1275	148	1336
1275	147	121
991	150	430
991	147	121
1824	148	212
1824	147	644
755	147	33
755	150	263
778	148	263
526	147	525
526	148	212
190	147	33
190	147	1590
190	147	191
190	148	212
1590	147	33
1590	147	2352
191	147	2864
191	147	121
1113	147	191
1113	148	242
1113	148	3502
1697	147	191
677	147	1945
1589	147	677
1589	147	1590
741	148	73
741	147	677
950	147	677
834	147	1586
404	148	212
404	147	405
404	147	1439
1677	147	405
1058	147	405
601	146	152
601	146	212
622	146	162
1183	148	212
514	148	707
213	150	212
885	150	3039
913	147	515
1833	148	152
1833	148	212
1837	150	33
1837	147	152
1837	147	33
1837	149	3621
1837	149	2937
678	147	693
678	147	2116
678	147	2040
693	147	2116
952	147	678
952	147	693
952	147	2040
1217	148	212
1217	147	33
1290	148	212
126	147	2070
126	147	128
126	147	130
126	147	129
128	147	130
128	147	129
128	147	2480
130	147	2480
129	147	130
1032	147	130
1032	147	129
1032	147	2480
1032	147	1722
1722	147	2322
1551	147	1545
1545	147	3443
1779	147	2815
590	150	33
590	149	481
590	147	486
481	147	486
481	147	3131
481	147	479
481	153	1972
481	149	1902
486	147	590
486	147	212
1318	147	486
1318	147	3131
1318	147	479
1318	148	212
1318	148	73
26	146	212
1084	149	1735
1735	149	1084
312	149	313
1400	148	73
1197	148	3562
1767	147	33
1767	147	152
1253	147	84
1253	148	212
86	147	87
86	147	84
86	147	3276
84	147	3723
84	147	35
1595	148	1340
1231	147	84
1787	147	152
1787	147	33
1007	149	35
1007	148	3789
1289	148	212
519	147	33
1772	148	1770
1772	148	3147
245	150	3187
246	150	3187
354	148	73
354	148	3575
354	147	356
355	148	3575
355	147	356
878	147	82
878	147	1988
1384	148	212
1384	147	1422
1464	147	1866
1199	148	212
259	148	161
259	148	2897
259	147	1464
1330	146	33
1728	147	1422
1747	148	1266
1422	147	2404
530	147	1988
531	147	530
378	147	33
378	147	3844
1278	146	212
1132	147	2679
46	148	212
46	148	110
46	147	33
46	147	2795
46	147	121
46	147	47
1218	148	212
1218	147	430
794	147	2538
1360	148	3445
1360	147	1432
1655	147	1653
1655	148	3363
1237	148	212
1237	147	1451
1237	147	989
1451	147	183
989	147	1451
989	147	1237
989	147	1432
1193	148	212
1193	147	2337
1193	147	989
1754	147	183
1246	146	212
1216	146	212
341	148	1336
341	147	155
897	147	361
1171	146	212
1304	147	597
1304	147	718
1304	147	1448
1304	148	212
1720	147	1028
596	147	597
595	147	597
1345	148	212
319	147	3437
1797	147	319
442	148	212
442	147	152
318	148	212
318	147	319
1634	148	3495
1629	148	212
1629	148	263
1629	147	33
1629	147	3658
1003	146	1340
1003	146	3649
1631	148	2924
1631	148	263
1631	148	2627
1630	148	263
1630	148	212
1630	147	3658
805	148	212
805	147	33
719	147	242
1681	148	1998
503	147	504
233	148	212
1122	149	242
1122	149	3170
1122	149	2618
1122	149	2769
1122	149	1849
1122	148	10
1122	147	3556
1015	147	3184
1015	150	1232
1015	150	3706
978	150	3273
978	147	121
579	148	10
579	147	2401
579	147	581
580	147	582
943	147	3699
1078	148	212
866	148	39
866	148	212
866	147	681
1258	148	212
1258	147	326
1718	147	326
281	147	282
281	147	202
281	148	162
1161	148	212
832	147	2314
429	148	212
429	147	430
771	150	152
771	149	832
1298	148	212
1298	147	33
1298	147	291
1298	147	1466
1030	147	82
1711	148	212
1711	147	291
1811	147	291
1847	147	291
1835	148	152
1836	150	33
1836	147	152
1836	147	33
1836	149	2811
1836	149	2003
517	146	152
517	146	212
598	146	162
1274	148	212
493	148	707
70	150	212
772	150	3039
290	148	212
290	147	291
1700	147	187
1176	146	151
1395	146	212
939	147	3387
1062	147	3387
549	147	562
549	147	1901
1252	147	1428
1382	147	83
1382	148	212
85	147	88
85	147	83
85	147	2252
83	147	2843
83	147	35
1635	148	1340
1354	147	83
1788	147	152
1788	147	33
904	149	35
904	148	3050
209	148	1998
209	148	1925
209	148	3609
209	147	121
209	147	210
210	146	212
210	146	33
720	147	121
1316	149	35
1625	147	1627
1626	147	1627
880	147	1326
1683	147	137
1683	147	33
1683	147	3384
1683	150	212
1683	150	3018
328	150	33
328	147	121
328	147	137
328	147	152
328	147	2716
328	147	3366
328	149	2917
329	147	152
78	147	82
638	147	2691
475	148	73
475	148	2802
391	147	1866
917	148	73
1358	148	212
279	147	2393
1725	147	279
176	148	212
176	147	152
278	148	212
278	147	279
305	148	1998
305	148	2781
305	148	3609
305	147	121
305	147	306
306	146	212
306	146	33
660	147	121
1411	148	3445
1591	146	1905
1174	148	212
1174	148	73
1174	147	1016
1187	148	2602
1187	148	1336
1187	147	121
791	150	430
791	147	121
1825	148	212
1825	147	686
925	148	263
578	147	577
578	148	212
157	147	33
157	147	1638
157	147	158
157	148	212
1638	147	33
1638	147	3267
158	147	2150
158	147	121
875	147	158
875	148	242
875	148	3645
1729	147	158
716	147	3410
1637	147	716
1637	147	1638
984	148	73
984	147	716
798	147	716
737	147	1585
588	150	33
588	149	484
588	147	487
484	147	487
484	147	2569
484	147	483
484	153	3248
484	149	3497
487	147	588
487	147	212
1414	147	487
1414	147	2569
1414	147	483
1414	148	212
1414	148	73
25	146	212
826	149	1736
1736	149	826
357	149	358
1374	148	73
1313	148	2238
1768	147	33
1768	147	152
969	147	957
969	147	3795
1346	146	212
1684	148	1931
1684	148	1346
170	148	212
1801	147	1802
1348	148	212
1348	147	674
449	150	1147
448	150	1147
1334	147	3777
1334	147	593
1334	148	110
1334	148	212
1008	148	212
1616	147	593
229	148	212
325	147	593
325	148	73
1795	148	263
1795	147	593
593	147	2271
1671	145	1340
469	148	2982
1048	147	1478
1672	148	33
1672	148	3541
1672	147	1673
774	147	694
758	147	361
1068	147	361
814	148	10
932	148	212
399	148	231
1189	147	841
1370	148	212
1370	147	33
160	147	159
634	147	2559
390	148	137
1713	150	212
1713	150	3097
1343	146	137
1715	148	212
1715	147	896
632	151	3206
1341	146	73
972	148	73
443	146	39
443	146	3639
1225	147	2119
1225	147	651
1225	148	212
116	150	3150
116	147	2291
116	147	3467
116	147	422
1146	147	3293
756	150	3150
756	151	3467
756	149	3019
616	147	1969
625	150	2978
625	149	2297
625	147	627
625	147	152
1430	147	2737
1709	147	2737
1709	147	1430
444	148	443
444	148	152
1137	147	681
571	148	443
967	147	2760
967	147	2737
1692	147	3199
450	148	212
505	147	509
508	148	212
508	147	509
509	147	724
1417	147	82
1417	147	2113
386	148	707
1773	148	212
1773	147	1417
1773	147	2623
1831	148	2338
1179	148	212
1196	147	33
971	147	3355
788	148	73
385	147	971
385	147	3407
1845	147	971
384	148	73
384	147	971
1841	147	3648
591	150	33
591	149	480
591	147	485
480	147	485
480	147	3880
480	147	482
480	153	3644
480	149	2394
485	147	591
485	147	212
1220	147	485
1220	147	3880
1220	147	482
1220	148	212
1220	148	73
24	146	212
782	149	1733
1733	149	782
196	149	197
1222	148	73
1287	148	3702
1766	147	33
1766	147	152
1180	148	212
1180	147	662
376	150	1147
377	150	1147
1843	147	3630
506	147	510
507	148	212
507	147	510
510	147	724
1433	147	82
1433	147	3301
415	148	707
1774	148	212
1774	147	1433
1774	147	2845
1832	148	3834
1095	150	2219
1095	147	1424
1424	147	212
1609	148	212
1609	147	33
1609	147	1610
1185	146	212
1001	147	2276
787	147	2276
548	147	561
548	147	3571
1190	147	1428
1401	148	212
1378	147	33
1076	147	1893
922	148	73
412	147	1076
412	147	1920
1846	147	1076
411	148	73
411	147	1076
1840	147	3081
1410	146	212
1044	147	3274
818	147	3274
550	147	560
550	147	3286
1386	147	1428
1361	148	212
1361	147	711
763	148	212
600	148	212
301	147	302
770	149	242
1618	148	137
1618	148	212
1618	147	592
1618	147	2188
1618	150	3439
1619	150	137
1619	150	3439
1619	147	592
499	148	212
163	147	592
163	148	73
1796	148	263
1796	147	592
1371	148	2732
1371	148	73
916	147	1478
894	147	694
828	147	361
992	147	361
1005	150	212
1005	148	212
1202	147	669
1091	150	2307
1091	147	33
1192	148	212
938	147	3592
836	147	3592
1229	147	1109
280	147	159
757	148	10
757	147	669
635	147	3786
139	148	137
1665	146	33
636	151	2874
1460	147	605
1460	147	2317
1460	147	1962
1460	147	3861
1460	147	1888
1355	150	3231
1355	148	3445
1162	150	3231
1162	148	3445
1839	147	2961
1623	148	212
1623	148	263
1623	147	33
1623	147	1876
760	146	1340
760	146	2757
1622	148	2321
1622	148	263
1622	148	3090
1624	148	263
1624	148	212
1624	147	1876
944	148	212
944	147	33
655	147	242
1680	148	1998
513	147	504
