0	49
1	49
2	49
3	49
4	49
5	49
6	50
7	49
8	49
9	49
10	49
11	49
12	46
13	46
14	49
15	49
16	49
17	46
18	46
19	46
20	49
21	48
22	48
23	51
24	51
25	49
26	48
27	49
28	49
29	51
30	49
31	49
32	48
33	49
34	49
35	48
36	49
37	49
38	50
39	49
40	49
41	49
42	49
43	49
44	51
45	49
46	51
47	51
48	50
49	49
50	49
51	51
52	49
53	49
54	51
55	50
56	49
57	50
58	49
59	50
60	49
61	48
62	49
63	49
64	49
65	46
66	49
67	51
68	49
69	51
70	49
71	49
72	49
73	46
74	46
75	46
76	48
77	52
78	47
79	51
80	48
81	49
82	49
83	49
84	49
85	48
86	52
87	51
88	46
89	49
90	49
91	49
92	47
93	52
94	49
95	49
96	49
97	49
98	49
99	46
100	50
101	48
102	48
103	51
104	49
105	50
106	49
107	49
108	46
109	51
110	49
111	49
112	49
113	50
114	49
115	50
116	49
117	50
118	49
119	49
120	49
121	49
122	50
123	49
124	49
125	49
126	46
127	46
128	46
129	46
130	46
131	46
132	46
133	46
134	46
135	51
136	49
137	49
138	49
139	49
140	49
141	49
142	49
143	48
144	49
145	49
146	50
147	49
148	49
149	49
150	49
151	49
152	49
153	49
154	49
155	51
156	51
157	51
158	51
159	51
160	51
161	49
162	49
163	46
164	49
165	49
166	49
167	49
168	49
169	49
170	49
171	49
172	51
173	49
174	49
175	49
176	46
177	50
178	46
179	49
180	49
181	49
182	49
183	49
184	46
185	46
186	49
187	49
188	49
189	49
190	49
191	49
192	49
193	49
194	49
195	49
196	49
197	49
198	49
199	46
200	49
201	49
202	47
203	49
204	48
205	49
206	49
207	49
208	46
209	46
210	49
211	46
212	46
213	46
214	49
215	46
216	49
217	49
218	49
219	49
220	49
221	49
222	49
223	49
224	47
225	49
226	49
227	49
228	49
229	49
230	49
231	49
232	49
233	49
234	49
235	49
236	49
237	49
238	49
239	49
240	49
241	46
242	49
243	49
244	49
245	49
246	47
247	49
248	47
249	49
250	49
251	49
252	50
253	49
254	49
255	49
256	49
257	49
258	49
259	48
260	50
261	49
262	49
263	49
264	49
265	49
266	49
267	49
268	49
269	49
270	49
271	46
272	49
273	49
274	49
275	49
276	46
277	49
278	46
279	49
280	46
281	49
282	49
283	49
284	49
285	51
286	46
287	46
288	46
289	49
290	49
291	49
292	46
293	49
294	49
295	46
296	46
297	49
298	49
299	49
300	49
301	49
302	46
303	48
304	51
305	51
306	48
307	48
308	48
309	46
310	46
311	48
312	46
313	51
314	46
315	48
316	50
317	49
318	50
319	49
320	50
321	49
322	49
323	49
324	49
325	50
326	49
327	49
328	49
329	49
330	50
331	50
332	50
333	49
334	49
335	49
336	49
337	50
338	49
339	50
340	49
341	51
342	48
343	48
344	51
345	51
346	51
347	51
348	48
349	51
350	48
351	51
352	46
353	48
354	51
355	48
356	46
357	48
358	51
359	51
360	51
361	51
362	51
363	51
364	52
365	52
366	52
367	52
368	52
369	52
370	52
371	47
372	52
373	52
374	47
375	52
376	52
377	52
378	52
379	52
380	52
381	52
382	52
383	52
384	52
385	52
386	52
387	52
388	47
389	52
390	47
391	52
392	52
393	52
394	52
395	52
396	52
397	52
398	47
399	52
400	52
401	52
402	52
403	52
404	47
405	52
406	52
407	46
408	49
409	50
410	49
411	50
412	46
413	46
414	46
415	49
416	49
417	49
418	49
419	49
420	46
421	46
422	46
423	46
424	46
425	46
426	46
427	46
428	49
429	46
430	49
431	49
432	49
433	49
434	49
435	49
436	49
437	49
438	49
439	49
440	49
441	46
442	49
443	49
444	49
445	49
446	49
447	49
448	49
449	49
450	49
451	49
452	47
453	50
454	49
455	51
456	49
457	49
458	49
459	49
460	49
461	49
462	49
463	46
464	49
465	49
466	49
467	49
468	49
469	49
470	49
471	49
472	46
473	49
474	49
475	49
476	49
477	46
478	51
479	49
480	50
481	49
482	49
483	49
484	50
485	49
486	49
487	49
488	48
489	49
490	49
491	49
492	49
493	49
494	49
495	49
496	49
497	49
498	49
499	49
500	50
501	50
502	49
503	49
504	49
505	51
506	49
507	49
508	47
509	52
510	49
511	49
512	49
513	51
514	51
515	49
516	49
517	49
518	49
519	49
520	49
521	49
522	47
523	47
524	46
525	47
526	47
527	46
528	49
529	49
530	49
531	48
532	50
533	50
534	49
535	46
536	49
537	49
538	46
539	49
540	49
541	49
542	47
543	49
544	49
545	47
546	47
547	51
548	48
549	49
550	50
551	49
552	49
553	51
554	49
555	51
556	51
557	49
558	48
559	50
560	50
561	50
562	48
563	51
564	51
565	51
566	48
567	49
568	49
569	51
570	48
571	49
572	48
573	49
574	49
575	50
576	49
577	49
578	48
579	50
580	49
581	51
582	48
583	51
584	50
585	49
586	49
587	51
588	51
589	48
590	46
591	46
592	48
593	49
594	50
595	49
596	50
597	49
598	49
599	51
600	49
601	50
602	51
603	49
604	49
605	49
606	48
607	49
608	46
609	50
610	50
611	49
612	48
613	46
614	49
615	46
616	50
617	50
618	51
619	51
620	49
621	48
622	46
623	49
624	48
625	51
626	50
627	49
628	49
629	50
630	49
631	50
632	51
633	46
634	49
635	49
636	49
637	48
638	49
639	49
640	50
641	46
642	51
643	48
644	48
645	49
646	51
647	50
648	49
649	49
650	51
651	46
652	50
653	50
654	51
655	50
656	48
657	51
658	50
659	49
660	51
661	50
662	49
663	48
664	50
665	46
666	49
667	49
668	49
669	48
670	48
671	48
672	50
673	49
674	50
675	50
676	51
677	51
678	52
679	49
680	48
681	51
682	51
683	51
684	51
685	49
686	51
687	49
688	49
689	49
690	49
691	49
692	50
693	46
694	49
695	48
696	49
697	50
698	49
699	49
700	49
701	50
702	50
703	50
704	50
705	49
706	50
707	48
708	49
709	46
710	49
711	51
712	49
713	50
714	51
715	46
716	49
717	49
718	46
719	49
720	49
721	49
722	50
723	46
724	50
725	50
726	50
727	48
728	50
729	50
730	49
731	49
732	49
733	49
734	49
735	49
736	49
737	50
738	49
739	48
740	48
741	46
742	50
743	49
744	48
745	49
