2	13	0
2	13	1
2	13	2
2	13	3
2	13	4
3	43	5
3	43	6
3	5	7
3	14	8
4	13	9
5	4	10
5	4	11
5	9	12
6	5	13
6	6	14
7	9	15
7	10	16
9	6	17
9	14	18
9	5	19
10	13	20
12	14	13
12	5	21
12	6	22
12	6	23
13	14	24
13	6	25
15	5	27
15	6	28
16	5	29
16	6	30
17	2	31
18	53	32
18	53	33
18	52	34
19	19	35
19	20	36
19	23	37
20	12	38
20	13	39
21	5	40
22	14	41
24	22	7
25	10	42
26	53	43
27	5	44
28	14	45
28	14	46
28	6	47
29	5	7
29	14	48
30	13	49
30	13	50
32	4	53
32	10	54
32	3	55
32	3	56
32	3	57
33	12	7
33	13	58
33	13	59
34	6	60
35	3	61
35	10	62
35	10	63
35	10	64
35	9	65
36	10	66
36	18	67
36	9	68
38	6	69
39	3	70
39	4	71
39	10	72
39	9	73
40	5	13
40	6	74
41	14	75
42	13	76
42	13	77
43	52	78
44	5	79
44	6	80
45	6	81
46	42	82
46	46	83
46	70	84
47	5	85
48	13	86
49	5	87
49	6	88
49	14	89
50	10	90
51	5	91
51	6	92
52	9	93
52	4	94
54	14	97
54	6	98
54	43	99
54	43	100
55	3	101
55	18	102
55	9	103
56	5	104
57	5	105
57	6	106
58	4	107
58	10	108
58	9	109
58	3	109
60	5	110
60	6	111
61	13	112
62	13	113
63	13	114
63	12	115
65	5	13
65	6	116
65	6	117
66	10	118
66	10	119
66	9	120
67	9	121
67	10	122
68	14	123
68	6	124
70	53	126
70	53	127
70	53	128
70	52	34
71	13	129
73	13	130
74	52	1
74	77	131
75	52	132
75	77	133
76	10	134
76	3	8
76	3	135
76	3	136
77	20	9
78	14	21
78	14	13
78	14	137
78	6	138
78	6	139
78	6	30
79	13	140
80	21	141
81	6	142
81	6	143
81	6	144
81	5	104
82	3	145
82	10	146
82	9	103
83	18	46
83	4	147
83	10	45
84	4	53
84	10	54
84	9	56
84	3	55
84	3	57
84	18	148
85	5	7
85	14	59
86	52	149
86	53	150
86	53	13
87	5	151
88	52	152
88	53	153
89	10	154
89	3	79
89	3	155
90	5	7
91	3	156
91	4	157
91	10	158
91	10	159
91	9	160
93	20	161
94	14	162
94	14	102
94	14	163
94	5	164
94	5	165
94	5	156
95	20	166
95	23	103
95	23	167
96	14	168
96	14	169
96	6	106
97	52	170
97	52	108
97	53	13
97	53	171
98	13	172
99	42	173
99	46	174
100	10	175
100	9	156
101	13	132
102	115	176
102	47	135
103	6	177
103	14	137
104	28	178
104	71	179
105	13	180
106	4	181
106	10	182
106	3	104
107	5	183
108	38	184
109	13	185
110	27	186
110	27	187
111	3	79
111	3	155
111	10	188
112	36	189
113	2	157
115	10	190
115	9	103
116	3	191
116	4	107
116	10	108
116	9	171
117	18	176
117	9	135
117	9	13
117	4	192
117	10	193
118	4	194
118	9	137
119	14	195
119	6	196
120	10	197
120	3	27
120	3	198
121	10	182
122	38	199
122	38	184
123	6	200
123	6	201
123	5	103
124	18	102
124	10	202
124	9	103
125	9	203
126	28	204
126	28	205
127	23	206
127	20	182
128	6	102
128	6	190
129	9	203
130	103	207
130	103	208
130	103	209
130	103	210
130	103	211
130	103	212
130	103	213
130	103	214
130	103	215
130	103	181
130	103	216
130	103	217
130	52	218
130	52	219
130	52	220
130	52	221
130	52	222
130	52	223
130	52	224
130	52	225
130	52	226
130	52	227
130	52	228
130	52	72
130	52	229
130	52	230
130	52	16
130	52	159
130	52	231
130	52	122
130	52	161
130	52	232
130	52	233
130	52	234
130	52	235
130	52	236
130	52	237
130	52	238
130	52	239
130	52	240
130	52	241
130	52	242
130	52	243
130	52	244
130	52	245
130	52	246
130	52	247
130	52	248
130	52	195
130	52	249
130	52	250
130	52	251
130	52	252
130	52	158
130	52	253
130	52	78
130	52	254
130	52	255
130	52	256
130	52	257
130	52	258
130	52	259
130	52	260
130	52	261
130	52	9
130	52	262
130	52	263
130	52	264
130	53	265
130	53	266
130	53	48
130	53	267
130	53	37
130	53	156
130	53	268
130	53	269
130	53	270
130	53	13
130	53	85
130	53	271
130	53	91
130	53	272
130	53	160
130	53	273
130	53	274
130	53	275
130	53	276
130	53	277
130	53	278
130	53	8
130	53	168
130	53	279
130	53	135
130	53	280
130	53	7
130	53	281
130	53	27
130	53	282
130	53	283
130	53	284
130	53	285
130	77	286
130	77	287
130	77	288
130	77	289
130	77	290
130	77	291
130	77	292
130	77	293
130	61	294
130	61	295
130	61	144
131	6	296
131	5	297
132	6	190
133	6	298
133	6	102
133	6	299
134	10	247
135	4	300
135	4	301
135	4	302
135	4	303
135	4	304
135	4	305
135	4	306
135	4	307
135	4	308
135	4	309
135	4	310
135	4	311
135	4	312
135	4	313
135	4	216
135	4	217
135	4	210
135	10	314
135	10	254
135	10	222
135	10	315
135	10	258
135	10	316
135	10	134
135	10	262
135	10	263
135	10	235
135	10	317
135	10	195
135	10	240
135	10	229
135	10	239
135	9	318
135	9	7
135	9	277
135	9	319
135	9	320
135	9	321
135	9	322
135	3	279
135	3	323
135	3	281
135	3	44
135	3	272
135	3	282
135	3	324
135	3	8
135	3	284
135	3	325
135	3	179
135	3	326
135	18	327
136	3	13
136	10	328
136	9	83
137	10	329
137	9	330
138	10	331
138	3	115
139	4	207
139	10	251
139	10	72
139	10	332
139	9	91
140	10	333
140	4	302
141	10	222
141	3	334
141	9	335
142	10	222
142	3	336
142	3	322
143	10	337
143	10	317
143	3	338
144	10	222
144	3	322
144	9	336
145	14	339
146	15	340
146	15	304
146	15	341
146	15	342
146	15	225
146	15	343
146	15	344
146	15	345
146	15	346
146	15	347
146	15	348
146	15	349
146	15	350
146	15	351
146	15	352
146	15	301
146	15	353
146	15	305
146	15	354
146	15	244
146	15	355
146	15	356
146	15	357
146	15	358
146	15	359
146	15	3
146	15	360
146	15	361
146	15	362
146	15	363
146	15	364
146	15	365
146	15	2
146	15	263
146	15	366
146	15	367
146	15	368
146	15	71
146	15	369
146	15	370
146	15	371
146	15	372
146	15	373
146	15	374
146	15	375
146	15	211
146	15	331
146	15	35
146	15	310
146	15	376
146	15	377
146	15	378
146	15	134
146	15	379
146	15	380
146	15	381
146	15	382
146	15	217
146	15	383
146	15	384
146	15	385
146	15	313
146	15	386
146	15	210
146	15	387
146	15	258
146	15	90
146	15	388
146	15	389
146	15	390
146	15	391
146	15	392
146	15	393
146	15	50
146	15	394
146	15	395
146	15	396
146	15	397
146	15	398
146	15	399
146	15	400
146	15	232
146	15	401
146	15	402
146	15	403
146	15	404
146	15	405
146	15	406
146	15	407
146	15	408
146	15	409
146	15	410
146	15	411
146	15	182
146	15	36
146	15	317
146	15	195
146	15	7
146	15	333
146	15	208
146	15	412
146	15	311
146	15	413
146	15	414
146	15	183
146	15	264
146	15	415
146	15	219
146	15	24
146	15	416
146	15	417
146	15	418
146	15	419
146	15	420
146	15	421
146	15	422
146	15	315
146	15	423
146	15	424
146	15	425
146	15	426
146	15	240
146	15	427
146	15	300
146	15	428
146	15	429
146	15	309
146	15	216
146	15	430
146	15	431
146	15	432
146	15	78
146	15	433
146	15	157
146	15	434
146	15	239
146	16	265
146	16	435
146	16	436
146	16	115
146	16	437
146	16	438
146	16	73
146	16	439
146	16	48
146	16	440
146	16	267
146	16	324
146	16	37
146	16	156
146	16	268
146	16	441
146	16	321
146	16	179
146	16	293
146	16	442
146	16	443
146	16	323
146	16	444
146	16	445
146	16	44
146	16	272
146	16	319
146	16	446
146	16	83
146	16	447
146	16	448
146	16	160
146	16	449
146	16	191
146	16	450
146	16	287
146	16	109
146	16	278
146	16	451
146	16	452
146	16	453
146	16	291
146	16	325
146	16	454
146	16	33
146	16	168
146	16	279
146	16	135
146	16	280
146	16	455
146	16	7
146	16	281
146	16	456
146	16	457
146	16	458
146	16	126
146	16	183
146	24	81
146	24	459
146	24	460
146	24	461
146	24	462
146	24	463
146	24	464
146	24	35
146	24	465
146	24	466
146	24	467
146	24	468
146	24	142
146	24	469
146	24	470
146	24	471
146	24	472
146	24	46
146	24	327
146	24	473
146	24	111
146	24	474
146	24	475
146	24	476
146	24	477
146	24	478
146	24	479
146	24	106
146	24	480
146	24	481
146	24	482
146	24	483
146	24	484
146	24	485
146	24	486
146	24	7
146	24	487
146	24	488
146	25	489
146	25	490
146	25	491
146	25	492
146	25	493
146	25	494
146	25	6
146	25	495
146	25	5
146	25	496
146	25	497
146	25	498
146	25	499
146	25	500
146	25	501
146	25	502
146	25	503
146	25	504
146	25	505
146	16	265
146	16	506
146	16	439
146	16	324
146	16	37
146	16	267
146	16	156
146	16	179
146	16	442
146	16	91
146	16	44
146	16	319
146	16	160
146	16	287
146	16	507
146	16	508
146	16	8
146	16	291
146	16	326
146	16	509
146	16	279
146	16	280
146	16	7
146	16	281
146	16	183
146	26	6
146	26	510
146	26	209
146	26	511
146	26	512
146	26	513
146	26	5
146	26	497
146	26	10
146	26	514
146	26	515
146	26	516
146	26	503
148	4	517
148	10	518
148	10	519
148	9	520
149	27	521
150	4	213
150	10	221
150	9	286
151	11	474
151	13	522
153	4	523
155	4	214
155	10	122
155	9	290
156	27	524
157	4	212
157	10	16
157	9	288
159	31	489
159	20	362
159	23	448
160	27	525
161	27	524
162	20	526
163	10	527
163	3	21
163	3	528
163	3	55
163	3	529
164	10	261
164	10	248
164	3	21
164	3	530
164	3	13
165	52	226
166	29	531
167	20	532
167	20	533
168	14	189
169	6	534
170	61	535
170	61	536
170	61	537
170	52	420
170	52	538
170	52	539
170	53	452
170	53	456
170	53	287
171	20	540
171	23	156
172	20	541
173	10	542
173	3	543
174	10	544
174	9	545
175	20	375
176	10	78
176	9	156
177	4	307
177	3	48
177	9	267
177	9	546
178	4	547
178	9	508
179	2	301
180	52	240
180	52	548
180	53	21
180	53	283
180	53	13
181	19	474
181	31	501
181	20	522
182	6	549
182	43	550
182	14	7
183	10	46
183	4	147
184	10	232
184	3	13
184	9	103
185	3	458
185	4	551
185	10	234
185	9	451
185	9	552
186	18	553
186	10	311
186	3	44
187	2	217
188	13	554
188	13	134
188	13	555
188	12	8
189	10	182
189	9	156
190	4	181
190	9	206
190	10	182
191	20	424
192	13	386
193	10	187
193	9	556
195	9	557
196	4	71
196	10	72
196	3	73
197	13	352
198	9	558
198	10	396
199	3	559
199	18	560
200	5	561
201	34	562
202	10	563
203	14	45
203	6	564
204	10	565
204	9	566
206	31	567
206	20	568
206	23	156
207	3	569
207	9	103
208	11	570
208	13	571
209	20	572
211	13	573
211	13	574
211	13	575
212	10	576
212	9	286
213	10	577
214	10	578
214	4	579
215	10	580
215	4	581
216	3	21
216	3	528
216	3	55
216	3	529
216	10	582
217	10	540
217	9	583
218	4	210
218	10	123
218	3	21
219	10	584
219	9	585
219	9	545
220	10	586
220	3	545
220	9	587
221	20	586
221	23	545
222	20	114
223	4	588
223	4	589
223	4	517
223	10	518
223	10	590
223	10	519
223	9	520
223	9	156
224	27	591
225	52	240
225	52	548
225	53	283
225	53	13
226	38	478
227	13	592
227	12	7
228	28	178
228	71	44
229	14	134
229	5	27
230	20	377
231	10	593
231	9	103
232	32	594
233	14	317
233	5	198
235	18	595
235	10	596
235	3	70
236	20	597
237	10	598
237	9	599
238	64	189
239	10	600
239	3	601
240	4	567
240	10	568
240	9	156
241	4	567
241	10	568
241	9	156
242	10	602
242	3	603
242	9	604
242	9	103
243	28	605
243	28	606
244	27	607
245	20	608
245	23	156
246	10	609
246	3	545
246	9	610
247	38	586
247	38	611
248	4	588
248	4	589
248	10	590
248	3	156
250	3	283
250	10	240
250	9	612
250	9	561
250	9	156
251	4	613
251	3	44
251	9	451
251	9	458
252	10	243
252	3	27
253	49	614
253	49	615
253	49	144
253	49	294
253	49	616
253	49	617
253	49	618
253	49	619
254	20	620
254	23	561
255	4	621
255	10	239
255	3	284
255	9	156
256	10	622
256	3	603
256	9	623
257	10	624
258	17	608
258	40	156
260	10	590
260	10	625
260	9	626
260	3	627
261	10	628
261	10	629
261	3	283
262	10	630
262	9	631
262	9	156
263	4	551
263	10	234
263	3	552
263	9	451
264	27	632
265	3	156
265	4	633
265	4	634
265	10	567
265	9	156
266	4	635
266	10	636
266	9	637
268	57	638
268	57	639
269	10	250
270	9	637
270	9	13
270	9	318
270	9	156
270	4	635
270	4	640
270	4	306
270	4	621
270	4	641
270	10	254
270	10	234
270	10	636
270	10	239
270	3	284
271	10	642
271	3	643
272	6	638
272	6	639
273	27	644
274	3	569
274	9	103
