135	0	146
146	1	135
135	0	162
162	1	135
135	0	149
149	1	135
135	0	194
194	1	135
135	0	270
270	1	135
135	0	173
173	1	135
135	0	199
199	1	135
135	0	177
177	1	135
135	0	179
179	1	135
135	0	250
250	1	135
135	0	140
140	1	135
135	0	233
233	1	135
135	0	228
228	1	135
135	0	251
251	1	135
135	0	186
186	1	135
135	0	188
188	1	135
135	0	187
187	1	135
135	0	229
229	1	135
135	0	255
255	1	135
135	0	218
218	1	135
135	0	141
141	1	135
135	0	144
144	1	135
135	0	142
142	1	135
135	0	225
225	1	135
135	0	143
143	1	135
135	0	180
180	1	135
83	0	146
146	1	83
83	0	183
183	1	83
83	0	203
203	1	83
130	0	146
146	1	130
130	0	269
269	1	130
130	0	149
149	1	130
130	0	165
165	1	130
130	0	166
166	1	130
130	0	134
134	1	130
130	0	135
135	1	130
130	0	163
163	1	130
130	0	216
216	1	130
130	0	261
261	1	130
130	0	167
167	1	130
130	0	156
156	1	130
130	0	270
270	1	130
130	0	189
189	1	130
130	0	136
136	1	130
130	0	164
164	1	130
130	0	250
250	1	130
130	0	150
150	1	130
130	0	212
212	1	130
130	0	184
184	1	130
130	0	155
155	1	130
130	0	157
157	1	130
130	0	170
170	1	130
130	0	253
253	1	130
130	0	188
188	1	130
130	0	252
252	1	130
130	0	229
229	1	130
130	0	255
255	1	130
130	0	141
141	1	130
130	0	144
144	1	130
130	0	218
218	1	130
130	0	142
142	1	130
130	0	137
137	1	130
130	0	154
154	1	130
130	0	225
225	1	130
130	0	187
187	1	130
130	0	215
215	1	130
130	0	214
214	1	130
130	0	176
176	1	130
130	0	190
190	1	130
130	0	177
177	1	130
130	0	173
173	1	130
130	0	180
180	1	130
130	0	138
138	1	130
130	0	213
213	1	130
130	0	139
139	1	130
130	0	186
186	1	130
130	0	158
158	1	130
130	0	185
185	1	130
146	0	222
222	1	146
146	0	147
147	1	146
146	0	223
223	1	146
146	0	148
148	1	146
146	0	149
149	1	146
146	0	224
224	1	146
146	0	249
249	1	146
146	0	150
150	1	146
146	0	239
239	1	146
146	0	151
151	1	146
146	0	227
227	1	146
146	0	238
238	1	146
146	0	152
152	1	146
146	0	153
153	1	146
146	0	154
154	1	146
146	0	253
253	1	146
146	0	155
155	1	146
146	0	156
156	1	146
146	0	157
157	1	146
146	0	244
244	1	146
146	0	240
240	1	146
146	0	241
241	1	146
146	0	158
158	1	146
146	0	159
159	1	146
146	0	234
234	1	146
146	0	160
160	1	146
146	0	161
161	1	146
146	0	162
162	1	146
146	0	260
260	1	146
146	0	248
248	1	146
146	0	163
163	1	146
146	0	216
216	1	146
146	0	164
164	1	146
146	0	165
165	1	146
146	0	213
213	1	146
146	0	212
212	1	146
146	0	166
166	1	146
146	0	167
167	1	146
146	0	168
168	1	146
146	0	226
226	1	146
146	0	274
274	1	146
146	0	169
169	1	146
146	0	170
170	1	146
146	0	214
214	1	146
146	0	171
171	1	146
146	0	217
217	1	146
146	0	172
172	1	146
146	0	251
251	1	146
146	0	270
270	1	146
146	0	215
215	1	146
146	0	254
254	1	146
146	0	266
266	1	146
146	0	265
265	1	146
146	0	173
173	1	146
146	0	218
218	1	146
146	0	219
219	1	146
146	0	174
174	1	146
146	0	232
232	1	146
146	0	175
175	1	146
146	0	176
176	1	146
146	0	177
177	1	146
146	0	178
178	1	146
146	0	179
179	1	146
146	0	250
250	1	146
146	0	225
225	1	146
146	0	180
180	1	146
146	0	181
181	1	146
146	0	182
182	1	146
146	0	183
183	1	146
146	0	184
184	1	146
146	0	185
185	1	146
146	0	263
263	1	146
146	0	233
233	1	146
146	0	228
228	1	146
146	0	186
186	1	146
146	0	230
230	1	146
146	0	187
187	1	146
146	0	258
258	1	146
146	0	245
245	1	146
146	0	229
229	1	146
146	0	188
188	1	146
146	0	255
255	1	146
146	0	189
189	1	146
146	0	190
190	1	146
146	0	191
191	1	146
146	0	192
192	1	146
146	0	235
235	1	146
146	0	193
193	1	146
146	0	194
194	1	146
146	0	195
195	1	146
146	0	196
196	1	146
146	0	197
197	1	146
146	0	256
256	1	146
146	0	198
198	1	146
146	0	199
199	1	146
146	0	200
200	1	146
146	0	201
201	1	146
146	0	202
202	1	146
146	0	267
267	1	146
146	0	203
203	1	146
146	0	204
204	1	146
146	0	205
205	1	146
146	0	206
206	1	146
146	0	231
231	1	146
146	0	207
207	1	146
146	0	242
242	1	146
146	0	208
208	1	146
146	0	236
236	1	146
146	0	243
243	1	146
146	0	209
209	1	146
146	0	210
210	1	146
146	0	211
211	1	146
63	0	222
222	1	63
63	0	146
146	1	63
63	0	175
175	1	63
9	0	146
146	1	9
148	0	223
223	1	148
148	0	260
260	1	148
148	0	248
248	1	148
223	0	260
260	1	223
223	0	269
269	1	223
223	0	248
248	1	223
248	0	260
260	1	248
248	0	269
269	1	248
29	0	130
130	1	29
29	0	149
149	1	29
29	0	177
177	1	29
29	0	146
146	1	29
23	0	177
177	1	23
23	0	130
130	1	23
37	0	130
130	1	37
37	0	146
146	1	37
81	0	225
225	1	81
81	0	180
180	1	81
81	0	208
208	1	81
81	0	146
146	1	81
81	0	250
250	1	81
81	0	130
130	1	81
81	0	253
253	1	81
81	0	106
106	1	81
81	0	107
107	1	81
78	0	117
117	1	78
78	0	102
102	1	78
78	0	118
118	1	78
78	0	103
103	1	78
78	0	130
130	1	78
78	0	270
270	1	78
78	0	146
146	1	78
119	0	239
239	1	119
119	0	146
146	1	119
119	0	130
130	1	119
119	0	135
135	1	119
119	0	205
205	1	119
205	0	239
239	1	205
93	0	130
130	1	93
34	0	92
92	1	34
3	0	146
146	1	3
3	0	188
188	1	3
3	0	130
130	1	3
3	0	167
167	1	3
3	0	76
76	1	3
3	0	135
135	1	3
28	0	146
146	1	28
28	0	183
183	1	28
28	0	203
203	1	28
28	0	83
83	1	28
243	0	274
274	1	243
207	0	274
274	1	207
207	0	242
242	1	207
207	0	243
243	1	207
13	0	169
169	1	13
13	0	146
146	1	13
91	0	146
146	1	91
91	0	130
130	1	91
91	0	113
113	1	91
47	0	146
146	1	47
47	0	130
130	1	47
47	0	113
113	1	47
47	0	91
91	1	47
110	0	193
193	1	110
110	0	130
130	1	110
110	0	146
146	1	110
59	0	153
153	1	59
59	0	146
146	1	59
44	0	89
89	1	44
44	0	111
111	1	44
44	0	130
130	1	44
41	0	146
146	1	41
41	0	135
135	1	41
41	0	130
130	1	41
18	0	146
146	1	18
18	0	130
130	1	18
60	0	130
130	1	60
60	0	154
154	1	60
60	0	146
146	1	60
2	0	130
130	1	2
2	0	253
253	1	2
2	0	155
155	1	2
2	0	146
146	1	2
2	0	74
74	1	2
2	0	75
75	1	2
2	0	101
101	1	2
116	0	146
146	1	116
116	0	214
214	1	116
6	0	97
97	1	6
6	0	146
146	1	6
6	0	116
116	1	6
120	0	233
233	1	120
120	0	229
229	1	120
120	0	253
253	1	120
120	0	130
130	1	120
120	0	252
252	1	120
27	0	228
228	1	27
27	0	143
143	1	27
27	0	146
146	1	27
27	0	251
251	1	27
27	0	186
186	1	27
27	0	135
135	1	27
171	0	217
217	1	171
171	0	270
270	1	171
80	0	202
202	1	80
80	0	146
146	1	80
80	0	105
105	1	80
39	0	146
146	1	39
39	0	235
235	1	39
39	0	130
130	1	39
39	0	196
196	1	39
39	0	139
139	1	39
51	0	130
130	1	51
51	0	139
139	1	51
51	0	146
146	1	51
51	0	156
156	1	51
65	0	130
130	1	65
65	0	146
146	1	65
45	0	130
130	1	45
45	0	90
90	1	45
45	0	146
146	1	45
90	0	130
130	1	90
90	0	112
112	1	90
70	0	146
146	1	70
70	0	130
130	1	70
57	0	130
130	1	57
57	0	146
146	1	57
57	0	96
96	1	57
40	0	130
130	1	40
40	0	146
146	1	40
40	0	135
135	1	40
40	0	86
86	1	40
237	0	264
264	1	237
237	0	254
254	1	237
50	0	244
244	1	50
50	0	146
146	1	50
15	0	130
130	1	15
15	0	252
252	1	15
15	0	120
120	1	15
15	0	229
229	1	15
270	0	273
273	1	270
255	0	273
273	1	255
255	0	270
270	1	255
255	0	265
265	1	255
255	0	266
266	1	255
206	0	240
240	1	206
206	0	241
241	1	206
206	0	270
270	1	206
206	0	266
266	1	206
206	0	265
265	1	206
206	0	255
255	1	206
68	0	218
218	1	68
68	0	173
173	1	68
68	0	146
146	1	68
142	0	144
144	1	142
55	0	123
123	1	55
55	0	131
131	1	55
55	0	133
133	1	55
55	0	124
124	1	55
55	0	94
94	1	55
55	0	115
115	1	55
55	0	128
128	1	55
55	0	95
95	1	55
95	0	268
268	1	95
95	0	272
272	1	95
95	0	259
259	1	95
95	0	124
124	1	95
95	0	115
115	1	95
95	0	247
247	1	95
95	0	123
123	1	95
56	0	106
106	1	56
56	0	146
146	1	56
127	0	190
190	1	127
127	0	232
232	1	127
127	0	146
146	1	127
127	0	189
189	1	127
121	0	161
161	1	121
121	0	130
130	1	121
121	0	189
189	1	121
121	0	190
190	1	121
121	0	146
146	1	121
121	0	126
126	1	121
121	0	127
127	1	121
22	0	130
130	1	22
22	0	80
80	1	22
54	0	223
223	1	54
54	0	148
148	1	54
54	0	146
146	1	54
179	0	224
224	1	179
179	0	249
249	1	179
25	0	82
82	1	25
64	0	130
130	1	64
64	0	99
99	1	64
64	0	146
146	1	64
103	0	239
239	1	103
103	0	118
118	1	103
103	0	205
205	1	103
103	0	119
119	1	103
103	0	146
146	1	103
52	0	130
130	1	52
52	0	93
93	1	52
52	0	146
146	1	52
118	0	129
129	1	118
118	0	125
125	1	118
4	0	270
270	1	4
4	0	130
130	1	4
4	0	77
77	1	4
33	0	146
146	1	33
33	0	182
182	1	33
33	0	109
109	1	33
33	0	85
85	1	33
33	0	227
227	1	33
85	0	146
146	1	85
85	0	182
182	1	85
85	0	227
227	1	85
85	0	109
109	1	85
182	0	226
226	1	182
182	0	227
227	1	182
203	0	238
238	1	203
267	0	271
271	1	267
113	0	130
130	1	113
113	0	146
146	1	113
87	0	193
193	1	87
87	0	110
110	1	87
89	0	130
130	1	89
89	0	111
111	1	89
111	0	130
130	1	111
26	0	130
130	1	26
140	0	146
146	1	140
74	0	130
130	1	74
74	0	155
155	1	74
74	0	253
253	1	74
155	0	214
214	1	155
97	0	146
146	1	97
97	0	116
116	1	97
233	0	253
253	1	233
143	0	145
145	1	143
143	0	233
233	1	143
143	0	146
146	1	143
143	0	228
228	1	143
186	0	270
270	1	186
186	0	228
228	1	186
186	0	251
251	1	186
38	0	156
156	1	38
38	0	146
146	1	38
139	0	156
156	1	139
139	0	146
146	1	139
139	0	196
196	1	139
101	0	253
253	1	101
101	0	130
130	1	101
101	0	157
157	1	101
75	0	130
130	1	75
75	0	157
157	1	75
75	0	253
253	1	75
75	0	101
101	1	75
157	0	215
215	1	157
24	0	81
81	1	24
86	0	146
146	1	86
86	0	130
130	1	86
200	0	264
264	1	200
200	0	254
254	1	200
200	0	237
237	1	200
254	0	264
264	1	254
210	0	244
244	1	210
210	0	258
258	1	210
210	0	245
245	1	210
5	0	146
146	1	5
229	0	253
253	1	229
229	0	252
252	1	229
137	0	270
270	1	137
241	0	265
265	1	241
241	0	270
270	1	241
241	0	255
255	1	241
104	0	120
120	1	104
79	0	104
104	1	79
12	0	141
141	1	12
12	0	144
144	1	12
12	0	142
142	1	12
12	0	218
218	1	12
128	0	131
131	1	128
128	0	132
132	1	128
128	0	133
133	1	128
115	0	131
131	1	115
115	0	132
132	1	115
115	0	123
123	1	115
115	0	128
128	1	115
115	0	246
246	1	115
115	0	124
124	1	115
247	0	272
272	1	247
247	0	259
259	1	247
247	0	268
268	1	247
190	0	232
232	1	190
62	0	232
232	1	62
62	0	146
146	1	62
62	0	98
98	1	62
195	0	234
234	1	195
107	0	160
160	1	107
107	0	146
146	1	107
84	0	146
146	1	84
84	0	191
191	1	84
32	0	146
146	1	32
32	0	191
191	1	32
32	0	84
84	1	32
43	0	146
146	1	43
43	0	130
130	1	43
43	0	88
88	1	43
138	0	146
146	1	138
176	0	223
223	1	176
176	0	248
248	1	176
180	0	261
261	1	180
180	0	250
250	1	180
180	0	225
225	1	180
77	0	130
130	1	77
77	0	270
270	1	77
19	0	130
130	1	19
19	0	146
146	1	19
58	0	146
146	1	58
58	0	97
97	1	58
67	0	130
130	1	67
67	0	155
155	1	67
185	0	270
270	1	185
185	0	263
263	1	185
96	0	146
146	1	96
7	0	130
130	1	7
7	0	157
157	1	7
76	0	146
146	1	76
76	0	229
229	1	76
76	0	130
130	1	76
76	0	188
188	1	76
266	0	270
270	1	266
266	0	273
273	1	266
174	0	246
246	1	174
174	0	219
219	1	174
174	0	220
220	1	174
174	0	221
221	1	174
94	0	124
124	1	94
94	0	133
133	1	94
94	0	128
128	1	94
106	0	130
130	1	106
106	0	146
146	1	106
106	0	189
189	1	106
106	0	190
190	1	106
106	0	121
121	1	106
106	0	127
127	1	106
16	0	117
117	1	16
16	0	78
78	1	16
46	0	103
103	1	46
102	0	117
117	1	102
150	0	212
212	1	150
150	0	213
213	1	150
42	0	87
87	1	42
11	0	146
146	1	11
173	0	218
218	1	173
220	0	259
259	1	220
220	0	247
247	1	220
126	0	130
130	1	126
126	0	161
161	1	126
225	0	261
261	1	225
225	0	250
250	1	225
196	0	235
235	1	196
30	0	146
146	1	30
30	0	211
211	1	30
187	0	254
254	1	187
117	0	270
270	1	117
117	0	130
130	1	117
125	0	129
129	1	125
257	0	267
267	1	257
188	0	229
229	1	188
188	0	230
230	1	188
163	0	216
216	1	163
240	0	270
270	1	240
240	0	265
265	1	240
240	0	255
255	1	240
88	0	146
146	1	88
88	0	130
130	1	88
124	0	246
246	1	124
124	0	133
133	1	124
124	0	128
128	1	124
61	0	146
146	1	61
224	0	249
249	1	224
92	0	146
146	1	92
92	0	114
114	1	92
268	0	272
272	1	268
112	0	130
130	1	112
242	0	256
256	1	242
242	0	274
274	1	242
242	0	257
257	1	242
194	0	233
233	1	194
49	0	146
146	1	49
49	0	114
114	1	49
49	0	92
92	1	49
265	0	270
270	1	265
175	0	222
222	1	175
221	0	259
259	1	221
221	0	247
247	1	221
123	0	133
133	1	123
123	0	131
131	1	123
17	0	94
94	1	17
17	0	132
132	1	17
251	0	263
263	1	251
260	0	269
269	1	260
108	0	122
122	1	108
259	0	272
272	1	259
259	0	268
268	1	259
141	0	144
144	1	141
20	0	146
146	1	20
20	0	178
178	1	20
98	0	146
146	1	98
98	0	209
209	1	98
250	0	261
261	1	250
250	0	262
262	1	250
219	0	246
246	1	219
82	0	108
108	1	82
82	0	122
122	1	82
105	0	146
146	1	105
105	0	202
202	1	105
66	0	100
100	1	66
48	0	146
146	1	48
48	0	253
253	1	48
71	0	146
146	1	71
71	0	253
253	1	71
271	0	274
274	1	271
10	0	146
146	1	10
228	0	251
251	1	228
36	0	236
236	1	36
35	0	146
146	1	35
35	0	211
211	1	35
198	0	236
236	1	198
263	0	270
270	1	263
21	0	79
79	1	21
73	0	109
109	1	73
245	0	258
258	1	245
114	0	146
146	1	114
189	0	231
231	1	189
204	0	256
256	1	204
136	0	269
269	1	136
165	0	261
261	1	165
