2	10	0
2	9	1
3	6	2
3	43	3
3	14	4
4	13	0
5	15	0
5	15	5
5	15	6
5	16	1
5	16	7
5	16	8
5	16	9
5	25	10
5	25	11
5	25	12
5	25	13
6	13	14
7	18	15
7	9	16
8	10	17
9	12	9
9	12	8
9	13	18
9	13	19
10	5	7
11	12	20
11	13	21
12	61	22
12	53	7
13	34	23
14	43	10
14	5	5
14	5	8
16	20	24
16	31	12
16	31	13
17	12	20
17	13	25
18	27	17
18	27	26
19	20	27
19	20	28
19	23	9
19	23	8
20	31	12
20	20	29
20	23	30
21	6	31
21	14	15
21	5	16
22	6	32
22	6	15
22	14	33
22	14	15
22	14	34
23	20	33
24	18	22
