14	0	26
26	1	14
14	0	16
16	1	14
14	0	27
27	1	14
14	0	28
28	1	14
14	0	29
29	1	14
14	0	17
17	1	14
14	0	25
25	1	14
14	0	18
18	1	14
14	0	19
19	1	14
14	0	20
20	1	14
14	0	21
21	1	14
14	0	22
22	1	14
14	0	23
23	1	14
14	0	24
24	1	14
2	0	14
14	1	2
2	0	21
21	1	2
2	0	23
23	1	2
2	0	24
24	1	2
2	0	8
8	1	2
2	0	9
9	1	2
8	0	14
14	1	8
9	0	14
14	1	9
9	0	21
21	1	9
5	0	14
14	1	5
5	0	16
16	1	5
5	0	26
26	1	5
10	0	11
11	1	10
10	0	12
12	1	10
10	0	14
14	1	10
10	0	26
26	1	10
10	0	17
17	1	10
26	0	28
28	1	26
26	0	29
29	1	26
25	0	26
26	1	25
25	0	29
29	1	25
25	0	27
27	1	25
27	0	29
29	1	27
11	0	14
14	1	11
11	0	26
26	1	11
11	0	13
13	1	11
3	0	14
14	1	3
3	0	26
26	1	3
3	0	17
17	1	3
3	0	10
10	1	3
12	0	14
14	1	12
12	0	26
26	1	12
12	0	19
19	1	12
12	0	15
15	1	12
16	0	26
26	1	16
16	0	25
25	1	16
16	0	27
27	1	16
19	0	26
26	1	19
17	0	26
26	1	17
21	0	26
26	1	21
6	0	13
13	1	6
6	0	11
11	1	6
4	0	15
15	1	4
4	0	12
12	1	4
