12	0	13
13	1	12
12	0	18
18	1	12
12	0	16
16	1	12
12	0	17
17	1	12
12	0	22
22	1	12
12	0	47
47	1	12
12	0	25
25	1	12
12	0	29
29	1	12
12	0	31
31	1	12
12	0	33
33	1	12
12	0	35
35	1	12
12	0	37
37	1	12
12	0	38
38	1	12
12	0	39
39	1	12
12	0	42
42	1	12
12	0	19
19	1	12
12	0	14
14	1	12
12	0	45
45	1	12
12	0	50
50	1	12
12	0	15
15	1	12
16	0	18
18	1	16
16	0	22
22	1	16
16	0	47
47	1	16
16	0	25
25	1	16
16	0	24
24	1	16
5	0	33
33	1	5
5	0	35
35	1	5
5	0	39
39	1	5
5	0	41
41	1	5
6	0	44
44	1	6
6	0	41
41	1	6
6	0	17
17	1	6
14	0	19
19	1	14
14	0	22
22	1	14
14	0	47
47	1	14
14	0	45
45	1	14
14	0	50
50	1	14
14	0	31
31	1	14
14	0	17
17	1	14
14	0	29
29	1	14
14	0	38
38	1	14
32	0	34
34	1	32
32	0	36
36	1	32
11	0	43
43	1	11
11	0	50
50	1	11
11	0	13
13	1	11
11	0	18
18	1	11
11	0	22
22	1	11
11	0	47
47	1	11
11	0	16
16	1	11
11	0	25
25	1	11
11	0	12
12	1	11
2	0	50
50	1	2
2	0	12
12	1	2
2	0	13
13	1	2
2	0	18
18	1	2
2	0	17
17	1	2
2	0	47
47	1	2
2	0	51
51	1	2
2	0	22
22	1	2
2	0	43
43	1	2
2	0	16
16	1	2
2	0	25
25	1	2
2	0	7
7	1	2
2	0	11
11	1	2
2	0	8
8	1	2
8	0	10
10	1	8
8	0	12
12	1	8
8	0	18
18	1	8
8	0	13
13	1	8
8	0	16
16	1	8
8	0	22
22	1	8
8	0	47
47	1	8
8	0	25
25	1	8
8	0	11
11	1	8
4	0	29
29	1	4
4	0	31
31	1	4
4	0	9
9	1	4
9	0	31
31	1	9
9	0	29
29	1	9
33	0	35
35	1	33
33	0	42
42	1	33
33	0	45
45	1	33
33	0	50
50	1	33
33	0	38
38	1	33
33	0	37
37	1	33
33	0	47
47	1	33
33	0	39
39	1	33
37	0	38
38	1	37
37	0	39
39	1	37
37	0	42
42	1	37
37	0	45
45	1	37
37	0	50
50	1	37
37	0	47
47	1	37
39	0	40
40	1	39
39	0	47
47	1	39
39	0	42
42	1	39
39	0	45
45	1	39
39	0	50
50	1	39
39	0	41
41	1	39
40	0	42
42	1	40
40	0	46
46	1	40
40	0	51
51	1	40
40	0	48
48	1	40
40	0	43
43	1	40
3	0	19
19	1	3
3	0	14
14	1	3
3	0	51
51	1	3
3	0	48
48	1	3
34	0	36
36	1	34
43	0	50
50	1	43
18	0	22
22	1	18
18	0	25
25	1	18
18	0	47
47	1	18
13	0	18
18	1	13
13	0	22
22	1	13
13	0	47
47	1	13
13	0	25
25	1	13
13	0	16
16	1	13
17	0	22
22	1	17
17	0	47
47	1	17
17	0	29
29	1	17
17	0	31
31	1	17
17	0	35
35	1	17
17	0	37
37	1	17
17	0	42
42	1	17
17	0	51
51	1	17
17	0	45
45	1	17
17	0	50
50	1	17
17	0	33
33	1	17
17	0	19
19	1	17
17	0	23
23	1	17
17	0	38
38	1	17
17	0	20
20	1	17
17	0	39
39	1	17
17	0	21
21	1	17
7	0	17
17	1	7
7	0	51
51	1	7
21	0	24
24	1	21
21	0	30
30	1	21
20	0	27
27	1	20
20	0	26
26	1	20
20	0	24
24	1	20
22	0	25
25	1	22
22	0	31
31	1	22
22	0	33
33	1	22
22	0	35
35	1	22
22	0	50
50	1	22
22	0	47
47	1	22
22	0	37
37	1	22
22	0	42
42	1	22
19	0	22
22	1	19
19	0	47
47	1	19
19	0	29
29	1	19
19	0	35
35	1	19
19	0	42
42	1	19
19	0	45
45	1	19
19	0	50
50	1	19
19	0	23
23	1	19
19	0	31
31	1	19
19	0	33
33	1	19
29	0	31
31	1	29
29	0	33
33	1	29
29	0	35
35	1	29
29	0	37
37	1	29
29	0	42
42	1	29
29	0	45
45	1	29
29	0	38
38	1	29
29	0	47
47	1	29
29	0	50
50	1	29
31	0	33
33	1	31
31	0	35
35	1	31
31	0	37
37	1	31
31	0	38
38	1	31
31	0	42
42	1	31
31	0	45
45	1	31
31	0	50
50	1	31
31	0	39
39	1	31
35	0	50
50	1	35
35	0	42
42	1	35
35	0	37
37	1	35
38	0	42
42	1	38
38	0	45
45	1	38
38	0	50
50	1	38
38	0	47
47	1	38
38	0	39
39	1	38
42	0	45
45	1	42
42	0	50
50	1	42
42	0	46
46	1	42
42	0	49
49	1	42
42	0	47
47	1	42
46	0	51
51	1	46
46	0	48
48	1	46
46	0	49
49	1	46
45	0	50
50	1	45
45	0	47
47	1	45
28	0	34
34	1	28
28	0	30
30	1	28
28	0	32
32	1	28
24	0	26
26	1	24
24	0	27
27	1	24
24	0	30
30	1	24
24	0	28
28	1	24
30	0	34
34	1	30
30	0	32
32	1	30
48	0	51
51	1	48
25	0	29
29	1	25
15	0	21
21	1	15
15	0	17
17	1	15
41	0	44
44	1	41
23	0	26
26	1	23
47	0	50
50	1	47
