92	0	104
104	1	92
64	0	104
104	1	64
64	0	136
136	1	64
64	0	120
120	1	64
64	0	79
79	1	64
104	0	138
138	1	104
104	0	105
105	1	104
104	0	135
135	1	104
104	0	106
106	1	104
104	0	153
153	1	104
104	0	107
107	1	104
104	0	108
108	1	104
104	0	109
109	1	104
104	0	110
110	1	104
104	0	141
141	1	104
104	0	137
137	1	104
104	0	111
111	1	104
104	0	155
155	1	104
104	0	133
133	1	104
104	0	146
146	1	104
104	0	157
157	1	104
104	0	156
156	1	104
104	0	112
112	1	104
104	0	113
113	1	104
104	0	134
134	1	104
104	0	151
151	1	104
104	0	147
147	1	104
104	0	114
114	1	104
104	0	145
145	1	104
104	0	115
115	1	104
104	0	136
136	1	104
104	0	116
116	1	104
104	0	152
152	1	104
104	0	150
150	1	104
104	0	117
117	1	104
104	0	118
118	1	104
104	0	119
119	1	104
104	0	120
120	1	104
104	0	121
121	1	104
104	0	122
122	1	104
104	0	123
123	1	104
104	0	148
148	1	104
104	0	124
124	1	104
104	0	142
142	1	104
104	0	125
125	1	104
104	0	126
126	1	104
104	0	127
127	1	104
104	0	128
128	1	104
104	0	129
129	1	104
104	0	143
143	1	104
104	0	144
144	1	104
104	0	130
130	1	104
104	0	140
140	1	104
104	0	131
131	1	104
104	0	132
132	1	104
126	0	138
138	1	126
6	0	151
151	1	6
6	0	145
145	1	6
6	0	104
104	1	6
6	0	94
94	1	6
94	0	103
103	1	94
94	0	101
101	1	94
94	0	98
98	1	94
94	0	99
99	1	94
94	0	104
104	1	94
94	0	100
100	1	94
94	0	113
113	1	94
94	0	134
134	1	94
94	0	151
151	1	94
94	0	145
145	1	94
102	0	104
104	1	102
102	0	109
109	1	102
71	0	104
104	1	71
2	0	104
104	1	2
2	0	71
71	1	2
2	0	92
92	1	2
2	0	75
75	1	2
2	0	85
85	1	2
129	0	153
153	1	129
129	0	148
148	1	129
129	0	140
140	1	129
148	0	153
153	1	148
140	0	153
153	1	140
140	0	148
148	1	140
15	0	110
110	1	15
15	0	141
141	1	15
15	0	104
104	1	15
15	0	65
65	1	15
122	0	137
137	1	122
97	0	104
104	1	97
97	0	137
137	1	97
97	0	122
122	1	97
97	0	111
111	1	97
10	0	59
59	1	10
10	0	60
60	1	10
67	0	81
81	1	67
3	0	57
57	1	3
23	0	116
116	1	23
23	0	82
82	1	23
23	0	70
70	1	23
70	0	116
116	1	70
70	0	104
104	1	70
70	0	82
82	1	70
142	0	157
157	1	142
142	0	156
156	1	142
142	0	149
149	1	142
142	0	154
154	1	142
131	0	157
157	1	131
131	0	156
156	1	131
131	0	149
149	1	131
131	0	154
154	1	131
131	0	142
142	1	131
131	0	143
143	1	131
143	0	157
157	1	143
143	0	156
156	1	143
143	0	154
154	1	143
143	0	149
149	1	143
56	0	104
104	1	56
56	0	88
88	1	56
56	0	94
94	1	56
56	0	76
76	1	56
75	0	96
96	1	75
75	0	90
90	1	75
75	0	138
138	1	75
75	0	104
104	1	75
75	0	111
111	1	75
75	0	97
97	1	75
75	0	93
93	1	75
75	0	92
92	1	75
75	0	84
84	1	75
75	0	91
91	1	75
75	0	119
119	1	75
75	0	85
85	1	75
75	0	86
86	1	75
75	0	87
87	1	75
14	0	104
104	1	14
14	0	120
120	1	14
14	0	79
79	1	14
14	0	64
64	1	14
119	0	138
138	1	119
26	0	138
138	1	26
26	0	119
119	1	26
26	0	126
126	1	26
26	0	75
75	1	26
26	0	104
104	1	26
31	0	117
117	1	31
100	0	104
104	1	100
100	0	109
109	1	100
100	0	102
102	1	100
100	0	103
103	1	100
12	0	147
147	1	12
12	0	61
61	1	12
61	0	147
147	1	61
50	0	147
147	1	50
50	0	114
114	1	50
24	0	104
104	1	24
24	0	71
71	1	24
65	0	130
130	1	65
65	0	80
80	1	65
65	0	141
141	1	65
45	0	130
130	1	45
45	0	80
80	1	45
45	0	104
104	1	45
45	0	123
123	1	45
86	0	104
104	1	86
86	0	111
111	1	86
86	0	97
97	1	86
86	0	93
93	1	86
27	0	72
72	1	27
27	0	74
74	1	27
4	0	58
58	1	4
13	0	62
62	1	13
13	0	63
63	1	13
144	0	155
155	1	144
144	0	150
150	1	144
132	0	155
155	1	132
132	0	150
150	1	132
132	0	144
144	1	132
85	0	104
104	1	85
85	0	92
92	1	85
76	0	94
94	1	76
76	0	104
104	1	76
76	0	88
88	1	76
88	0	94
94	1	88
88	0	104
104	1	88
91	0	104
104	1	91
21	0	104
104	1	21
21	0	68
68	1	21
21	0	147
147	1	21
21	0	114
114	1	21
21	0	118
118	1	21
21	0	87
87	1	21
21	0	75
75	1	21
127	0	147
147	1	127
127	0	139
139	1	127
68	0	104
104	1	68
68	0	147
147	1	68
68	0	114
114	1	68
68	0	118
118	1	68
139	0	147
147	1	139
93	0	104
104	1	93
93	0	111
111	1	93
93	0	97
97	1	93
40	0	104
104	1	40
40	0	111
111	1	40
40	0	97
97	1	40
40	0	93
93	1	40
40	0	75
75	1	40
9	0	62
62	1	9
7	0	104
104	1	7
51	0	104
104	1	51
46	0	155
155	1	46
46	0	150
150	1	46
150	0	155
155	1	150
80	0	130
130	1	80
80	0	104
104	1	80
89	0	95
95	1	89
79	0	104
104	1	79
79	0	120
120	1	79
82	0	116
116	1	82
149	0	157
157	1	149
149	0	156
156	1	149
149	0	154
154	1	149
136	0	146
146	1	136
136	0	152
152	1	136
84	0	96
96	1	84
84	0	90
90	1	84
84	0	91
91	1	84
30	0	117
117	1	30
30	0	104
104	1	30
110	0	141
141	1	110
69	0	104
104	1	69
69	0	146
146	1	69
69	0	152
152	1	69
69	0	136
136	1	69
69	0	115
115	1	69
113	0	151
151	1	113
113	0	145
145	1	113
113	0	134
134	1	113
130	0	141
141	1	130
44	0	112
112	1	44
44	0	104
104	1	44
22	0	104
104	1	22
22	0	146
146	1	22
22	0	152
152	1	22
22	0	136
136	1	22
22	0	69
69	1	22
22	0	115
115	1	22
32	0	73
73	1	32
32	0	83
83	1	32
120	0	136
136	1	120
38	0	127
127	1	38
38	0	104
104	1	38
108	0	133
133	1	108
114	0	147
147	1	114
134	0	151
151	1	134
134	0	145
145	1	134
39	0	74
74	1	39
37	0	105
105	1	37
20	0	81
81	1	20
20	0	67
67	1	20
18	0	66
66	1	18
5	0	104
104	1	5
17	0	77
77	1	17
118	0	147
147	1	118
117	0	135
135	1	117
145	0	151
151	1	145
154	0	157
157	1	154
154	0	156
156	1	154
156	0	157
157	1	156
73	0	83
83	1	73
146	0	152
152	1	146
90	0	96
96	1	90
99	0	103
103	1	99
98	0	101
101	1	98
49	0	104
104	1	49
58	0	77
77	1	58
63	0	78
78	1	63
77	0	89
89	1	77
103	0	104
104	1	103
