13	0	22
22	1	13
13	0	14
14	1	13
13	0	23
23	1	13
13	0	15
15	1	13
13	0	20
20	1	13
13	0	21
21	1	13
15	0	23
23	1	15
15	0	21
21	1	15
15	0	22
22	1	15
15	0	24
24	1	15
15	0	25
25	1	15
15	0	26
26	1	15
15	0	16
16	1	15
15	0	18
18	1	15
15	0	19
19	1	15
15	0	20
20	1	15
15	0	17
17	1	15
8	0	19
19	1	8
8	0	16
16	1	8
8	0	11
11	1	8
8	0	18
18	1	8
8	0	21
21	1	8
8	0	15
15	1	8
8	0	22
22	1	8
8	0	23
23	1	8
8	0	17
17	1	8
8	0	26
26	1	8
8	0	20
20	1	8
8	0	9
9	1	8
8	0	10
10	1	8
8	0	13
13	1	8
8	0	12
12	1	8
2	0	19
19	1	2
2	0	15
15	1	2
2	0	17
17	1	2
2	0	9
9	1	2
2	0	26
26	1	2
2	0	20
20	1	2
2	0	8
8	1	2
10	0	15
15	1	10
10	0	11
11	1	10
10	0	18
18	1	10
10	0	21
21	1	10
10	0	13
13	1	10
10	0	22
22	1	10
10	0	23
23	1	10
10	0	12
12	1	10
10	0	16
16	1	10
18	0	21
21	1	18
18	0	22
22	1	18
18	0	23
23	1	18
18	0	19
19	1	18
16	0	21
21	1	16
16	0	22
22	1	16
16	0	23
23	1	16
16	0	19
19	1	16
16	0	18
18	1	16
11	0	18
18	1	11
11	0	21
21	1	11
11	0	13
13	1	11
11	0	22
22	1	11
11	0	23
23	1	11
11	0	15
15	1	11
11	0	12
12	1	11
11	0	19
19	1	11
12	0	21
21	1	12
12	0	22
22	1	12
12	0	23
23	1	12
12	0	15
15	1	12
12	0	18
18	1	12
12	0	19
19	1	12
12	0	13
13	1	12
9	0	15
15	1	9
9	0	26
26	1	9
9	0	20
20	1	9
9	0	17
17	1	9
9	0	19
19	1	9
22	0	23
23	1	22
23	0	25
25	1	23
23	0	26
26	1	23
23	0	24
24	1	23
17	0	26
26	1	17
17	0	20
20	1	17
19	0	26
26	1	19
19	0	20
20	1	19
19	0	21
21	1	19
24	0	26
26	1	24
24	0	25
25	1	24
20	0	26
26	1	20
21	0	22
22	1	21
21	0	23
23	1	21
4	0	15
15	1	4
4	0	7
7	1	4
5	0	8
8	1	5
7	0	15
15	1	7
25	0	26
26	1	25
3	0	6
6	1	3
