38	0	65
65	1	38
38	0	39
39	1	38
38	0	40
40	1	38
38	0	74
74	1	38
38	0	98
98	1	38
38	0	96
96	1	38
38	0	105
105	1	38
38	0	41
41	1	38
38	0	102
102	1	38
38	0	78
78	1	38
38	0	112
112	1	38
38	0	42
42	1	38
38	0	114
114	1	38
38	0	76
76	1	38
38	0	43
43	1	38
38	0	44
44	1	38
38	0	88
88	1	38
38	0	128
128	1	38
38	0	45
45	1	38
38	0	66
66	1	38
38	0	91
91	1	38
38	0	119
119	1	38
38	0	107
107	1	38
38	0	79
79	1	38
38	0	77
77	1	38
38	0	130
130	1	38
38	0	83
83	1	38
38	0	60
60	1	38
38	0	71
71	1	38
38	0	108
108	1	38
38	0	92
92	1	38
38	0	67
67	1	38
38	0	131
131	1	38
38	0	80
80	1	38
38	0	103
103	1	38
38	0	72
72	1	38
38	0	73
73	1	38
38	0	81
81	1	38
38	0	116
116	1	38
38	0	46
46	1	38
38	0	133
133	1	38
38	0	125
125	1	38
38	0	84
84	1	38
38	0	61
61	1	38
38	0	100
100	1	38
38	0	106
106	1	38
38	0	129
129	1	38
38	0	47
47	1	38
38	0	48
48	1	38
38	0	109
109	1	38
38	0	93
93	1	38
38	0	68
68	1	38
38	0	132
132	1	38
38	0	104
104	1	38
38	0	82
82	1	38
38	0	85
85	1	38
38	0	49
49	1	38
38	0	134
134	1	38
38	0	126
126	1	38
38	0	50
50	1	38
38	0	99
99	1	38
38	0	113
113	1	38
38	0	117
117	1	38
38	0	101
101	1	38
38	0	118
118	1	38
38	0	51
51	1	38
38	0	52
52	1	38
38	0	53
53	1	38
38	0	54
54	1	38
38	0	55
55	1	38
38	0	75
75	1	38
38	0	56
56	1	38
38	0	57
57	1	38
38	0	58
58	1	38
38	0	59
59	1	38
26	0	38
38	1	26
26	0	65
65	1	26
26	0	39
39	1	26
26	0	36
36	1	26
36	0	39
39	1	36
36	0	38
38	1	36
36	0	46
46	1	36
36	0	49
49	1	36
36	0	65
65	1	36
36	0	83
83	1	36
36	0	40
40	1	36
36	0	96
96	1	36
36	0	84
84	1	36
36	0	45
45	1	36
36	0	133
133	1	36
36	0	125
125	1	36
36	0	134
134	1	36
36	0	126
126	1	36
36	0	51
51	1	36
36	0	52
52	1	36
36	0	98
98	1	36
36	0	88
88	1	36
36	0	74
74	1	36
36	0	75
75	1	36
36	0	37
37	1	36
27	0	60
60	1	27
27	0	61
61	1	27
27	0	30
30	1	27
27	0	72
72	1	27
27	0	31
31	1	27
27	0	65
65	1	27
27	0	114
114	1	27
27	0	76
76	1	27
27	0	38
38	1	27
27	0	43
43	1	27
27	0	36
36	1	27
27	0	128
128	1	27
27	0	130
130	1	27
27	0	113
113	1	27
27	0	32
32	1	27
27	0	42
42	1	27
27	0	100
100	1	27
27	0	48
48	1	27
27	0	33
33	1	27
65	0	71
71	1	65
65	0	103
103	1	65
65	0	102
102	1	65
65	0	72
72	1	65
65	0	104
104	1	65
65	0	131
131	1	65
65	0	73
73	1	65
65	0	96
96	1	65
65	0	116
116	1	65
65	0	112
112	1	65
65	0	106
106	1	65
65	0	129
129	1	65
65	0	132
132	1	65
65	0	74
74	1	65
65	0	75
75	1	65
65	0	114
114	1	65
65	0	76
76	1	65
65	0	113
113	1	65
65	0	128
128	1	65
65	0	77
77	1	65
65	0	130
130	1	65
65	0	78
78	1	65
65	0	79
79	1	65
65	0	117
117	1	65
65	0	111
111	1	65
65	0	118
118	1	65
65	0	115
115	1	65
65	0	100
100	1	65
65	0	99
99	1	65
65	0	101
101	1	65
65	0	80
80	1	65
65	0	81
81	1	65
65	0	82
82	1	65
65	0	83
83	1	65
65	0	84
84	1	65
65	0	85
85	1	65
65	0	86
86	1	65
65	0	87
87	1	65
65	0	88
88	1	65
65	0	89
89	1	65
65	0	90
90	1	65
64	0	110
110	1	64
64	0	94
94	1	64
64	0	95
95	1	64
64	0	122
122	1	64
64	0	123
123	1	64
64	0	69
69	1	64
64	0	70
70	1	64
18	0	38
38	1	18
18	0	36
36	1	18
18	0	65
65	1	18
18	0	74
74	1	18
18	0	98
98	1	18
18	0	37
37	1	18
18	0	75
75	1	18
75	0	98
98	1	75
73	0	96
96	1	73
73	0	97
97	1	73
25	0	38
38	1	25
2	0	65
65	1	2
2	0	46
46	1	2
2	0	38
38	1	2
2	0	36
36	1	2
2	0	49
49	1	2
2	0	83
83	1	2
2	0	84
84	1	2
2	0	39
39	1	2
2	0	25
25	1	2
2	0	26
26	1	2
2	0	27
27	1	2
10	0	36
36	1	10
10	0	112
112	1	10
10	0	38
38	1	10
10	0	65
65	1	10
10	0	86
86	1	10
125	0	133
133	1	125
43	0	65
65	1	43
43	0	114
114	1	43
43	0	76
76	1	43
43	0	77
77	1	43
43	0	62
62	1	43
43	0	69
69	1	43
43	0	112
112	1	43
43	0	100
100	1	43
43	0	106
106	1	43
43	0	63
63	1	43
43	0	70
70	1	43
43	0	108
108	1	43
43	0	120
120	1	43
43	0	113
113	1	43
43	0	109
109	1	43
43	0	121
121	1	43
43	0	110
110	1	43
43	0	64
64	1	43
43	0	117
117	1	43
43	0	118
118	1	43
43	0	71
71	1	43
43	0	88
88	1	43
100	0	112
112	1	100
100	0	113
113	1	100
100	0	114
114	1	100
30	0	113
113	1	30
13	0	38
38	1	13
13	0	36
36	1	13
13	0	65
65	1	13
13	0	74
74	1	13
13	0	98
98	1	13
13	0	37
37	1	13
13	0	75
75	1	13
55	0	66
66	1	55
55	0	91
91	1	55
55	0	119
119	1	55
55	0	107
107	1	55
24	0	66
66	1	24
24	0	91
91	1	24
24	0	119
119	1	24
24	0	107
107	1	24
24	0	38
38	1	24
24	0	55
55	1	24
16	0	36
36	1	16
16	0	112
112	1	16
16	0	38
38	1	16
16	0	65
65	1	16
16	0	87
87	1	16
126	0	134
134	1	126
31	0	113
113	1	31
3	0	65
65	1	3
3	0	50
50	1	3
3	0	42
42	1	3
3	0	38
38	1	3
58	0	108
108	1	58
58	0	92
92	1	58
58	0	67
67	1	58
67	0	120
120	1	67
67	0	108
108	1	67
67	0	92
92	1	67
20	0	72
72	1	20
40	0	72
72	1	40
37	0	98
98	1	37
37	0	38
38	1	37
37	0	75
75	1	37
37	0	74
74	1	37
37	0	65
65	1	37
56	0	96
96	1	56
5	0	96
96	1	5
5	0	65
65	1	5
5	0	38
38	1	5
5	0	36
36	1	5
5	0	74
74	1	5
112	0	133
133	1	112
112	0	125
125	1	112
112	0	134
134	1	112
112	0	126
126	1	112
106	0	129
129	1	106
106	0	117
117	1	106
106	0	118
118	1	106
117	0	129
129	1	117
117	0	128
128	1	117
99	0	129
129	1	99
99	0	111
111	1	99
111	0	124
124	1	111
89	0	124
124	1	89
89	0	111
111	1	89
48	0	72
72	1	48
48	0	128
128	1	48
48	0	130
130	1	48
48	0	65
65	1	48
32	0	72
72	1	32
32	0	38
38	1	32
32	0	128
128	1	32
32	0	130
130	1	32
32	0	65
65	1	32
32	0	48
48	1	32
9	0	72
72	1	9
9	0	38
38	1	9
9	0	128
128	1	9
9	0	65
65	1	9
9	0	32
32	1	9
9	0	48
48	1	9
9	0	27
27	1	9
29	0	38
38	1	29
29	0	65
65	1	29
29	0	113
113	1	29
29	0	34
34	1	29
29	0	35
35	1	29
7	0	38
38	1	7
7	0	65
65	1	7
7	0	29
29	1	7
7	0	34
34	1	7
34	0	38
38	1	34
34	0	65
65	1	34
59	0	109
109	1	59
59	0	93
93	1	59
59	0	68
68	1	59
68	0	121
121	1	68
68	0	109
109	1	68
68	0	93
93	1	68
14	0	72
72	1	14
45	0	72
72	1	45
57	0	96
96	1	57
118	0	129
129	1	118
118	0	130
130	1	118
101	0	129
129	1	101
101	0	115
115	1	101
90	0	127
127	1	90
90	0	115
115	1	90
115	0	127
127	1	115
15	0	72
72	1	15
15	0	38
38	1	15
15	0	130
130	1	15
15	0	65
65	1	15
15	0	32
32	1	15
15	0	48
48	1	15
15	0	27
27	1	15
35	0	38
38	1	35
35	0	65
65	1	35
23	0	38
38	1	23
23	0	65
65	1	23
23	0	29
29	1	23
23	0	35
35	1	23
17	0	65
65	1	17
17	0	36
36	1	17
17	0	28
28	1	17
28	0	65
65	1	28
28	0	36
36	1	28
88	0	133
133	1	88
88	0	125
125	1	88
88	0	134
134	1	88
88	0	126
126	1	88
88	0	106
106	1	88
76	0	113
113	1	76
76	0	112
112	1	76
76	0	100
100	1	76
76	0	99
99	1	76
76	0	114
114	1	76
33	0	65
65	1	33
33	0	36
36	1	33
77	0	113
113	1	77
77	0	112
112	1	77
77	0	100
100	1	77
77	0	101
101	1	77
77	0	114
114	1	77
80	0	103
103	1	80
80	0	104
104	1	80
110	0	122
122	1	110
110	0	123
123	1	110
42	0	60
60	1	42
42	0	61
61	1	42
92	0	120
120	1	92
92	0	108
108	1	92
93	0	121
121	1	93
93	0	109
109	1	93
66	0	91
91	1	66
66	0	119
119	1	66
66	0	107
107	1	66
108	0	120
120	1	108
109	0	121
121	1	109
39	0	65
65	1	39
39	0	83
83	1	39
39	0	84
84	1	39
78	0	102
102	1	78
78	0	116
116	1	78
79	0	102
102	1	79
79	0	116
116	1	79
69	0	94
94	1	69
70	0	95
95	1	70
91	0	119
119	1	91
91	0	107
107	1	91
81	0	105
105	1	81
82	0	105
105	1	82
107	0	119
119	1	107
102	0	116
116	1	102
94	0	110
110	1	94
95	0	110
110	1	95
122	0	131
131	1	122
123	0	132
132	1	123
8	0	50
50	1	8
21	0	50
50	1	21
