2	4	0
2	4	1
2	4	2
2	4	3
2	10	4
2	10	5
2	10	6
2	10	7
2	9	8
3	6	9
5	6	10
5	14	11
5	5	12
6	14	13
6	14	14
6	6	15
6	6	16
6	43	17
6	43	18
7	4	19
7	9	20
8	36	21
10	14	22
11	13	23
12	16	24
12	25	25
13	13	26
14	36	21
15	25	27
15	16	28
18	25	30
18	16	31
22	14	33
22	14	34
22	14	35
23	14	36
23	14	37
23	14	38
24	12	11
24	13	39
24	13	40
25	20	41
27	13	22
29	25	42
30	25	43
31	6	44
31	6	45
31	14	46
31	14	47
31	14	48
31	14	49
31	14	50
31	14	51
31	5	12
34	13	44
34	11	46
35	13	45
35	11	49
36	6	9
37	11	45
37	11	49
37	12	48
37	13	51
38	24	13
38	24	52
38	24	53
38	24	14
38	24	54
38	24	55
38	24	56
38	24	57
38	24	58
38	24	59
38	24	60
38	15	61
38	15	62
38	15	63
38	15	64
38	15	65
38	15	8
38	15	66
38	15	67
38	15	68
38	15	69
38	15	70
38	15	71
38	15	72
38	15	73
38	15	11
38	15	20
38	15	74
38	15	75
38	25	76
38	25	4
38	25	7
38	25	6
38	25	77
38	25	78
38	25	79
38	25	80
38	25	81
38	25	5
38	25	82
38	25	83
38	25	84
38	25	85
38	25	86
38	26	2
38	26	7
38	26	4
38	26	87
38	26	3
38	26	1
38	26	5
38	26	83
38	26	17
38	26	18
38	26	0
38	16	88
38	16	89
38	16	12
38	16	29
38	16	90
38	16	91
38	16	24
38	16	92
38	16	93
38	16	94
39	13	95
39	13	96
39	12	24
40	27	59
41	20	97
41	23	98
42	20	99
42	23	100
43	57	101
43	57	102
44	15	8
45	23	12
45	20	103
46	25	104
46	25	105
47	23	12
47	20	106
48	12	24
48	13	107
49	34	62
49	34	108
49	34	68
49	34	8
49	34	20
49	34	109
51	12	12
51	13	53
51	13	56
51	13	110
52	10	111
52	9	112
53	10	113
53	9	114
54	23	24
54	31	25
54	20	115
55	13	116
56	13	117
57	13	118
57	12	12
58	13	119
58	12	12
60	20	120
61	20	121
62	20	122
62	31	1
62	23	62
63	20	123
63	31	3
63	23	68
64	13	124
64	13	47
64	13	125
64	13	126
64	13	127
64	13	128
64	13	129
64	13	130
64	13	131
64	13	132
64	13	133
64	13	134
64	13	135
64	13	136
64	13	137
64	13	138
64	13	139
64	13	140
64	12	62
64	12	8
64	12	68
64	12	67
64	12	91
64	12	50
64	12	20
64	12	94
64	11	110
64	11	46
64	11	53
64	11	44
64	11	141
64	11	56
65	20	142
66	27	143
67	20	71
67	23	8
68	20	63
68	23	8
69	31	86
69	31	85
69	20	144
69	20	145
69	20	146
69	19	110
69	23	147
70	20	148
71	20	66
72	20	72
73	31	77
73	23	94
73	20	149
74	31	76
74	23	94
74	20	150
