4	0	11
11	1	4
4	0	15
15	1	4
10	0	15
15	1	10
10	0	11
11	1	10
11	0	12
12	1	11
11	0	13
13	1	11
11	0	21
21	1	11
11	0	14
14	1	11
11	0	15
15	1	11
11	0	16
16	1	11
11	0	22
22	1	11
11	0	23
23	1	11
11	0	26
26	1	11
11	0	17
17	1	11
11	0	24
24	1	11
11	0	18
18	1	11
11	0	19
19	1	11
11	0	20
20	1	11
3	0	11
11	1	3
3	0	9
9	1	3
3	0	10
10	1	3
2	0	11
11	1	2
2	0	7
7	1	2
2	0	8
8	1	2
8	0	11
11	1	8
7	0	24
24	1	7
7	0	11
11	1	7
9	0	11
11	1	9
9	0	10
10	1	9
5	0	11
11	1	5
5	0	26
26	1	5
5	0	23
23	1	5
5	0	17
17	1	5
6	0	11
11	1	6
17	0	26
26	1	17
17	0	23
23	1	17
13	0	24
24	1	13
13	0	21
21	1	13
21	0	24
24	1	21
22	0	25
25	1	22
16	0	25
25	1	16
16	0	22
22	1	16
23	0	26
26	1	23
