4	0	13
13	1	4
4	0	18
18	1	4
24	0	28
28	1	24
24	0	25
25	1	24
15	0	27
27	1	15
15	0	30
30	1	15
15	0	28
28	1	15
15	0	25
25	1	15
8	0	20
20	1	8
8	0	22
22	1	8
8	0	23
23	1	8
9	0	14
14	1	9
2	0	25
25	1	2
2	0	11
11	1	2
2	0	26
26	1	2
2	0	28
28	1	2
2	0	24
24	1	2
25	0	26
26	1	25
25	0	27
27	1	25
25	0	28
28	1	25
11	0	26
26	1	11
11	0	27
27	1	11
11	0	28
28	1	11
11	0	25
25	1	11
11	0	24
24	1	11
11	0	15
15	1	11
17	0	23
23	1	17
17	0	22
22	1	17
17	0	19
19	1	17
17	0	20
20	1	17
22	0	28
28	1	22
22	0	23
23	1	22
22	0	24
24	1	22
20	0	30
30	1	20
20	0	21
21	1	20
20	0	22
22	1	20
12	0	30
30	1	12
12	0	19
19	1	12
12	0	16
16	1	12
12	0	17
17	1	12
5	0	19
19	1	5
5	0	16
16	1	5
5	0	17
17	1	5
5	0	12
12	1	5
23	0	28
28	1	23
7	0	13
13	1	7
7	0	18
18	1	7
13	0	18
18	1	13
26	0	29
29	1	26
27	0	30
30	1	27
16	0	19
19	1	16
