0	49
1	48
2	49
3	49
4	49
5	49
6	49
7	49
8	48
9	46
10	51
11	46
12	49
13	49
14	49
15	49
16	49
17	48
18	49
19	46
20	46
21	49
22	48
23	46
24	48
25	48
26	48
27	48
28	49
29	50
30	50
31	49
32	49
33	49
34	49
35	46
36	46
37	51
38	46
39	46
40	49
41	50
42	50
43	49
44	49
45	49
46	49
47	46
48	49
49	49
50	49
51	49
52	49
53	50
54	49
55	49
56	49
57	51
58	51
59	49
60	49
61	49
62	49
63	49
64	49
65	49
66	49
67	48
68	48
69	49
70	49
71	49
72	50
73	49
74	50
75	49
76	49
77	49
78	49
79	50
80	50
81	50
82	50
83	50
84	50
85	48
86	48
87	49
88	49
89	49
90	49
91	51
92	51
93	49
94	49
95	49
96	49
97	46
98	49
99	49
100	49
101	49
102	49
103	49
104	48
105	49
106	49
107	49
108	50
109	49
110	46
111	49
112	49
113	49
114	49
115	49
116	48
117	46
118	49
119	46
120	49
121	48
122	49
123	49
124	49
125	50
126	49
127	50
128	49
129	48
130	50
131	48
132	49
133	49
134	48
135	48
136	49
137	49
138	49
139	49
140	48
141	50
142	49
143	49
144	49
145	46
146	49
147	50
148	49
149	49
150	49
151	49
152	50
153	49
154	47
155	46
156	49
157	49
158	49
159	46
160	49
161	49
162	48
163	49
164	49
165	46
166	46
167	50
168	50
169	49
170	52
171	49
172	49
173	49
174	49
175	49
176	48
177	48
178	49
179	49
180	49
181	49
182	51
183	49
184	49
185	50
186	50
187	50
188	49
189	49
190	46
191	49
192	46
193	49
194	48
195	49
196	49
197	46
198	48
199	49
200	49
201	48
202	52
203	50
204	49
205	46
206	50
207	46
208	49
209	49
210	48
211	50
212	49
213	49
214	47
215	49
216	49
217	49
218	49
219	50
220	48
221	49
222	49
223	49
224	49
225	48
226	49
227	49
228	49
229	49
230	49
231	49
232	48
233	49
234	49
235	49
236	49
237	49
238	46
239	49
240	49
241	49
242	47
243	49
244	50
245	49
246	49
247	49
248	49
249	49
250	49
251	49
252	49
253	50
254	49
255	49
256	50
257	52
258	49
259	49
260	49
261	49
262	49
263	49
264	48
265	49
266	49
267	49
268	50
269	51
270	50
271	49
272	46
273	49
274	49
275	49
276	51
277	49
278	49
279	48
280	49
281	50
282	49
283	49
284	46
285	49
286	48
287	49
288	49
289	49
290	49
291	46
292	50
293	49
294	50
295	49
296	49
297	49
298	48
299	49
300	48
301	49
302	49
303	46
304	49
305	49
306	49
307	49
308	49
309	49
310	49
311	49
312	49
313	49
314	49
315	49
316	50
317	49
318	50
319	52
320	49
321	49
322	46
323	50
324	49
325	49
326	49
327	49
328	49
329	49
330	49
331	50
332	49
333	50
334	49
335	49
336	49
337	49
338	52
339	52
340	49
341	49
342	49
343	49
344	49
345	50
346	49
347	49
348	48
349	49
350	46
351	49
352	50
353	49
354	49
355	46
356	49
357	46
358	49
359	50
360	49
361	49
362	49
363	49
364	50
365	49
366	49
367	46
368	49
369	46
370	49
371	46
372	50
373	50
374	49
375	49
376	50
377	49
378	49
379	49
380	49
381	49
382	49
383	47
384	49
385	49
386	49
387	49
388	49
389	50
390	50
391	49
392	49
393	49
394	46
395	49
396	49
397	46
398	49
399	46
400	49
401	49
402	49
403	52
404	49
405	50
406	49
407	50
408	49
409	47
410	46
411	47
412	48
413	49
414	50
415	49
416	49
417	50
418	50
419	49
420	48
421	46
422	50
423	49
424	49
425	49
426	50
427	50
428	49
429	49
430	49
431	48
432	49
433	50
434	51
435	46
436	46
437	52
438	52
439	49
440	48
441	48
442	49
443	48
444	49
445	51
446	49
447	50
448	50
449	49
450	48
451	51
452	49
453	49
454	49
455	49
456	49
457	49
458	46
459	49
460	49
461	49
462	49
463	49
464	49
465	49
466	49
467	49
468	51
469	49
470	48
471	49
472	50
473	50
474	49
475	49
476	49
477	49
478	49
479	52
480	46
481	49
482	49
483	49
484	49
485	50
486	46
487	50
488	49
489	49
490	49
491	51
492	49
493	49
494	51
495	51
496	49
497	49
498	46
499	46
500	46
501	46
502	46
503	46
504	49
505	49
506	49
507	46
508	46
509	49
510	49
511	50
512	49
513	46
514	49
515	49
516	50
517	49
518	49
519	51
520	51
521	49
522	52
523	50
524	50
525	49
526	51
527	49
528	47
529	47
530	49
531	49
532	46
533	46
534	51
535	49
536	49
537	50
538	49
539	49
540	51
541	51
542	49
543	49
544	49
545	49
546	49
547	49
548	49
549	49
550	49
551	49
552	49
553	49
554	49
555	46
556	46
557	47
558	47
559	47
560	47
561	49
562	49
563	49
564	49
565	49
566	49
567	49
568	49
569	49
570	49
571	49
572	50
573	49
574	49
575	49
576	46
577	49
578	49
579	49
580	52
581	52
582	49
583	46
584	49
585	46
586	49
587	49
588	49
589	49
590	49
591	49
592	49
593	50
594	49
595	49
596	49
597	49
598	49
599	49
600	50
601	49
602	49
603	49
604	49
605	49
606	49
607	49
608	49
609	49
610	49
611	49
612	49
613	49
614	49
615	50
616	49
617	51
618	49
619	51
620	51
621	51
622	51
623	49
624	49
625	51
626	50
627	49
628	49
629	49
630	49
631	49
632	51
633	50
634	50
635	49
636	49
637	48
638	49
639	46
640	49
641	49
642	46
643	46
644	49
645	49
646	47
647	47
648	47
649	46
650	46
651	48
652	49
653	49
654	49
655	49
656	49
657	46
658	46
659	46
660	46
661	46
662	48
663	49
664	48
665	51
666	49
667	49
668	49
669	49
670	49
671	49
672	49
673	49
674	49
675	49
676	49
677	49
678	49
679	49
680	49
681	48
682	49
683	49
684	49
685	49
686	49
687	49
688	49
689	50
690	49
691	49
692	49
693	49
694	49
695	49
696	49
697	49
698	49
699	49
700	49
701	49
702	49
703	49
704	49
705	49
706	49
707	49
708	49
709	49
710	49
711	50
712	49
713	49
714	50
715	49
716	49
717	49
718	49
719	49
720	49
721	49
722	49
723	49
724	50
725	49
726	49
727	49
728	49
729	49
730	49
731	49
732	49
733	49
734	49
735	49
736	49
737	49
738	49
739	49
740	49
741	49
742	49
743	49
744	49
745	49
746	49
747	49
748	49
749	50
750	49
751	49
752	49
753	49
754	49
755	49
756	49
757	49
758	49
759	49
760	49
761	49
762	49
763	49
764	49
765	49
766	49
767	49
768	49
769	49
770	49
771	49
772	49
773	49
774	50
775	49
776	49
777	49
778	49
779	50
780	49
781	49
782	49
783	49
784	49
785	49
786	49
787	49
788	49
789	49
790	49
791	49
792	49
793	49
794	49
795	49
796	49
797	49
798	49
799	49
800	49
801	49
802	49
803	49
804	49
805	49
806	49
807	49
808	49
809	49
810	49
811	49
812	49
813	49
814	49
815	49
816	49
817	49
818	49
819	49
820	49
821	49
822	49
823	49
824	51
825	51
826	46
827	46
828	46
829	51
830	51
831	48
832	46
833	51
834	46
835	48
836	51
837	48
838	48
839	51
840	46
841	51
842	46
843	51
844	51
845	51
846	46
847	51
848	48
849	51
850	48
851	46
852	48
853	46
854	46
855	48
856	48
857	46
858	46
859	46
860	46
861	51
862	48
863	51
864	51
865	51
866	51
867	48
868	51
869	46
870	51
871	46
872	46
873	46
874	46
875	51
876	48
877	46
878	51
879	48
880	51
881	46
882	51
883	51
884	51
885	46
886	51
887	48
888	46
889	48
890	48
891	46
892	46
893	46
894	51
895	51
896	46
897	51
898	46
899	51
900	48
901	46
902	46
903	51
904	51
905	46
906	46
907	46
908	51
909	48
910	48
911	46
912	51
913	46
914	51
915	48
916	48
917	51
918	49
919	46
920	49
921	49
922	49
923	49
924	49
925	49
926	49
927	49
928	49
929	46
930	49
931	49
932	49
933	49
934	49
935	49
936	49
937	46
938	49
939	49
940	49
941	49
942	49
943	49
944	49
945	49
946	49
947	49
948	46
949	46
950	49
951	49
952	49
953	49
954	49
955	49
956	49
957	49
958	51
959	49
960	49
961	49
962	49
963	49
964	49
965	49
966	49
967	49
968	49
969	49
970	49
971	49
972	49
973	49
974	49
975	49
976	49
977	49
978	49
979	49
980	49
981	49
982	46
983	49
984	49
985	49
986	49
987	49
988	49
989	49
990	49
991	49
992	49
993	49
994	49
995	49
996	49
997	46
998	49
999	49
1000	49
1001	49
1002	49
1003	49
1004	49
1005	46
1006	49
1007	49
1008	49
1009	49
1010	46
1011	49
1012	49
1013	49
1014	49
1015	49
1016	49
1017	49
1018	49
1019	49
1020	46
1021	49
1022	51
1023	51
1024	49
1025	51
1026	49
1027	49
1028	46
1029	49
1030	49
1031	49
1032	49
1033	49
1034	49
1035	49
1036	49
1037	49
1038	49
1039	49
1040	46
1041	49
1042	49
1043	49
1044	49
1045	49
1046	49
1047	49
1048	49
1049	49
1050	49
1051	49
1052	49
1053	49
1054	46
1055	49
1056	49
1057	49
1058	49
1059	49
1060	46
1061	46
1062	49
1063	49
1064	49
1065	49
1066	49
1067	46
1068	49
1069	46
1070	49
1071	49
1072	49
1073	49
1074	49
1075	49
1076	49
1077	49
1078	51
1079	49
1080	49
1081	49
1082	51
1083	49
1084	49
1085	46
1086	49
1087	49
1088	49
1089	46
1090	49
1091	49
1092	49
1093	49
1094	49
1095	49
1096	49
1097	49
1098	49
1099	49
1100	49
1101	49
1102	49
1103	49
1104	49
1105	49
1106	49
1107	49
1108	49
1109	49
1110	49
1111	49
1112	49
1113	51
1114	49
1115	46
1116	49
1117	49
1118	49
1119	49
1120	49
1121	49
1122	49
1123	46
1124	49
1125	49
1126	46
1127	49
1128	49
1129	49
1130	49
1131	49
1132	49
1133	49
1134	49
1135	46
1136	49
1137	49
1138	46
1139	49
1140	49
1141	49
1142	49
1143	49
1144	46
1145	49
1146	49
1147	49
1148	49
1149	49
1150	49
1151	49
1152	49
1153	49
1154	46
1155	49
1156	49
1157	49
1158	49
1159	49
1160	49
1161	49
1162	49
1163	49
1164	46
1165	49
1166	49
1167	49
1168	49
1169	49
1170	49
1171	46
1172	49
1173	49
1174	49
1175	49
1176	49
1177	49
1178	49
1179	49
1180	49
1181	49
1182	49
1183	49
1184	49
1185	49
1186	49
1187	51
1188	46
1189	49
1190	49
1191	49
1192	49
1193	49
1194	49
1195	49
1196	49
1197	49
1198	46
1199	49
1200	49
1201	49
1202	46
1203	49
1204	49
1205	49
1206	47
1207	49
1208	49
1209	49
1210	49
1211	49
1212	49
1213	49
1214	46
1215	49
1216	49
1217	49
1218	49
1219	49
1220	49
1221	48
1222	49
1223	49
1224	49
1225	49
1226	46
1227	49
1228	49
1229	46
1230	49
1231	49
1232	49
1233	49
1234	49
1235	49
1236	46
1237	49
1238	49
1239	48
1240	49
1241	49
1242	49
1243	49
1244	49
1245	49
1246	49
1247	49
1248	49
1249	49
1250	49
1251	49
1252	49
1253	49
1254	49
1255	49
1256	49
1257	49
1258	49
1259	46
1260	49
1261	49
1262	49
1263	46
1264	49
1265	49
1266	49
1267	49
1268	49
1269	49
1270	51
1271	49
1272	46
1273	49
1274	49
1275	46
1276	49
1277	49
1278	49
1279	49
1280	49
1281	49
1282	49
1283	49
1284	49
1285	49
1286	49
1287	49
1288	46
1289	49
1290	49
1291	49
1292	49
1293	49
1294	49
1295	46
1296	49
1297	49
1298	49
1299	49
1300	49
1301	49
1302	49
1303	46
1304	49
1305	49
1306	49
1307	49
1308	49
1309	49
1310	49
1311	49
1312	49
1313	49
1314	49
1315	49
1316	49
1317	49
1318	49
1319	49
1320	46
1321	49
1322	49
1323	49
1324	49
1325	49
1326	49
1327	49
1328	49
1329	49
1330	49
1331	49
1332	49
1333	49
1334	49
1335	49
1336	49
1337	47
1338	47
1339	52
1340	52
1341	52
1342	52
1343	52
1344	52
1345	52
1346	52
1347	47
1348	52
1349	52
1350	47
1351	52
1352	52
1353	47
1354	52
1355	52
1356	47
1357	52
1358	52
1359	52
1360	52
1361	52
1362	52
1363	52
1364	52
1365	52
1366	47
1367	52
1368	52
1369	52
1370	52
1371	52
1372	52
1373	52
1374	52
1375	52
1376	52
1377	52
1378	52
1379	47
1380	46
1381	46
1382	51
1383	51
1384	51
1385	46
1386	51
1387	46
1388	46
1389	48
1390	51
1391	52
1392	52
1393	52
1394	52
1395	52
1396	52
1397	52
1398	52
1399	52
1400	52
1401	52
1402	52
1403	52
1404	52
1405	52
1406	52
1407	52
1408	52
1409	52
1410	52
1411	52
1412	52
1413	52
1414	52
1415	52
1416	52
1417	52
1418	52
1419	52
1420	52
1421	52
1422	52
1423	52
1424	52
1425	52
1426	52
1427	52
1428	52
1429	52
1430	52
1431	52
1432	52
1433	52
1434	52
1435	52
1436	52
1437	52
1438	52
1439	52
1440	52
1441	52
1442	52
1443	52
1444	52
1445	52
1446	52
1447	52
1448	52
1449	52
1450	52
1451	52
1452	52
1453	52
1454	52
1455	52
1456	52
1457	52
1458	51
1459	51
1460	46
1461	51
1462	46
1463	51
1464	48
1465	51
1466	46
1467	48
1468	46
1469	51
1470	51
1471	46
1472	51
1473	51
1474	51
1475	51
1476	51
1477	48
1478	51
1479	46
1480	46
1481	46
1482	48
1483	48
1484	46
1485	46
1486	46
1487	48
1488	49
1489	49
1490	50
1491	49
1492	49
1493	49
1494	49
1495	50
1496	49
1497	49
1498	48
1499	49
1500	49
1501	49
1502	49
1503	49
1504	49
1505	49
1506	49
1507	49
1508	49
1509	49
1510	49
1511	49
1512	49
1513	49
1514	50
1515	49
1516	49
1517	49
1518	49
1519	49
1520	49
1521	50
1522	49
1523	49
1524	49
1525	46
1526	49
1527	46
1528	49
1529	49
1530	49
1531	49
1532	49
1533	48
1534	49
1535	48
1536	46
1537	49
1538	49
1539	52
1540	52
1541	49
1542	49
1543	49
1544	46
1545	49
1546	49
1547	48
1548	49
1549	49
1550	49
1551	49
1552	50
1553	49
1554	49
1555	48
1556	49
1557	46
1558	49
1559	49
1560	49
1561	49
1562	52
1563	50
1564	49
1565	49
1566	49
1567	50
1568	50
1569	49
1570	50
1571	49
1572	49
1573	50
1574	49
1575	49
1576	46
1577	49
1578	49
1579	46
1580	49
1581	49
1582	49
1583	46
1584	49
1585	49
1586	46
1587	46
1588	49
1589	49
1590	49
1591	46
1592	48
1593	49
1594	49
1595	49
1596	49
1597	46
1598	49
1599	49
1600	50
1601	49
1602	49
1603	51
1604	49
1605	49
1606	49
1607	49
1608	49
1609	49
1610	49
1611	50
1612	49
1613	49
1614	46
1615	49
1616	49
1617	49
1618	50
1619	53
1620	49
1621	49
1622	48
1623	48
1624	49
1625	49
1626	49
1627	49
1628	49
1629	46
1630	52
1631	50
1632	49
1633	49
1634	46
1635	52
1636	49
1637	49
1638	47
1639	49
1640	49
1641	46
1642	49
1643	49
1644	46
1645	49
1646	49
1647	49
1648	47
1649	49
1650	49
1651	49
1652	49
1653	46
1654	49
1655	49
1656	49
1657	49
1658	50
1659	49
1660	51
1661	49
1662	49
1663	49
1664	51
1665	47
1666	49
1667	50
1668	49
1669	49
1670	46
1671	49
1672	48
1673	49
1674	49
1675	46
1676	46
1677	46
1678	49
1679	49
1680	46
1681	49
1682	51
1683	49
1684	49
1685	49
1686	46
1687	49
1688	49
1689	49
1690	49
1691	46
1692	49
1693	49
1694	49
1695	49
1696	49
1697	49
1698	49
1699	49
1700	49
1701	49
1702	46
1703	49
1704	49
1705	49
1706	46
1707	49
1708	49
1709	46
1710	49
1711	49
1712	49
1713	46
1714	49
1715	49
1716	49
1717	49
1718	52
1719	50
1720	49
1721	49
1722	49
1723	46
1724	49
1725	49
1726	49
1727	49
1728	49
1729	49
1730	49
1731	49
1732	50
1733	49
1734	47
1735	47
1736	47
1737	47
1738	48
1739	46
1740	49
1741	50
1742	49
1743	49
1744	50
1745	49
1746	48
1747	49
1748	51
1749	49
1750	49
1751	50
1752	49
1753	50
1754	50
1755	50
1756	49
1757	49
1758	49
1759	46
1760	49
1761	49
1762	49
1763	49
1764	49
1765	49
1766	46
1767	49
1768	48
1769	49
1770	46
1771	49
1772	49
1773	49
1774	49
1775	49
1776	49
1777	49
1778	49
1779	49
1780	49
1781	49
1782	49
1783	50
1784	50
1785	49
1786	49
1787	49
1788	52
1789	50
1790	50
1791	49
1792	49
1793	51
1794	49
1795	46
1796	48
1797	46
1798	46
1799	49
1800	49
1801	49
1802	49
1803	49
1804	49
1805	49
1806	50
1807	50
1808	49
1809	49
1810	49
1811	49
1812	49
1813	49
1814	49
1815	49
1816	46
1817	49
1818	46
1819	49
1820	49
1821	49
1822	49
1823	46
1824	50
1825	50
1826	49
1827	49
1828	47
1829	47
1830	49
1831	49
1832	49
1833	49
1834	49
1835	49
1836	51
1837	49
1838	49
1839	48
1840	49
1841	49
1842	49
1843	49
1844	49
1845	49
1846	49
1847	50
1848	50
1849	49
1850	49
1851	49
1852	49
1853	47
1854	50
1855	49
1856	46
1857	49
1858	46
1859	49
1860	46
1861	49
1862	49
1863	46
1864	49
1865	49
1866	49
1867	49
1868	49
1869	49
1870	49
1871	49
1872	49
1873	49
1874	49
1875	49
1876	49
1877	49
1878	49
1879	49
1880	49
1881	49
1882	49
1883	46
1884	49
1885	49
1886	52
1887	49
1888	49
1889	49
1890	49
1891	49
1892	46
1893	49
1894	49
1895	49
1896	46
1897	49
1898	49
1899	49
1900	49
1901	46
1902	50
1903	49
1904	49
1905	46
1906	49
1907	49
1908	49
1909	49
1910	50
1911	49
1912	49
1913	49
1914	49
1915	49
1916	49
1917	49
1918	49
1919	49
1920	49
1921	49
1922	49
1923	49
1924	49
1925	49
1926	49
1927	49
1928	49
1929	49
1930	49
1931	46
1932	51
1933	49
1934	47
1935	48
1936	49
1937	49
1938	49
1939	49
1940	49
1941	50
1942	49
1943	50
1944	49
1945	49
1946	49
1947	49
1948	49
1949	49
1950	49
1951	49
1952	49
1953	50
1954	49
1955	49
1956	49
1957	49
1958	49
1959	50
1960	49
1961	50
1962	49
1963	49
1964	50
1965	49
1966	49
1967	49
1968	49
1969	49
1970	50
1971	49
1972	49
1973	49
1974	50
1975	50
1976	49
1977	49
1978	49
1979	49
1980	50
1981	49
1982	49
1983	49
1984	49
1985	49
1986	50
1987	50
1988	50
1989	49
1990	49
1991	49
1992	49
1993	50
1994	49
1995	49
1996	49
1997	49
1998	49
1999	49
2000	49
2001	49
2002	49
2003	49
2004	50
2005	50
2006	50
2007	49
2008	50
2009	49
2010	50
2011	50
2012	51
2013	51
2014	46
2015	46
2016	46
2017	46
2018	46
2019	49
2020	49
2021	49
2022	46
2023	49
2024	49
2025	49
2026	49
2027	49
2028	49
2029	50
2030	49
2031	49
2032	49
2033	49
2034	49
2035	49
2036	49
2037	46
2038	46
2039	46
2040	47
2041	47
2042	49
2043	49
2044	49
2045	49
2046	49
2047	49
2048	49
2049	49
2050	49
2051	49
2052	49
2053	49
2054	49
2055	50
2056	49
2057	49
2058	49
2059	49
2060	49
2061	49
2062	49
2063	49
2064	49
2065	49
2066	49
2067	46
2068	49
2069	49
2070	49
2071	49
2072	49
2073	49
2074	50
2075	49
2076	49
2077	49
2078	49
2079	49
2080	49
2081	49
2082	49
2083	49
2084	49
2085	49
2086	49
2087	49
2088	49
2089	49
2090	49
2091	49
2092	49
2093	49
2094	49
2095	49
2096	49
2097	49
2098	49
2099	49
2100	49
2101	49
2102	49
2103	49
2104	49
2105	49
2106	49
2107	49
2108	49
2109	49
2110	49
2111	49
2112	49
2113	49
2114	49
2115	49
2116	49
2117	49
2118	49
2119	49
2120	49
2121	49
2122	49
2123	49
2124	49
2125	49
2126	49
2127	49
2128	49
2129	49
2130	49
2131	49
2132	49
2133	49
2134	49
2135	49
2136	49
2137	49
2138	49
2139	49
2140	49
2141	49
2142	49
2143	49
2144	49
2145	49
2146	49
2147	49
2148	49
2149	49
2150	49
2151	49
2152	49
2153	49
2154	49
2155	49
2156	49
2157	49
2158	49
2159	49
2160	49
2161	49
2162	49
2163	49
2164	52
2165	52
2166	52
2167	46
2168	49
2169	50
2170	50
2171	49
2172	49
2173	49
2174	46
2175	50
2176	49
2177	49
2178	49
2179	49
2180	49
2181	49
2182	46
2183	46
2184	49
2185	49
2186	49
2187	49
2188	49
2189	49
2190	49
2191	49
2192	50
2193	49
2194	49
2195	49
2196	49
2197	49
2198	49
2199	49
2200	49
2201	49
2202	49
2203	49
2204	49
2205	49
2206	49
2207	49
2208	49
2209	49
2210	49
2211	49
2212	49
2213	49
2214	49
2215	49
2216	49
2217	49
2218	49
2219	49
2220	49
2221	49
2222	49
2223	49
2224	49
2225	49
2226	49
2227	49
2228	49
2229	49
2230	49
2231	49
2232	49
2233	49
2234	49
2235	49
2236	49
2237	49
2238	49
2239	49
2240	49
2241	46
2242	46
2243	49
2244	49
2245	51
2246	49
2247	49
2248	49
2249	46
2250	49
2251	50
2252	49
2253	49
2254	49
2255	49
2256	49
2257	50
2258	51
2259	49
2260	49
2261	49
2262	50
2263	50
2264	50
2265	46
2266	49
2267	50
2268	49
2269	49
2270	49
2271	49
2272	46
2273	49
2274	49
2275	49
2276	49
2277	49
2278	50
2279	49
2280	49
2281	48
2282	49
2283	49
2284	49
2285	49
2286	49
2287	49
2288	49
2289	49
2290	49
2291	48
2292	50
2293	49
2294	49
2295	49
2296	49
2297	51
2298	46
2299	49
2300	46
2301	49
2302	49
2303	49
2304	49
2305	49
2306	50
2307	51
2308	50
2309	49
2310	49
2311	46
2312	50
2313	49
2314	49
2315	49
2316	46
2317	49
2318	49
2319	51
2320	49
2321	49
2322	50
2323	49
2324	49
2325	49
2326	50
2327	49
2328	49
2329	49
2330	48
2331	48
2332	46
2333	49
2334	49
2335	50
2336	49
2337	49
2338	46
2339	49
2340	48
2341	50
2342	49
2343	49
2344	49
2345	50
2346	49
2347	48
2348	49
2349	51
2350	51
2351	49
2352	46
2353	50
2354	49
2355	49
2356	49
2357	49
2358	49
2359	49
2360	46
2361	49
2362	49
2363	49
2364	46
2365	51
2366	49
2367	49
2368	46
2369	49
2370	49
2371	46
2372	49
2373	49
2374	51
2375	46
2376	49
2377	49
2378	50
2379	49
2380	49
2381	49
2382	49
2383	50
2384	48
2385	50
2386	51
2387	49
2388	49
2389	49
2390	50
2391	49
2392	49
2393	49
2394	49
2395	49
2396	49
2397	49
2398	49
2399	49
2400	51
2401	46
2402	49
2403	49
2404	49
2405	49
2406	49
2407	49
2408	49
2409	50
2410	49
2411	49
2412	49
2413	49
2414	49
2415	49
2416	49
2417	46
2418	50
2419	49
2420	50
2421	50
2422	50
2423	49
2424	49
2425	49
2426	49
2427	46
2428	51
2429	50
2430	49
2431	50
2432	49
2433	49
2434	50
2435	51
2436	49
2437	49
2438	49
2439	51
2440	46
2441	49
2442	49
2443	50
2444	49
2445	48
2446	48
2447	49
2448	49
2449	49
2450	49
2451	49
2452	51
2453	49
2454	49
2455	49
2456	46
2457	48
2458	49
2459	50
2460	49
2461	49
2462	49
2463	50
2464	49
2465	49
2466	49
2467	49
2468	49
2469	50
2470	50
2471	49
2472	46
2473	50
2474	51
2475	49
2476	49
2477	50
2478	48
2479	49
2480	49
2481	49
2482	49
2483	49
2484	49
2485	50
2486	49
2487	49
2488	49
2489	49
2490	50
2491	49
2492	49
2493	48
2494	49
2495	49
2496	49
2497	49
2498	49
2499	48
2500	51
2501	49
2502	51
2503	51
2504	49
2505	49
2506	49
2507	48
2508	49
2509	46
2510	49
2511	51
2512	49
2513	46
2514	50
2515	49
2516	49
2517	46
2518	49
2519	49
2520	48
2521	49
2522	49
2523	48
2524	49
2525	51
2526	49
2527	49
2528	49
2529	49
2530	49
2531	46
2532	49
2533	50
2534	48
2535	49
2536	50
2537	49
2538	50
2539	49
2540	49
2541	50
2542	49
2543	49
2544	49
2545	51
2546	51
2547	46
2548	46
2549	51
2550	51
2551	49
2552	49
2553	49
2554	49
2555	48
2556	46
2557	49
2558	49
2559	46
2560	49
2561	49
2562	49
2563	46
2564	46
2565	49
2566	46
2567	49
2568	51
2569	46
2570	49
2571	49
2572	49
2573	49
2574	46
2575	49
2576	49
2577	49
2578	51
2579	49
2580	46
2581	49
2582	51
2583	49
2584	49
2585	49
2586	51
2587	49
2588	49
2589	50
2590	46
2591	49
2592	46
2593	50
2594	49
2595	49
2596	49
2597	51
2598	51
2599	49
2600	49
2601	49
2602	50
2603	49
2604	50
2605	49
2606	49
2607	46
2608	46
2609	49
2610	49
2611	49
2612	49
2613	49
2614	49
2615	49
2616	51
2617	51
2618	49
2619	49
2620	48
2621	49
2622	50
2623	49
2624	49
2625	46
2626	49
2627	49
2628	49
2629	49
2630	49
2631	49
2632	49
2633	50
2634	50
2635	49
2636	49
2637	51
2638	49
2639	50
2640	51
2641	50
2642	49
2643	49
2644	46
2645	49
2646	49
2647	49
2648	50
2649	50
2650	49
2651	51
2652	51
2653	49
2654	46
2655	49
2656	49
2657	49
2658	49
2659	49
2660	49
2661	49
2662	49
2663	49
2664	49
2665	51
2666	50
2667	49
2668	49
2669	49
2670	50
2671	49
2672	46
2673	49
2674	46
2675	49
2676	49
2677	49
2678	50
2679	49
2680	46
2681	49
2682	49
2683	46
2684	49
2685	50
2686	49
2687	49
2688	49
2689	48
2690	49
2691	49
2692	49
2693	49
2694	49
2695	49
2696	49
2697	46
2698	51
2699	49
2700	49
2701	49
2702	49
2703	49
2704	49
2705	49
2706	49
2707	49
2708	49
2709	49
2710	51
2711	49
2712	49
2713	46
2714	46
2715	50
2716	46
2717	49
2718	49
2719	49
2720	50
2721	49
2722	46
2723	49
2724	50
2725	51
2726	49
2727	49
2728	49
2729	46
2730	49
2731	49
2732	51
2733	46
2734	49
2735	49
2736	49
2737	49
2738	51
2739	49
2740	49
2741	49
2742	48
2743	49
2744	49
2745	50
2746	46
2747	50
2748	49
2749	50
2750	49
2751	49
2752	50
2753	49
2754	49
2755	49
2756	49
2757	50
2758	48
2759	49
2760	49
2761	49
2762	50
2763	50
2764	50
2765	49
2766	49
2767	49
2768	51
2769	49
2770	46
2771	50
2772	49
2773	49
2774	50
2775	49
2776	49
2777	46
2778	50
2779	46
2780	51
2781	49
2782	49
2783	49
2784	49
2785	49
2786	49
2787	49
2788	50
2789	50
2790	49
2791	50
2792	51
2793	49
2794	49
2795	49
2796	46
2797	50
2798	49
2799	50
2800	49
2801	49
2802	46
2803	49
2804	49
2805	49
2806	49
2807	46
2808	49
2809	49
2810	49
2811	49
2812	49
2813	49
2814	48
2815	49
2816	46
2817	49
2818	50
2819	49
2820	49
2821	49
2822	48
2823	50
2824	50
2825	46
2826	49
2827	49
2828	50
2829	49
2830	49
2831	49
2832	49
2833	49
2834	49
2835	49
2836	50
2837	46
2838	48
2839	51
2840	49
2841	49
2842	49
2843	50
2844	49
2845	49
2846	49
2847	48
2848	46
2849	49
2850	46
2851	50
2852	49
2853	51
2854	50
2855	49
2856	49
2857	48
2858	49
2859	49
2860	49
2861	49
2862	49
2863	49
2864	49
2865	50
2866	49
2867	49
2868	46
2869	49
2870	51
2871	49
2872	49
2873	50
2874	50
2875	49
2876	48
2877	49
2878	49
2879	49
2880	46
2881	49
2882	49
2883	49
2884	49
2885	51
2886	49
2887	51
2888	50
2889	49
2890	51
2891	48
2892	50
2893	49
2894	49
2895	49
2896	46
2897	49
2898	46
2899	49
2900	49
2901	49
2902	49
2903	49
2904	49
2905	49
2906	49
2907	48
2908	46
2909	49
2910	46
2911	46
2912	46
2913	46
2914	50
2915	49
2916	49
2917	50
2918	49
2919	46
2920	51
2921	51
2922	46
2923	49
2924	46
2925	49
2926	50
2927	46
2928	49
2929	50
2930	46
2931	51
2932	49
2933	50
2934	50
2935	49
2936	49
2937	49
2938	49
2939	50
2940	49
2941	51
2942	49
2943	49
2944	49
2945	50
2946	49
2947	49
2948	50
2949	49
2950	50
2951	49
2952	49
2953	46
2954	46
2955	49
2956	46
2957	51
2958	49
2959	49
2960	49
2961	49
2962	50
2963	50
2964	49
2965	49
2966	50
2967	49
2968	50
2969	49
2970	49
2971	49
2972	46
2973	49
2974	48
2975	50
2976	49
2977	49
2978	49
2979	49
2980	50
2981	49
2982	49
2983	49
2984	49
2985	49
2986	49
2987	50
2988	49
2989	50
2990	49
2991	49
2992	51
2993	50
2994	49
2995	49
2996	50
2997	48
2998	50
2999	49
3000	49
3001	49
3002	49
3003	46
3004	51
3005	50
3006	49
3007	50
3008	49
3009	48
3010	49
3011	49
3012	49
3013	49
3014	49
3015	49
3016	46
3017	50
3018	49
3019	49
3020	49
3021	49
3022	50
3023	49
3024	51
3025	49
3026	51
3027	49
3028	49
3029	49
3030	51
3031	49
3032	49
3033	49
3034	46
3035	50
3036	49
3037	49
3038	51
3039	49
3040	48
3041	49
3042	49
3043	49
3044	50
3045	50
3046	49
3047	50
3048	49
3049	49
3050	49
3051	49
3052	50
3053	49
3054	50
3055	46
3056	49
3057	50
3058	49
3059	49
3060	49
3061	50
3062	50
3063	49
3064	49
3065	46
3066	49
3067	48
3068	49
3069	48
3070	49
3071	49
3072	49
3073	50
3074	49
3075	50
3076	49
3077	46
3078	49
3079	49
3080	49
3081	46
3082	49
3083	49
3084	49
3085	49
3086	49
3087	50
3088	50
3089	49
3090	48
3091	51
3092	48
3093	50
3094	49
3095	49
3096	49
3097	50
3098	49
3099	51
3100	49
3101	49
3102	48
3103	49
3104	46
3105	50
3106	50
3107	50
3108	46
3109	46
3110	50
3111	50
3112	49
3113	49
3114	49
3115	49
3116	49
3117	51
3118	49
3119	50
3120	46
3121	49
3122	49
3123	49
3124	49
3125	49
3126	49
3127	49
3128	49
3129	51
3130	48
3131	49
3132	49
3133	46
3134	49
3135	49
3136	49
3137	51
3138	49
3139	49
3140	50
3141	50
3142	49
3143	50
3144	49
3145	49
3146	49
3147	49
3148	50
3149	49
3150	49
3151	50
3152	49
3153	49
3154	48
3155	49
3156	49
3157	49
3158	49
3159	49
3160	49
3161	50
3162	50
3163	51
3164	49
3165	49
3166	51
3167	50
3168	49
3169	49
3170	49
3171	49
3172	50
3173	50
3174	49
3175	50
3176	49
3177	49
3178	49
3179	49
3180	46
3181	49
3182	49
3183	50
3184	49
3185	49
3186	51
3187	49
3188	49
3189	46
3190	49
3191	49
3192	49
3193	49
3194	49
3195	49
3196	49
3197	50
3198	49
3199	50
3200	50
3201	49
3202	49
3203	50
3204	49
3205	51
3206	49
3207	49
3208	46
3209	49
3210	49
3211	46
3212	49
3213	49
3214	46
3215	49
3216	49
3217	49
3218	46
3219	50
3220	49
3221	49
3222	49
3223	49
3224	49
3225	49
3226	49
3227	49
3228	46
3229	50
3230	49
3231	46
3232	49
3233	49
3234	49
3235	51
3236	50
3237	50
3238	51
3239	50
3240	50
3241	49
3242	46
3243	50
3244	49
3245	49
3246	49
3247	46
3248	51
3249	49
3250	50
3251	51
3252	49
3253	48
3254	49
3255	49
3256	46
3257	46
3258	49
3259	50
3260	49
3261	49
3262	49
3263	51
3264	50
3265	46
3266	50
3267	49
3268	49
3269	49
3270	49
3271	49
3272	49
3273	49
3274	49
3275	49
3276	49
3277	51
3278	46
3279	49
3280	50
3281	49
3282	49
3283	49
3284	49
3285	49
3286	48
3287	49
3288	49
3289	49
3290	49
3291	49
3292	50
3293	46
3294	49
3295	50
3296	46
3297	49
3298	49
3299	49
3300	49
3301	49
3302	49
3303	49
3304	49
3305	49
3306	49
3307	49
3308	50
3309	50
3310	49
3311	49
3312	46
3313	49
3314	49
3315	46
3316	46
3317	50
3318	49
3319	50
3320	48
3321	49
3322	49
3323	50
3324	50
3325	49
3326	50
3327	49
3328	51
3329	49
3330	49
3331	49
3332	46
3333	46
3334	51
3335	49
3336	49
3337	49
3338	49
3339	49
3340	49
3341	46
3342	50
3343	49
3344	49
3345	49
3346	49
3347	50
3348	46
3349	49
3350	49
3351	48
3352	50
3353	50
3354	49
3355	49
3356	50
3357	50
3358	49
3359	49
3360	49
3361	49
3362	49
3363	49
3364	49
3365	49
3366	49
3367	51
3368	49
3369	48
3370	49
3371	46
3372	49
3373	49
3374	49
3375	51
3376	49
3377	50
3378	49
3379	49
3380	49
3381	49
3382	49
3383	49
3384	46
3385	49
3386	49
3387	50
3388	48
3389	49
3390	49
3391	49
3392	48
3393	49
3394	49
3395	49
3396	49
3397	49
3398	49
3399	50
3400	49
3401	50
3402	49
3403	50
3404	49
3405	46
3406	49
3407	49
3408	49
3409	49
3410	48
3411	46
3412	49
3413	49
3414	51
3415	49
3416	49
3417	49
3418	49
3419	49
3420	49
3421	49
3422	50
3423	49
3424	46
3425	50
3426	49
3427	48
3428	49
3429	49
3430	49
3431	49
3432	46
3433	49
3434	49
3435	51
3436	51
3437	49
3438	49
3439	49
3440	49
3441	49
3442	50
3443	46
3444	51
3445	49
3446	50
3447	49
3448	51
3449	50
3450	48
3451	49
3452	49
3453	49
3454	49
3455	49
3456	49
3457	49
3458	49
3459	50
3460	46
3461	49
3462	49
3463	49
3464	46
3465	46
3466	49
3467	49
3468	49
3469	51
3470	50
3471	49
3472	49
3473	51
3474	51
3475	49
3476	46
3477	49
3478	49
3479	49
3480	49
3481	49
3482	49
3483	49
3484	49
3485	46
3486	50
3487	51
3488	49
3489	50
3490	49
3491	49
3492	49
3493	49
3494	49
3495	49
3496	49
3497	49
3498	49
3499	46
3500	48
3501	49
3502	49
3503	50
3504	49
3505	49
3506	49
3507	46
3508	49
3509	46
3510	49
3511	49
3512	49
3513	50
3514	46
3515	49
3516	51
3517	49
3518	49
3519	49
3520	49
3521	49
3522	49
3523	49
3524	49
3525	49
3526	49
3527	46
3528	49
3529	49
3530	49
3531	50
3532	50
3533	49
3534	49
3535	49
3536	46
3537	50
3538	49
3539	46
3540	50
3541	49
3542	48
3543	51
3544	50
3545	50
3546	49
3547	50
3548	49
3549	51
3550	50
3551	48
3552	46
3553	49
3554	49
3555	46
3556	46
3557	49
3558	49
3559	48
3560	49
3561	49
3562	49
3563	49
3564	46
3565	49
3566	49
3567	49
3568	49
3569	49
3570	49
3571	49
3572	49
3573	49
3574	49
3575	49
3576	49
3577	50
3578	49
3579	49
3580	49
3581	49
3582	49
3583	49
3584	49
3585	50
3586	49
3587	49
3588	46
3589	50
3590	49
3591	46
3592	51
3593	50
3594	46
3595	49
3596	49
3597	49
3598	50
3599	49
3600	46
3601	49
3602	50
3603	50
3604	50
3605	49
3606	49
3607	49
3608	50
3609	46
3610	49
3611	50
3612	49
3613	49
3614	46
3615	49
3616	51
3617	51
3618	49
3619	49
3620	49
3621	50
3622	50
3623	50
3624	49
3625	49
3626	49
3627	49
3628	46
3629	49
3630	49
3631	49
3632	50
3633	49
3634	48
3635	49
3636	49
3637	49
3638	49
3639	48
3640	48
3641	51
3642	49
3643	49
3644	49
3645	49
3646	48
3647	49
3648	49
3649	49
3650	50
3651	51
3652	49
3653	50
3654	46
3655	50
3656	50
3657	49
3658	49
3659	49
3660	46
3661	49
3662	50
3663	51
3664	49
3665	46
3666	50
3667	46
3668	49
3669	50
3670	49
3671	46
3672	49
3673	50
3674	49
3675	51
3676	49
3677	49
3678	49
3679	50
3680	51
3681	49
3682	46
3683	49
3684	49
3685	50
3686	46
3687	51
3688	49
3689	49
3690	49
3691	51
3692	49
3693	49
3694	49
3695	49
3696	49
3697	49
3698	49
3699	46
3700	49
3701	49
3702	49
3703	50
3704	49
3705	49
3706	49
3707	49
3708	49
3709	49
3710	49
3711	49
3712	49
3713	49
3714	49
3715	50
3716	49
3717	49
3718	49
3719	49
3720	46
3721	49
3722	50
3723	50
3724	49
3725	49
3726	51
3727	49
3728	49
3729	49
3730	49
3731	49
3732	49
3733	49
3734	49
3735	50
3736	50
3737	49
3738	49
3739	49
3740	49
3741	49
3742	49
3743	48
3744	49
3745	49
3746	49
3747	50
3748	49
3749	49
3750	49
3751	49
3752	49
3753	51
3754	49
3755	49
3756	51
3757	51
3758	49
3759	49
3760	49
3761	50
3762	50
3763	48
3764	51
3765	49
3766	50
3767	51
3768	49
3769	49
3770	47
3771	49
3772	51
3773	49
3774	49
3775	49
3776	49
3777	49
3778	49
3779	49
3780	49
3781	49
3782	49
3783	49
3784	51
3785	49
3786	51
3787	46
3788	49
3789	49
3790	49
3791	49
3792	49
3793	49
3794	46
3795	49
3796	49
3797	49
3798	46
3799	50
3800	46
3801	49
3802	49
3803	49
3804	49
3805	49
3806	49
3807	51
3808	49
3809	50
3810	46
3811	49
3812	49
3813	46
3814	49
3815	50
3816	49
3817	49
3818	49
3819	50
3820	49
3821	49
3822	49
3823	49
3824	46
3825	49
3826	49
3827	49
3828	49
3829	49
3830	49
3831	49
3832	46
3833	49
3834	49
3835	49
3836	49
3837	50
3838	49
3839	48
3840	49
3841	49
3842	49
3843	49
3844	49
3845	50
3846	50
3847	49
3848	49
3849	48
3850	49
3851	49
3852	49
3853	50
3854	50
3855	48
3856	46
3857	50
3858	49
3859	49
3860	49
3861	50
3862	51
3863	49
3864	50
3865	49
3866	46
3867	49
3868	46
3869	49
3870	49
3871	48
3872	50
3873	50
3874	49
3875	49
3876	49
3877	49
3878	50
3879	50
3880	46
3881	49
3882	49
3883	49
3884	46
3885	50
3886	50
3887	49
3888	49
3889	48
3890	46
3891	48
3892	46
3893	51
3894	50
3895	49
3896	49
3897	49
3898	49
3899	49
3900	50
3901	49
3902	50
3903	49
3904	49
3905	49
3906	49
3907	50
3908	49
3909	49
3910	49
3911	49
3912	50
3913	49
3914	49
3915	48
3916	49
3917	49
3918	48
3919	49
3920	48
3921	48
3922	49
3923	49
3924	49
3925	50
3926	48
3927	49
3928	49
3929	49
3930	49
3931	49
3932	49
3933	46
3934	49
3935	51
3936	49
3937	50
3938	50
3939	46
3940	49
3941	49
3942	49
3943	49
3944	46
3945	50
3946	49
3947	49
3948	49
3949	49
3950	49
3951	49
3952	49
3953	49
3954	49
3955	49
3956	49
3957	49
3958	51
3959	46
3960	50
3961	49
3962	49
3963	50
3964	49
3965	49
3966	49
3967	49
3968	46
3969	46
3970	50
3971	50
3972	51
3973	49
3974	49
3975	49
3976	49
3977	49
3978	49
3979	46
3980	49
3981	49
3982	49
3983	49
3984	49
3985	49
3986	49
3987	48
3988	51
3989	50
3990	51
3991	49
3992	48
3993	49
3994	49
3995	50
3996	49
3997	50
3998	46
3999	49
4000	49
4001	49
4002	49
4003	51
4004	49
4005	49
4006	46
4007	49
4008	49
4009	50
4010	50
4011	49
4012	46
4013	51
4014	49
4015	49
4016	49
4017	49
4018	49
4019	49
4020	49
4021	51
4022	49
4023	51
4024	49
4025	50
4026	49
4027	50
4028	49
4029	49
4030	49
4031	49
4032	49
4033	49
4034	50
4035	50
4036	49
4037	49
4038	49
4039	50
4040	49
4041	49
4042	49
4043	49
4044	46
4045	50
4046	50
4047	46
4048	48
4049	46
4050	49
4051	46
4052	48
4053	49
4054	49
4055	49
4056	49
4057	50
4058	46
4059	49
4060	49
4061	49
4062	49
4063	49
4064	49
4065	51
4066	49
4067	49
4068	46
