2	18	0
2	3	1
2	10	2
2	10	3
2	10	4
2	10	5
2	10	6
2	10	7
2	9	8
4	18	16
4	9	17
5	10	16
5	10	18
5	9	19
5	9	20
5	18	21
6	10	18
6	3	22
6	3	23
6	9	24
6	9	25
6	9	26
6	9	27
7	10	28
7	9	8
8	56	29
8	56	30
8	57	18
8	57	31
10	108	35
10	108	36
10	108	37
10	108	38
10	108	39
10	32	40
11	28	41
11	28	42
13	20	48
14	24	49
14	24	50
14	15	51
14	15	52
17	10	55
17	10	56
17	3	57
17	3	58
18	42	18
19	10	18
19	9	8
20	10	16
22	13	59
22	13	60
23	14	61
23	14	62
23	6	63
23	6	64
24	6	65
24	6	66
26	14	67
26	14	68
26	6	69
26	6	70
27	38	71
27	38	72
27	38	73
27	38	74
28	14	75
30	48	79
30	48	80
30	42	81
30	42	82
30	70	83
30	70	84
31	10	18
31	9	85
31	9	86
32	18	87
32	9	8
32	10	88
33	13	89
33	13	90
33	12	91
33	12	92
36	42	18
37	10	95
37	10	96
37	9	97
39	28	98
39	28	99
40	49	100
40	49	101
40	59	26
41	10	102
41	10	103
41	3	104
42	10	105
42	10	106
42	9	8
44	36	107
44	37	108
46	19	111
46	20	112
47	6	113
47	14	78
48	6	114
48	14	115
49	9	116
49	9	117
49	10	118
51	5	119
52	10	120
52	3	121
53	13	122
53	13	123
54	18	124
56	37	125
56	36	126
57	37	127
57	36	128
58	6	129
58	6	130
58	6	131
58	14	132
58	5	17
59	6	31
59	6	133
61	5	134
61	5	135
62	19	111
62	20	136
63	38	137
63	38	138
64	72	139
64	73	140
65	11	141
65	13	142
66	20	143
67	10	144
67	9	145
69	36	146
69	37	147
70	6	148
70	14	115
72	10	149
72	10	150
72	3	1
72	9	26
72	9	8
76	72	157
77	18	158
77	3	159
79	18	161
79	9	1
81	9	1
81	18	163
82	10	164
82	3	1
83	10	18
83	9	165
84	53	166
86	18	169
86	10	170
87	10	171
87	9	165
87	18	172
88	6	173
89	18	174
89	9	8
91	9	177
92	10	18
92	9	17
92	9	1
93	3	17
93	9	17
93	10	178
95	6	180
95	5	17
96	52	181
96	53	165
96	53	182
97	14	26
97	6	183
98	6	184
98	6	185
98	6	186
101	18	191
101	9	192
104	6	195
104	14	196
104	5	197
104	5	198
105	6	199
106	49	200
107	18	21
107	9	17
108	48	201
108	46	202
108	42	203
111	6	18
111	5	1
112	32	206
116	14	26
116	6	208
117	38	18
118	6	209
118	5	210
120	14	211
120	6	31
120	6	21
120	5	1
121	6	212
121	14	213
121	5	135
122	4	214
122	9	165
123	29	215
126	36	218
126	37	219
128	18	221
128	10	222
129	49	18
129	49	223
130	16	116
131	6	18
133	9	177
134	5	225
136	72	227
137	10	16
137	9	17
137	9	1
138	72	228
139	28	229
140	28	230
140	28	231
141	9	232
142	13	233
144	3	17
144	9	17
144	10	234
145	28	235
146	36	146
146	37	147
147	13	236
148	10	237
148	9	238
149	6	239
149	14	240
149	14	241
149	43	242
150	6	18
150	6	243
150	14	244
151	10	245
151	3	1
157	6	209
157	5	210
158	6	252
158	14	253
159	10	254
159	9	17
160	6	18
160	6	255
160	5	1
160	14	256
161	43	257
161	6	258
161	5	134
162	48	201
162	70	259
162	41	17
164	10	262
164	9	8
164	3	1
165	6	263
166	10	18
166	9	264
167	28	265
168	72	266
168	72	267
169	42	268
169	41	269
172	10	271
172	9	272
172	9	238
173	19	18
173	20	273
174	16	116
175	6	274
175	6	31
176	10	18
177	32	275
177	108	276
180	10	18
180	9	17
182	20	143
184	6	141
185	28	283
186	6	141
186	5	134
186	5	135
187	6	18
187	5	284
187	14	285
188	38	18
189	5	286
190	36	146
190	37	147
191	6	287
191	5	8
192	38	288
194	18	31
194	10	289
194	9	177
197	10	18
197	3	8
199	10	18
199	9	264
200	6	295
200	5	135
201	72	296
202	48	111
202	42	18
202	41	8
203	10	18
203	9	17
204	18	297
204	9	298
206	18	48
206	9	26
210	48	111
210	42	18
210	41	8
211	10	304
211	3	1
213	38	305
215	10	306
215	9	17
216	6	307
217	20	308
218	6	18
220	12	116
220	13	310
222	38	18
223	9	177
224	10	311
224	9	8
225	14	312
225	6	185
226	10	313
226	9	272
226	9	238
227	10	18
227	9	17
229	28	314
231	36	317
231	37	318
232	38	18
233	16	116
234	43	319
234	6	320
234	5	134
235	6	321
235	5	8
236	36	146
236	37	147
238	38	324
241	28	327
242	10	328
242	3	20
242	9	177
243	20	329
244	6	330
244	6	18
244	14	331
245	36	332
245	37	333
248	20	335
249	13	336
250	5	134
250	5	135
251	9	177
252	20	337
252	31	338
253	43	339
253	6	176
253	14	340
253	5	17
254	49	18
254	49	341
255	6	342
256	13	343
257	9	1
257	10	344
257	3	17
260	9	8
260	3	1
262	10	346
262	9	8
262	3	1
264	53	166
266	18	351
266	9	177
270	53	355
270	53	165
270	52	356
271	3	357
271	9	17
274	37	359
274	36	128
275	18	31
275	10	360
275	9	177
276	18	21
276	9	26
277	28	361
277	28	362
278	16	116
280	5	300
281	20	308
283	6	363
283	14	364
284	20	365
285	10	366
285	9	176
287	6	18
288	53	165
288	53	367
288	52	368
293	13	374
294	6	375
294	6	29
294	14	376
295	20	377
297	6	378
298	28	379
299	20	380
300	6	381
300	5	135
302	18	382
303	4	383
303	9	165
304	13	384
306	65	386
307	9	1
307	10	387
307	3	17
308	12	177
308	13	388
310	18	75
310	9	26
312	10	391
312	3	1
313	6	392
313	14	393
313	5	394
313	5	198
314	9	232
320	10	401
320	3	1
321	18	402
321	3	1
322	16	26
322	25	403
322	15	404
325	4	409
325	9	165
326	3	410
326	9	17
327	4	411
327	9	165
328	9	412
328	10	18
329	6	185
329	6	413
329	6	414
330	24	185
330	16	116
331	10	18
331	9	264
333	36	146
333	37	147
334	13	416
337	27	419
337	78	20
338	10	21
338	9	17
339	9	420
339	10	18
340	6	18
342	9	8
342	3	1
343	6	423
343	5	1
344	3	165
344	10	424
346	3	116
346	10	425
346	9	26
347	37	426
347	37	427
347	36	16
347	36	18
348	72	31
348	72	111
348	73	1
349	20	428
350	38	42
350	38	73
351	38	71
351	38	42
352	38	429
352	38	18
352	38	430
353	3	431
353	3	20
353	3	8
353	10	432
354	3	431
354	3	20
354	3	8
354	10	432
355	6	433
355	6	176
355	5	434
355	14	17
358	9	97
358	9	435
358	9	436
358	10	437
358	10	438
359	13	98
360	72	439
360	73	440
360	73	26
360	73	441
361	72	442
361	73	440
361	73	26
361	73	441
362	18	105
362	18	106
362	3	1
362	9	116
363	11	111
363	13	112
365	6	443
365	14	444
365	5	445
366	10	446
366	9	20
366	9	17
367	6	447
367	6	31
367	5	1
368	11	111
368	13	136
369	32	448
369	32	449
369	108	450
369	108	451
370	20	142
371	14	452
371	5	1
372	10	18
372	9	1
373	72	453
374	28	454
374	28	161
375	5	1
375	14	455
375	6	456
376	37	8
376	37	1
376	36	457
377	6	178
378	5	135
378	14	458
379	6	459
380	49	460
380	49	461
380	49	462
380	49	18
380	49	463
380	49	464
380	49	465
380	49	466
380	49	467
380	59	468
380	59	26
381	10	469
381	9	470
383	58	471
383	107	1
384	28	472
384	28	209
385	6	31
385	6	473
386	36	474
387	13	475
387	12	116
388	5	225
388	5	1
389	50	476
390	72	477
391	5	10
392	6	478
392	43	479
393	6	234
394	5	10
395	14	452
395	5	1
396	84	236
397	11	239
397	13	241
398	9	480
398	10	18
398	18	481
399	56	42
399	57	482
400	28	472
400	28	209
401	12	1
402	13	258
402	12	134
403	72	31
403	72	111
403	73	1
404	56	42
404	57	483
405	13	484
405	12	116
406	6	31
406	6	485
406	5	1
407	6	18
407	5	284
408	6	141
409	5	486
410	14	452
410	5	1
411	38	487
411	38	488
412	49	289
412	49	31
412	59	177
413	38	18
413	38	489
413	38	490
414	10	18
414	9	491
415	6	29
415	6	492
415	6	297
415	5	298
415	14	493
417	10	18
417	9	494
418	18	307
418	9	17
418	3	495
420	16	116
420	16	26
421	36	496
422	18	497
422	9	116
423	5	134
423	5	135
423	6	141
424	13	320
424	12	134
425	14	452
425	5	1
426	18	327
426	18	265
427	9	498
427	9	499
427	9	500
427	9	501
427	9	502
427	9	503
427	10	18
428	6	176
428	5	434
429	6	141
429	14	504
430	72	31
430	72	111
430	73	1
431	17	505
431	17	506
431	40	507
431	40	508
433	49	360
433	49	31
433	59	177
434	3	116
434	18	509
434	9	26
435	18	510
435	9	116
436	5	134
436	5	135
436	6	141
438	49	511
438	49	366
438	59	176
440	20	512
441	17	380
441	40	513
442	42	386
443	14	514
443	14	515
443	5	1
444	6	516
444	5	300
444	5	17
445	13	456
445	12	1
446	6	517
446	6	518
446	5	519
446	5	520
447	6	521
447	43	522
449	72	401
449	72	245
449	73	1
449	87	523
449	87	524
450	18	525
450	3	410
450	3	357
450	9	17
451	9	526
451	10	18
452	6	527
453	14	452
453	5	1
454	4	528
454	4	529
454	10	530
454	10	531
454	9	532
454	9	533
455	9	534
455	10	18
456	5	1
456	14	535
456	14	536
457	5	1
458	57	18
458	96	26
458	56	537
459	48	538
459	48	539
459	42	29
460	10	105
460	10	106
460	3	116
460	9	540
460	9	541
461	10	18
461	10	542
461	9	20
462	72	446
463	6	18
463	6	543
463	5	1
464	50	544
465	48	457
466	13	545
467	5	135
467	6	212
468	18	546
468	18	547
468	18	548
468	18	549
468	18	550
468	18	551
468	18	552
468	18	553
468	18	554
468	3	555
468	3	165
468	3	556
468	4	557
468	4	558
468	4	559
468	4	560
468	10	561
468	10	562
468	10	563
468	10	564
468	10	565
468	10	566
468	10	567
468	9	26
469	13	466
470	13	568
470	12	1
471	13	471
471	12	1
472	64	476
473	38	569
473	38	176
474	13	570
475	6	18
475	6	571
475	5	1
476	10	236
477	38	572
477	38	573
478	14	18
478	14	456
478	6	574
479	6	575
479	6	18
479	5	1
480	10	18
480	3	8
481	42	18
482	12	116
482	12	576
482	13	577
483	6	18
483	6	578
483	5	1
484	10	509
484	9	1
485	42	18
486	18	579
486	9	8
487	6	478
487	6	521
487	43	580
487	43	581
488	115	18
489	6	419
490	6	419
491	6	18
491	6	582
491	5	1
492	72	31
492	72	111
492	73	1
493	72	31
493	72	111
493	73	1
494	37	1
494	36	456
495	6	29
495	6	31
496	3	8
496	3	1
496	10	18
497	10	31
497	3	177
497	9	583
497	18	584
498	10	31
498	3	177
498	9	585
498	18	586
499	49	587
499	49	432
499	59	431
499	59	8
500	49	587
500	49	432
500	59	431
500	59	8
501	21	18
501	21	588
501	21	215
501	21	589
501	22	116
501	22	165
502	10	446
502	3	17
502	9	20
503	38	590
504	18	591
504	3	17
505	20	466
506	18	592
506	3	17
507	36	18
507	37	593
507	60	8
508	20	18
510	18	594
510	3	1
510	9	116
512	18	579
512	3	116
512	9	26
513	6	212
513	14	595
513	5	135
516	42	18
517	52	245
517	53	1
518	52	401
518	53	1
519	49	18
520	18	596
520	10	597
520	9	8
521	18	596
521	10	598
521	9	8
522	10	599
522	3	8
522	9	1
523	3	8
523	18	158
523	9	1
524	6	31
524	6	600
525	72	601
525	72	31
525	73	177
526	72	602
526	72	31
526	73	177
527	10	432
527	9	1
528	10	432
528	9	1
529	49	603
529	49	604
529	49	588
529	49	589
529	49	605
529	49	606
530	10	607
531	10	608
532	10	609
532	18	610
532	9	8
533	48	611
533	48	18
533	48	612
533	48	613
533	48	614
533	42	18
533	42	614
533	42	611
533	42	574
534	10	18
534	9	1
535	6	615
535	5	1
536	10	18
536	9	1
537	10	616
537	3	8
537	9	617
538	10	618
538	9	8
539	18	18
539	9	1
540	18	18
540	9	1
541	18	18
541	9	619
542	18	18
542	9	17
543	18	18
543	9	620
544	3	8
544	18	18
545	18	18
545	9	1
546	18	18
546	9	621
547	18	18
547	9	1
548	18	18
548	9	622
549	18	18
549	9	1
550	38	18
550	38	623
551	38	18
551	38	624
552	10	594
552	3	1
552	9	625
553	28	626
553	28	627
553	28	628
553	28	629
554	18	630
554	10	631
554	3	632
555	22	177
555	22	26
555	22	1
555	21	633
555	21	634
556	13	635
557	10	18
557	18	636
557	9	1
558	18	18
558	3	1
558	9	17
559	10	18
559	9	637
559	9	177
560	24	141
560	24	176
560	24	638
560	15	639
561	3	26
561	3	1
561	10	640
561	9	1
562	20	641
562	23	1
563	14	452
563	5	1
564	14	452
564	5	1
565	14	641
565	5	1
566	9	617
566	10	635
567	18	18
567	3	642
567	3	643
567	3	26
567	3	25
567	3	264
567	3	22
567	10	18
567	9	26
568	6	644
568	5	1
569	18	18
569	3	1
570	10	645
570	9	17
571	84	18
572	84	18
573	20	452
573	23	1
574	10	18
574	9	1
574	9	17
574	18	18
575	4	646
575	4	647
575	4	559
575	4	557
575	4	560
575	4	648
575	4	558
575	3	165
575	3	26
575	10	48
575	9	165
575	9	26
575	18	548
575	18	550
575	18	546
575	18	551
576	10	18
576	9	649
577	10	18
577	9	650
578	10	18
578	9	264
578	3	651
579	10	18
579	9	264
579	3	651
580	18	18
580	3	1
581	10	652
581	10	653
581	10	654
581	10	655
581	10	656
581	18	452
581	9	17
582	49	18
582	49	452
582	59	657
582	59	658
582	59	659
582	59	660
583	18	28
583	3	1
583	9	8
584	18	28
584	3	1
584	9	8
585	18	28
585	3	1
585	9	8
586	18	28
586	3	1
586	9	8
587	18	28
587	3	1
587	9	8
588	9	661
588	9	662
588	10	16
588	10	289
588	10	18
588	10	360
588	10	21
588	18	18
589	10	663
589	3	664
589	3	1
590	9	665
590	18	18
591	6	652
592	6	654
593	6	653
594	6	655
595	6	656
596	65	146
597	65	146
598	65	146
599	65	146
600	65	146
601	10	666
601	9	17
602	10	667
602	9	17
603	3	1
603	18	668
604	3	1
604	18	669
605	3	1
605	18	670
606	3	1
606	18	671
607	3	1
607	18	672
608	18	18
609	24	673
609	24	674
609	24	675
609	24	676
609	24	677
609	24	678
609	24	95
609	24	679
609	24	680
609	24	681
609	24	682
609	24	40
609	24	683
609	24	684
609	24	280
609	24	191
609	24	65
609	24	685
609	24	686
609	24	687
609	24	655
609	24	688
609	24	689
609	24	690
609	24	691
609	24	654
609	24	692
609	24	693
609	24	694
609	24	695
609	24	696
609	24	697
609	24	287
609	24	698
609	24	699
609	24	700
609	24	701
609	24	48
609	24	702
609	24	703
609	24	652
609	24	704
609	24	461
609	24	705
609	24	706
609	24	707
609	24	708
609	24	66
609	24	709
609	24	710
609	24	254
609	24	467
609	24	711
609	24	712
609	24	713
609	24	478
609	24	714
609	24	21
609	24	715
609	24	716
609	24	96
609	24	717
609	24	718
609	24	719
609	24	720
609	24	721
609	24	722
609	24	723
609	24	724
609	24	725
609	24	726
609	24	656
609	24	727
609	24	728
609	24	729
609	24	730
609	24	731
609	24	732
609	24	733
609	24	734
609	24	735
609	24	736
609	24	737
609	24	286
609	24	738
609	24	739
609	24	740
609	24	741
609	24	463
609	24	742
609	24	360
609	24	743
609	24	744
609	24	745
609	24	615
609	24	215
609	24	521
609	24	746
609	24	747
609	24	748
609	24	749
609	24	176
609	24	750
609	24	751
609	24	752
609	24	753
609	24	754
609	24	419
609	24	141
609	24	221
609	24	111
609	24	755
609	24	756
609	24	29
609	24	757
609	24	758
609	24	18
609	24	759
609	24	760
609	24	761
609	24	762
609	24	763
609	24	764
609	24	765
609	24	448
609	24	423
609	24	766
609	24	767
609	24	768
609	24	769
609	24	770
609	24	69
609	24	771
609	24	455
609	24	772
609	24	185
609	24	773
609	24	551
609	24	774
609	24	775
609	24	776
609	24	777
609	24	778
609	24	779
609	24	780
609	24	781
609	24	782
609	24	783
609	24	784
609	24	785
609	24	786
609	24	787
609	24	653
609	24	788
609	24	789
609	24	790
609	24	791
609	24	70
609	24	792
609	24	793
609	24	321
609	24	16
609	24	289
609	24	794
609	24	169
609	24	795
609	24	8
609	24	796
609	24	797
609	24	798
609	24	799
609	24	800
609	24	801
609	24	802
609	24	803
609	24	804
609	24	183
609	24	805
609	24	806
609	24	807
609	24	199
609	24	808
609	24	809
609	24	810
609	24	811
609	24	812
609	24	813
609	24	814
609	24	815
609	24	816
609	24	817
609	24	818
609	24	819
609	24	820
609	24	821
609	24	263
609	24	208
609	24	822
609	24	823
609	16	824
609	16	825
609	16	826
609	16	827
609	16	828
609	16	829
609	16	830
609	16	831
609	16	832
609	16	833
609	16	834
609	16	835
609	16	48
609	16	836
609	16	837
609	16	838
609	16	839
609	16	840
609	16	841
609	16	576
609	16	842
609	16	843
609	16	844
609	16	845
609	16	846
609	16	847
609	16	848
609	16	849
609	16	116
609	16	850
609	16	851
609	16	852
609	16	165
609	16	853
609	16	854
609	16	855
609	16	856
609	16	300
609	16	134
609	16	857
609	16	858
609	16	859
609	16	860
609	16	861
609	16	25
609	16	862
609	16	286
609	16	863
609	16	864
609	16	865
609	16	135
609	16	866
609	16	867
609	16	868
609	16	869
609	16	870
609	16	871
609	16	872
609	16	873
609	16	874
609	16	176
609	16	875
609	16	876
609	16	877
609	16	878
609	16	10
609	16	879
609	16	880
609	16	881
609	16	882
609	16	883
609	16	884
609	16	885
609	16	26
609	16	20
609	16	220
609	16	886
609	16	887
609	16	888
609	16	889
609	16	890
609	16	17
609	16	891
609	16	892
609	16	893
609	16	894
609	16	895
609	16	896
609	16	897
609	16	898
609	16	899
609	16	900
609	16	8
609	16	495
609	16	901
609	16	902
609	16	903
609	16	904
609	16	177
609	16	905
609	16	906
609	16	907
609	16	908
609	16	909
609	16	97
609	16	910
609	16	911
609	16	912
609	16	913
609	16	1
609	16	914
609	16	915
609	16	916
609	16	917
609	15	918
609	15	919
609	15	920
609	15	921
609	15	922
609	15	923
609	15	924
609	15	925
609	15	926
609	15	65
609	15	927
609	15	928
609	15	929
609	15	930
609	15	931
609	15	932
609	15	933
609	15	934
609	15	935
609	15	936
609	15	706
609	15	937
609	15	938
609	15	939
609	15	940
609	15	941
609	15	942
609	15	943
609	15	116
609	15	944
609	15	945
609	15	946
609	15	947
609	15	948
609	15	949
609	15	950
609	15	951
609	15	952
609	15	953
609	15	954
609	15	955
609	15	956
609	15	957
609	15	958
609	15	959
609	15	960
609	15	961
609	15	962
609	15	963
609	15	964
609	15	965
609	15	966
609	15	967
609	15	18
609	15	968
609	15	969
609	15	970
609	15	971
609	15	972
609	15	973
609	15	974
609	15	465
609	15	975
609	15	976
609	15	977
609	15	978
609	15	355
609	15	979
609	15	980
609	15	981
609	15	982
609	15	983
609	15	984
609	15	985
609	15	986
609	15	987
609	15	988
609	15	989
609	15	990
609	15	991
609	15	992
609	15	993
609	15	994
609	15	995
609	15	996
609	15	997
609	15	998
609	15	999
609	15	1000
609	15	1001
609	15	1002
609	15	1003
609	15	1004
609	15	1005
609	15	1006
609	15	1007
609	15	1008
609	15	1009
609	15	1010
609	15	1011
609	15	1012
609	15	1013
609	15	1014
609	15	1015
609	15	1016
609	15	1017
609	15	1018
609	15	145
609	15	1019
609	15	1020
609	15	1021
609	15	1022
609	15	1023
609	15	1024
609	15	1025
609	15	1026
609	15	1027
609	15	1028
609	15	1029
609	15	1030
609	15	48
609	15	1031
609	15	1032
609	15	1033
609	15	1034
609	15	380
609	15	66
609	15	1035
609	15	1036
609	15	1037
609	15	1038
609	15	1039
609	15	1040
609	15	1041
609	15	1042
609	15	1043
609	15	329
609	15	408
609	15	1044
609	15	1045
609	15	1046
609	15	1047
609	15	1048
609	15	1049
609	15	1050
609	15	1051
609	15	1052
609	15	1053
609	15	1054
609	15	1055
609	15	1056
609	15	1057
609	15	1058
609	15	1059
609	15	1060
609	15	1061
609	15	1062
609	15	1063
609	15	1064
609	15	1065
609	15	1066
609	15	750
609	15	1067
609	15	752
609	15	1068
609	15	1069
609	15	1070
609	15	1071
609	15	1072
609	15	762
609	15	1073
609	15	1074
609	15	1075
609	15	1076
609	15	1077
609	15	1078
609	15	1079
609	15	1080
609	15	1081
609	15	1082
609	15	1083
609	15	159
609	15	1084
609	15	1085
609	15	783
609	15	1086
609	15	1087
609	15	1088
609	15	1089
609	15	1090
609	15	1091
609	15	1092
609	15	1093
609	15	1094
609	15	794
609	15	1095
609	15	1096
609	15	1097
609	15	1098
609	15	505
609	15	801
609	15	1099
609	15	1100
609	15	1101
609	15	808
609	15	1102
609	15	1103
609	15	1104
609	15	1105
609	15	1106
609	15	1107
609	15	1108
609	15	1109
609	15	1110
609	15	1111
609	15	1112
609	15	1113
609	15	1114
609	15	1115
609	15	1116
609	15	1117
609	15	1118
609	15	1119
609	15	1120
609	15	1121
609	15	1122
609	15	1123
609	15	1124
609	15	1125
609	15	1126
609	15	1127
609	15	1128
609	15	1129
609	15	1130
609	15	1131
609	15	1132
609	15	1133
609	15	1134
609	15	1135
609	15	115
609	15	1136
609	15	1137
609	15	1138
609	15	1139
609	15	1140
609	15	1141
609	15	1142
609	15	1143
609	15	1144
609	15	1145
609	15	1146
609	15	1147
609	15	1148
609	15	1149
609	15	28
609	15	1150
609	15	1151
609	15	860
609	15	1152
609	15	1153
609	15	1154
609	15	1155
609	15	1156
609	15	1157
609	15	1158
609	15	1159
609	15	1160
609	15	1161
609	15	740
609	15	1162
609	15	1163
609	15	1164
609	15	1165
609	15	1166
609	15	1167
609	15	873
609	15	1168
609	15	1169
609	15	1170
609	15	1171
609	15	1172
609	15	1173
609	15	1174
609	15	398
609	15	1175
609	15	1176
609	15	1177
609	15	1178
609	15	1179
609	15	367
609	15	1180
609	15	1181
609	15	1182
609	15	1183
609	15	1184
609	15	1185
609	15	1186
609	15	1187
609	15	1188
609	15	1189
609	15	1190
609	15	1191
609	15	1192
609	15	1193
609	15	1194
609	15	1195
609	15	1196
609	15	1197
609	15	1198
609	15	1199
609	15	1200
609	15	1201
609	15	1202
609	15	1203
609	15	1204
609	15	1205
609	15	1206
609	15	1207
609	15	1208
609	15	1209
609	15	1210
609	15	1211
609	15	1212
609	15	1213
609	15	1214
609	15	1215
609	15	1216
609	15	1217
609	15	1218
609	15	1219
609	15	1220
609	15	1221
609	15	1222
609	15	1223
609	15	192
609	15	1224
609	15	1225
609	15	1226
609	15	1227
609	15	1228
609	15	1229
609	15	1230
609	15	1231
609	15	1232
609	15	1233
609	15	1234
609	15	1235
609	15	1236
609	15	1237
609	15	1238
609	15	1239
609	15	1240
609	15	1241
609	15	1242
609	15	1243
609	15	1244
609	15	1245
609	15	1246
609	15	1247
609	15	1248
609	15	1249
609	15	1250
609	15	1251
609	15	1252
609	15	1253
609	15	1254
609	15	1255
609	15	1256
609	15	1257
609	15	1258
609	15	1259
609	15	1260
609	15	1261
609	15	1262
609	15	1263
609	15	165
609	15	1264
609	15	1265
609	15	1266
609	15	1267
609	15	1268
609	15	1269
609	15	1270
609	15	1271
609	15	720
609	15	1272
609	15	1273
609	15	1274
609	15	1275
609	15	1276
609	15	1277
609	15	577
609	15	1278
609	15	1279
609	15	1280
609	15	1281
609	15	1282
609	15	1283
609	15	1284
609	15	1285
609	15	1286
609	15	273
609	15	1287
609	15	1288
609	15	1289
609	15	1290
609	15	1291
609	15	1292
609	15	1293
609	15	1294
609	15	1295
609	15	1296
609	15	1297
609	15	1298
609	15	1299
609	15	1300
609	15	26
609	15	1301
609	15	1302
609	15	1303
609	15	1304
609	15	1305
609	15	493
609	15	1306
609	15	1307
609	15	1308
609	15	456
609	15	1309
609	15	1310
609	15	1311
609	15	1312
609	15	1313
609	15	1314
609	15	1315
609	15	1316
609	15	1317
609	15	1318
609	15	1319
609	15	1320
609	15	1321
609	15	169
609	15	16
609	15	119
609	15	8
609	15	1322
609	15	1323
609	15	1324
609	15	1325
609	15	906
609	15	1326
609	15	1327
609	15	909
609	15	1328
609	15	1329
609	15	1330
609	15	60
609	15	1331
609	15	1332
609	15	1333
609	15	1334
609	15	1335
609	15	1336
609	26	1337
609	26	1338
609	26	1339
609	26	1340
609	26	1341
609	26	1342
609	26	1343
609	26	1344
609	26	1345
609	26	1346
609	26	1347
609	26	1348
609	26	1349
609	26	1350
609	26	1351
609	26	1352
609	26	1353
609	26	1354
609	26	1355
609	26	1356
609	26	1357
609	26	1358
609	26	1359
609	26	1360
609	26	1361
609	26	1362
609	26	1363
609	26	1364
609	26	1365
609	26	1366
609	26	1367
609	26	1368
609	26	1369
609	26	1370
609	26	1371
609	26	1372
609	26	1373
609	26	1374
609	26	1375
609	26	1376
609	26	1377
609	26	1378
609	26	1379
609	16	848
609	16	1380
609	16	116
609	16	826
609	16	165
609	16	1123
609	16	1040
609	16	1381
609	16	854
609	16	8
609	16	300
609	16	902
609	16	1022
609	16	857
609	16	1239
609	16	829
609	16	830
609	16	1382
609	16	26
609	16	1383
609	16	1384
609	16	1385
609	16	864
609	16	17
609	16	159
609	16	1386
609	16	1061
609	16	1387
609	16	192
609	16	871
609	16	1388
609	16	1389
609	16	1390
609	16	165
609	16	26
609	25	1391
609	25	1392
609	25	1393
609	25	1394
609	25	1395
609	25	1396
609	25	1397
609	25	1398
609	25	1399
609	25	1400
609	25	1401
609	25	1402
609	25	1369
609	25	1403
609	25	1404
609	25	1405
609	25	1406
609	25	1407
609	25	1408
609	25	1409
609	25	1410
609	25	1411
609	25	1412
609	25	1413
609	25	1414
609	25	1415
609	25	1416
609	25	438
609	25	1417
609	25	1418
609	25	1354
609	25	1355
609	25	1419
609	25	1420
609	25	1421
609	25	1422
609	25	1423
609	25	1360
609	25	1424
609	25	1425
609	25	1426
609	25	1427
609	25	1428
609	25	1375
609	25	1429
609	25	1430
609	25	1431
609	25	1432
609	25	1433
609	25	1434
609	25	1435
609	25	1436
609	25	1437
609	25	1438
609	25	1439
609	25	1440
609	25	1441
609	25	1442
609	25	1443
609	25	1444
609	25	1445
609	25	1446
609	25	1447
609	25	1448
609	25	437
609	25	1449
609	25	1450
609	25	581
609	25	1451
609	25	1346
609	25	1349
609	25	1452
609	25	1453
609	25	1454
609	25	1362
609	25	1455
609	25	1456
609	25	580
609	25	1457
609	16	1458
609	16	1459
609	16	875
609	16	1460
609	16	1461
609	16	116
609	16	1462
609	16	1463
609	16	1464
609	16	1465
609	16	1466
609	16	8
609	16	1467
609	16	1468
609	16	10
609	16	532
609	16	1469
609	16	177
609	16	1470
609	16	26
609	16	1471
609	16	1472
609	16	1
609	16	533
609	16	1473
609	16	1474
609	16	37
609	16	1475
609	16	1476
609	16	1477
609	16	140
609	16	1478
609	16	1479
609	16	1480
609	16	1481
609	16	1482
609	16	1387
609	16	116
609	16	1
609	16	637
609	16	1483
609	16	1484
609	16	1485
609	16	238
609	16	1486
609	16	8
609	16	1387
609	16	25
609	16	134
609	16	116
609	16	20
609	16	1487
609	16	177
609	16	165
609	16	1
609	16	177
609	16	8
609	26	1439
609	16	1
610	10	245
610	9	177
611	32	1488
611	32	1489
611	108	892
611	108	832
612	28	1490
612	28	1491
612	28	1492
613	38	1493
614	28	1494
614	28	1495
615	27	48
616	20	1496
617	72	690
617	73	1
618	10	1497
618	9	1498
619	49	1499
619	49	1500
620	49	1501
620	59	856
621	11	18
621	13	1502
621	12	165
622	22	26
622	21	1503
622	21	1504
623	10	401
623	9	177
624	38	1505
625	49	1506
626	10	1507
626	9	269
627	28	1508
627	28	1509
628	10	1510
629	23	165
629	20	1511
630	32	1512
630	109	16
631	18	1513
631	9	26
632	49	1514
632	49	1515
633	49	48
633	49	1516
633	49	1517
634	23	165
634	20	1518
635	10	629
636	18	1519
636	9	8
637	28	1520
637	28	1521
638	72	1522
638	73	8
639	20	1222
639	19	18
639	23	26
640	10	1523
640	10	1524
640	3	1525
642	10	629
643	10	1526
643	10	1523
643	3	1527
644	72	1528
644	72	1529
644	73	8
645	38	1530
646	6	633
646	6	1531
647	10	1532
647	3	26
647	9	1
648	10	18
648	9	1533
649	72	1103
650	72	782
650	73	1
651	10	1523
651	10	1534
651	3	1535
651	3	1536
652	20	1537
652	20	1538
652	31	1539
652	31	1540
653	10	1541
654	19	790
654	20	1542
655	10	1543
655	9	1544
656	28	1545
656	28	1546
656	71	1547
657	10	1548
658	36	1549
659	10	1550
660	20	48
660	20	1551
661	48	1552
661	70	1220
662	9	1533
663	32	1553
663	109	16
664	10	1554
664	9	1555
664	3	8
665	18	1556
665	9	1557
666	10	1558
666	9	238
667	72	1559
668	20	1560
669	20	1561
669	31	1562
669	23	165
670	49	1563
671	70	1564
671	48	48
672	72	1278
672	87	18
673	5	26
673	6	141
674	10	21
674	3	8
674	9	1
675	18	579
675	9	1
675	3	8
676	6	634
676	6	1565
677	28	1566
677	28	1567
678	28	1568
678	28	151
679	38	1569
680	18	1513
680	9	26
681	49	1570
681	49	1515
682	72	1571
682	72	1529
682	73	8
683	28	1572
683	28	1573
684	10	1574
684	9	238
686	18	1575
686	9	1576
687	20	1577
688	10	1578
688	9	1579
689	10	1580
690	18	1581
690	10	1582
690	3	1583
691	52	1584
691	52	1585
691	53	1586
691	77	1587
692	38	1588
692	38	1589
693	52	1590
693	53	1591
693	53	1592
694	18	1593
695	72	1594
696	49	138
697	37	41
697	36	1595
698	32	1596
698	108	1597
698	108	37
699	72	1598
699	72	1599
700	27	1600
701	56	42
701	57	1601
701	57	1602
703	48	18
703	41	8
704	10	18
704	9	1603
705	17	1604
705	17	1605
705	17	1606
706	72	1607
706	72	111
706	87	1608
707	50	1609
707	50	1610
708	42	1611
708	70	1612
709	6	206
709	14	1613
709	5	177
710	3	911
710	3	1614
710	9	1020
710	10	1615
711	18	1616
711	3	165
712	18	1617
713	18	1618
713	10	1619
714	28	1600
714	28	1620
715	72	1621
716	14	1622
716	14	1623
717	28	1624
718	27	75
719	28	1625
719	28	1626
720	7	1627
720	7	1628
720	8	1
720	68	1629
720	68	1630
721	29	1631
722	49	1497
722	49	1632
722	59	1498
723	4	1366
723	4	1379
723	3	891
723	9	854
724	17	1633
724	40	1634
726	10	791
726	9	1533
727	43	1635
729	28	1636
729	28	1637
730	4	1638
730	9	165
731	20	1639
732	32	1640
732	108	1641
732	108	10
733	17	1642
733	17	1643
733	40	1644
734	69	572
735	10	1645
735	9	8
736	72	1529
736	72	1646
737	38	1647
738	4	1648
738	9	165
739	13	1649
740	48	1650
740	42	1651
741	18	1652
741	9	1653
742	109	18
743	27	231
744	38	1654
744	38	1655
744	38	1656
744	38	1657
744	38	1658
744	38	1659
745	108	1660
746	10	1661
747	38	1662
748	10	1663
748	9	165
750	10	18
750	9	1664
751	4	1665
751	9	165
752	20	1666
753	6	1667
753	5	134
753	5	135
754	27	75
755	9	1498
756	38	1668
756	38	1669
757	3	869
757	3	1670
757	9	937
757	10	1671
758	27	1672
759	85	113
760	18	1673
760	18	1674
760	9	1675
760	9	1676
761	3	827
761	3	1677
761	9	1198
761	10	1678
762	10	1679
763	3	1680
763	3	874
763	9	1263
763	10	1681
764	108	1682
765	10	1683
766	38	1684
767	10	1685
767	9	1686
768	9	104
769	72	1687
769	73	8
770	49	1688
770	49	1689
771	3	1
771	9	23
772	32	1690
772	108	37
772	108	1691
773	72	1692
773	72	1693
774	27	1600
775	72	1694
775	72	111
775	87	1695
776	50	1696
776	50	1697
777	42	1698
778	50	1699
779	38	1700
780	90	201
781	17	1701
781	40	1702
782	27	215
783	27	361
784	48	1703
784	42	1704
785	18	1705
785	9	1706
786	50	1707
787	52	1708
787	53	1709
787	53	1592
788	18	1710
789	27	1711
790	20	1712
791	38	448
791	39	165
792	3	834
792	3	1713
792	9	1126
792	10	1714
793	18	1715
793	10	1716
794	10	385
794	10	1717
794	9	1387
794	9	1485
795	9	1498
796	10	360
796	9	662
797	20	1297
797	31	1718
798	29	1719
798	29	1667
798	30	770
799	27	141
800	49	48
800	49	1720
800	49	1721
800	59	26
801	10	1722
801	9	26
802	14	1203
803	20	1043
803	20	1133
803	31	1418
804	10	289
804	9	662
805	10	16
805	9	1723
806	10	419
806	3	26
806	9	26
807	11	18
808	24	1724
808	15	134
808	15	135
808	25	1413
809	6	18
809	14	1725
810	3	116
810	18	1726
810	9	26
811	11	18
811	13	285
812	10	1513
812	3	116
812	9	26
813	93	1727
813	93	8
813	93	1728
813	85	18
814	18	1729
814	10	18
814	9	1
815	38	18
815	38	1730
815	38	1731
815	38	1732
816	10	18
816	9	17
816	9	1
817	10	18
818	18	1733
818	4	1734
818	4	1735
818	4	1736
818	4	1737
818	3	1738
818	9	26
818	10	1733
819	3	1739
819	3	881
819	9	1214
819	10	1740
820	10	419
820	9	26
821	27	185
821	27	1741
822	38	1742
822	38	18
822	38	1732
822	38	111
823	10	18
824	31	1439
824	19	18
824	20	1743
825	57	18
825	56	1744
826	72	1745
826	73	1746
826	73	104
826	73	26
827	52	1747
827	53	1748
827	53	165
828	38	1749
828	38	18
828	38	1732
828	38	111
830	38	1750
830	38	1751
831	20	1752
832	28	1753
832	28	1754
833	10	18
833	9	165
834	49	1755
834	49	629
835	49	1755
835	49	629
836	23	1123
836	20	1756
837	23	1061
837	20	1757
838	20	1758
840	14	1759
840	6	1760
841	72	157
842	38	1761
843	38	1762
845	29	1763
846	29	1763
847	29	1763
848	10	1764
848	18	1765
848	9	1766
849	10	1767
849	9	1768
850	10	1769
850	9	8
851	108	1770
852	20	1771
852	20	1772
853	6	1773
853	6	1774
853	6	1775
853	14	1776
853	14	1777
854	20	1778
855	20	1779
856	38	448
856	38	1780
859	45	1781
859	45	1782
860	5	1
861	42	1783
861	42	1784
862	38	1785
862	38	1786
864	20	1787
864	31	1788
865	20	48
866	20	48
869	6	1789
869	6	1790
869	14	1791
869	14	1792
869	5	1793
870	10	1794
870	3	1795
874	5	1796
874	14	1797
874	14	1798
875	20	1799
876	20	1800
877	28	1801
878	28	1802
879	13	1803
880	84	1804
881	84	1805
882	56	1806
882	56	1807
882	57	1808
883	84	452
884	84	452
885	84	452
886	84	452
887	84	452
888	48	1809
889	84	239
890	20	1810
890	20	1811
892	14	1812
892	14	1050
892	6	1813
893	14	1814
893	14	1050
893	6	1815
894	9	1816
894	9	272
894	10	1817
895	9	272
895	9	1818
895	10	1819
896	10	18
896	9	24
896	9	26
896	9	27
896	3	22
897	72	1820
898	38	1821
899	38	1822
900	108	1823
902	28	1824
903	28	1825
904	10	1826
904	10	1827
904	4	1828
904	4	1829
904	9	166
905	105	1830
905	106	1831
906	105	1832
906	106	1833
907	27	141
907	27	185
908	72	1834
909	32	1835
909	108	1836
910	20	1837
911	42	1838
911	41	664
911	48	1839
912	42	1840
912	41	664
912	48	1839
913	13	1841
914	18	1842
915	38	1843
916	13	1844
916	13	1845
917	6	1846
919	86	1847
919	65	1494
920	48	1848
921	49	1849
921	49	1513
921	59	26
922	49	1850
922	49	1851
922	59	1498
923	29	1852
924	10	18
924	9	8
925	10	1853
925	9	17
926	38	419
926	38	1854
926	39	177
927	10	1855
927	9	1856
928	10	1857
928	9	1858
929	85	790
930	49	48
930	49	1859
931	49	48
931	49	1551
931	59	1860
932	42	1552
933	72	1861
934	72	1862
935	28	8
935	28	111
936	10	1561
936	9	1863
937	38	1864
937	38	448
937	39	165
938	28	1865
938	28	18
939	10	18
939	9	8
940	49	1513
940	49	1866
940	59	26
941	49	1497
941	49	1867
941	59	1498
942	29	1852
943	49	1574
944	17	1577
945	10	1712
945	9	1579
946	10	1868
946	9	1144
947	18	1593
948	50	1599
949	64	1610
950	10	1616
950	9	1869
951	18	1870
951	9	165
952	28	1871
953	90	288
953	64	1872
954	18	1628
954	10	1627
954	9	1
955	6	141
955	5	1793
955	14	1873
956	50	266
956	50	267
958	20	1874
959	6	1875
960	72	1876
961	72	1877
962	51	8
962	50	1878
963	50	1692
964	64	1697
965	6	1879
966	64	1707
967	10	1880
967	9	1303
968	18	1710
969	18	1881
969	18	138
969	10	1882
969	9	1583
969	9	1883
971	27	1884
972	49	1722
972	49	1885
973	75	1203
974	19	18
974	31	1886
975	36	18
975	36	1887
975	37	30
976	10	1888
976	18	618
976	3	177
976	9	26
977	28	1889
978	50	18
979	10	818
979	10	780
979	10	786
979	10	1890
979	10	753
979	10	698
979	10	1891
979	10	726
979	9	1892
980	10	419
980	3	26
980	9	26
981	48	614
981	48	611
981	70	18
981	42	614
981	42	611
982	28	1521
983	10	1893
983	9	17
984	72	1894
985	48	18
985	48	1895
985	48	346
985	48	262
985	42	1895
985	42	346
985	42	262
986	9	1054
986	9	1896
987	20	1897
988	28	1898
988	28	1899
989	18	1900
989	9	1901
990	6	1902
990	5	177
991	50	1903
992	27	1771
992	27	1521
993	27	1521
993	27	1772
994	18	158
994	3	1
994	10	1904
994	9	1
995	10	1794
995	3	1795
995	9	1795
996	13	1799
997	17	1799
997	40	1905
997	35	315
998	13	1800
999	50	1906
1000	50	1907
1001	20	1908
1002	20	1803
1002	20	1908
1003	57	1909
1003	56	1910
1004	28	365
1005	70	1911
1006	70	1912
1007	10	1913
1007	9	1816
1008	10	1914
1008	9	1818
1009	50	1820
1010	50	1915
1011	72	1916
1012	20	1917
1013	20	1917
1013	20	1841
1014	18	1842
1014	3	165
1015	28	1521
1015	28	1918
1016	10	1513
1016	9	134
1017	72	107
1017	72	1919
1017	87	1920
1017	73	8
1018	85	790
1019	30	1921
1020	65	111
1021	28	1922
1021	28	1923
1021	28	1924
1021	28	1925
1022	18	382
1022	3	165
1023	72	107
1023	72	1926
1023	87	1927
1023	73	8
1024	10	1513
1024	9	134
1025	10	1928
1025	3	1144
1026	64	1599
1027	50	1929
1028	10	1930
1028	3	165
1029	9	1931
1030	14	1629
1030	14	185
1030	5	1932
1030	5	637
1030	5	1
1030	6	176
1030	6	1933
1030	43	1934
1032	10	1873
1032	9	1935
1032	9	495
1033	64	1692
1034	50	1936
1035	10	1880
1035	10	1868
1035	9	1144
1035	9	1303
1036	10	1928
1036	3	1303
1037	52	120
1037	77	1583
1038	3	661
1038	3	26
1038	3	1
1038	18	1888
1038	9	177
1039	28	1937
1039	28	1938
1040	27	1939
1041	18	614
1041	9	8
1042	41	17
1043	72	1893
1044	48	1895
1044	48	346
1044	48	262
1045	38	1940
1045	38	1941
1046	10	1942
1046	9	177
1047	72	641
1048	28	1943
1048	28	1944
1049	32	1945
1049	32	1946
1049	32	176
1049	32	1947
1049	32	1948
1049	32	1949
1049	32	1950
1049	32	1951
1049	32	1952
1049	32	1953
1049	32	1954
1049	32	1955
1049	32	1956
1049	32	1957
1049	32	1958
1049	32	1959
1049	32	1941
1049	32	315
1049	32	1960
1049	32	1961
1049	32	1962
1049	32	1963
1049	32	1781
1049	32	1964
1049	32	1965
1049	32	1966
1049	32	1967
1049	32	797
1049	32	1968
1049	32	1969
1049	32	1970
1049	32	1971
1049	32	1972
1049	32	1973
1049	32	1974
1049	32	1975
1049	32	1976
1049	32	1977
1049	32	1978
1049	32	1979
1049	32	1980
1049	32	1981
1049	32	1982
1049	32	448
1049	32	1983
1049	32	1984
1049	32	1985
1049	32	1986
1049	32	1987
1049	32	1988
1049	32	1782
1049	32	699
1049	32	1989
1049	32	1990
1049	32	1991
1049	32	1992
1049	32	1993
1049	32	1994
1049	32	42
1049	32	1995
1049	32	1996
1049	32	1997
1049	32	1998
1049	32	1999
1049	32	745
1049	32	2000
1049	32	2001
1049	32	2002
1049	32	2003
1049	109	2004
1049	109	2005
1049	109	18
1049	109	2006
1049	109	2007
1049	109	2008
1049	109	2009
1049	109	2010
1049	109	2011
1049	109	111
1049	108	2012
1049	108	2013
1049	108	2014
1049	108	2015
1049	108	2016
1049	108	2017
1049	108	26
1049	108	1738
1049	108	2018
1050	28	1943
1050	28	2019
1051	64	1906
1052	50	1907
1053	38	2020
1054	28	2021
1055	18	1842
1055	9	2022
1055	3	165
1056	49	2023
1056	49	1513
1056	59	134
1057	92	1920
1057	51	8
1058	85	115
1059	18	2024
1059	9	165
1060	92	1927
1060	51	8
1061	49	2025
1061	49	1513
1061	59	134
1062	10	2026
1062	9	165
1063	18	2027
1063	18	2028
1063	18	2029
1063	10	2030
1063	10	2031
1063	10	118
1063	10	2032
1063	10	2033
1063	10	2034
1063	10	2035
1063	10	2036
1063	9	1387
1063	9	2037
1063	9	576
1063	9	2038
1063	9	165
1063	9	117
1063	9	2039
1063	9	1
1063	3	116
1063	4	2040
1063	4	2041
1064	36	1870
1065	6	2042
1066	11	176
1066	13	1933
1067	10	103
1067	9	1144
1068	10	102
1068	9	1303
1069	10	120
1069	9	1583
1070	10	18
1070	3	1
1070	9	22
1070	9	264
1070	9	8
1071	18	614
1071	3	116
1071	9	26
1072	10	641
1072	9	617
1073	73	26
1073	72	2043
1074	73	26
1074	72	2044
1075	87	1978
1075	72	2007
1076	87	1958
1076	72	2009
1077	50	2045
1077	50	2046
1078	50	2047
1078	50	2048
1079	50	2049
1079	50	2050
1080	50	2051
1080	50	2052
1081	50	2053
1081	50	2054
1082	28	690
1082	28	782
1082	28	448
1083	32	2055
1083	32	1987
1084	72	2056
1085	72	2057
1086	72	2058
1086	72	2059
1087	38	176
1088	45	2002
1089	64	1903
1090	72	2060
1092	87	448
1092	72	2061
1093	6	2062
1093	5	26
1093	14	2063
1094	64	1907
1095	18	2064
1095	9	165
1096	49	1513
1096	49	2065
1096	59	1483
1098	85	113
1099	72	115
1101	49	1513
1101	49	2066
1101	59	1483
1102	10	2026
1102	9	2067
1103	29	2068
1104	29	2068
1105	3	1
1105	10	2069
1105	10	2070
1106	10	103
1106	9	104
1107	10	102
1107	9	104
1108	18	614
1108	9	1
1108	3	8
1109	64	2045
1109	64	2046
1110	64	2049
1110	64	2050
1111	64	2051
1111	64	2052
1112	64	2053
1112	64	2054
1113	50	2071
1114	50	2072
1115	64	18
1115	64	2059
1115	64	157
1115	64	2058
1115	64	1916
1115	64	111
1115	113	8
1116	38	2073
1116	38	2074
1117	90	176
1117	64	2075
1118	42	572
1118	48	816
1119	50	2076
1119	50	2077
1120	20	2078
1120	20	1117
1120	20	1011
1120	20	2079
1120	20	918
1120	20	2080
1120	20	2081
1120	20	2082
1120	20	2083
1120	20	925
1120	20	2084
1120	20	2085
1120	20	2086
1120	20	2087
1120	20	2088
1120	20	2089
1120	20	2090
1120	20	2091
1120	20	2092
1120	20	2093
1120	20	2094
1120	20	1136
1120	20	2095
1120	20	2096
1120	20	1257
1120	20	2097
1120	20	2098
1120	20	2099
1120	20	1261
1120	20	2100
1120	20	2101
1120	20	2102
1120	20	2103
1120	20	2104
1120	20	1042
1120	20	2105
1120	20	2106
1120	20	2107
1120	20	2108
1120	20	2109
1120	20	2110
1120	20	2111
1120	20	2112
1120	20	2113
1120	20	2114
1120	20	2115
1120	20	2116
1120	20	2117
1120	20	2118
1120	20	2119
1120	20	1163
1120	20	2120
1120	20	2121
1120	20	960
1120	20	1168
1120	20	961
1120	20	2122
1120	20	2123
1120	20	2124
1120	20	2125
1120	20	2126
1120	20	1068
1120	20	2127
1120	20	2128
1120	20	2129
1120	20	2130
1120	20	1296
1120	20	2131
1120	20	2132
1120	20	2133
1120	20	1073
1120	20	2134
1120	20	974
1120	20	2135
1120	20	2136
1120	20	1561
1120	20	2137
1120	20	1192
1120	20	2138
1120	20	2139
1120	20	2140
1120	20	2141
1120	20	2142
1120	20	2143
1120	20	2144
1120	20	1090
1120	20	993
1120	20	2145
1120	20	2146
1120	20	2147
1120	20	1092
1120	20	2148
1120	20	2149
1120	20	2150
1120	20	1215
1120	20	1837
1120	20	2151
1120	20	2152
1120	20	2153
1120	20	2154
1120	20	1221
1120	20	2155
1120	20	2156
1120	20	2157
1120	20	1224
1120	20	2158
1120	20	1008
1120	19	16
1120	19	2159
1120	19	2160
1120	19	740
1120	19	2161
1120	19	2162
1120	19	18
1120	19	706
1120	19	783
1120	19	801
1120	19	2163
1120	23	300
1120	23	166
1120	23	26
1120	23	902
1120	23	165
1120	23	857
1120	31	1443
1120	31	1394
1120	31	1396
1120	31	1456
1120	31	1395
1120	31	1417
1120	31	1418
1120	31	2164
1120	31	1440
1120	31	2165
1120	31	1355
1120	31	1451
1120	31	2166
1120	31	1403
1120	31	1422
1121	10	1842
1122	10	1513
1122	3	134
1122	9	1483
1123	72	674
1124	10	1513
1124	3	134
1124	9	1483
1125	64	2071
1126	64	2072
1127	65	18
1127	66	2167
1127	66	220
1127	86	2168
1128	65	111
1128	86	2169
1128	86	2170
1128	66	8
1129	65	18
1130	50	1872
1130	50	2075
1130	50	2171
1130	50	2172
1130	92	288
1130	92	176
1131	64	2076
1131	64	2077
1132	38	2173
1133	17	960
1133	40	2174
1134	49	315
1134	49	2175
1134	59	26
1135	36	2176
1136	28	448
1137	49	2177
1137	49	1891
1137	49	2178
1138	20	2179
1139	49	1755
1139	49	75
1139	49	629
1140	28	2021
1141	10	2180
1141	9	495
1142	16	26
1142	24	18
1142	24	2181
1143	10	1962
1143	9	2182
1143	3	97
1144	18	382
1144	9	2183
1144	3	165
1145	20	2100
1145	20	2112
1146	20	143
1146	20	2184
1146	20	2185
1146	20	1204
1146	20	122
1146	20	1330
1146	20	2186
1146	20	308
1146	20	2187
1146	20	2188
1146	20	2189
1146	20	2190
1146	20	1195
1146	31	1410
1146	31	1398
1146	23	26
1147	18	2191
1148	64	1057
1148	64	2047
1148	64	2048
1148	64	1103
1148	64	266
1148	64	267
1149	20	2130
1149	20	2108
1150	91	2192
1150	75	18
1150	75	2193
1150	75	808
1150	94	18
1151	20	1246
1151	19	740
1151	23	26
1153	20	48
1154	47	116
1154	47	26
1155	20	2134
1155	20	2194
1156	10	48
1156	3	495
1157	64	111
1158	66	26
1158	86	2195
1159	10	2196
1160	20	2197
1161	49	75
1161	59	26
1162	61	2198
1162	53	97
1163	10	382
1164	87	2062
1164	73	26
1164	72	107
1164	72	2063
1165	17	2199
1166	17	2200
1167	20	2185
1167	20	2201
1168	20	2202
1168	20	2186
1169	10	2203
1170	92	2000
1170	50	1057
1171	92	1945
1171	50	1103
1172	49	2204
1172	49	2205
1173	49	2206
1173	49	2207
1174	10	48
1174	9	556
1175	10	48
1175	9	555
1176	28	18
1176	28	454
1179	20	2134
1179	20	2194
1180	85	111
1181	85	111
1182	17	2208
1182	17	2209
1182	17	2210
1182	17	2211
1182	17	2103
1182	17	2129
1182	17	562
1182	17	2212
1182	17	563
1182	17	2213
1182	17	564
1182	17	567
1182	17	2214
1182	17	1778
1182	17	2215
1182	17	561
1182	17	2216
1182	17	1779
1182	17	998
1182	17	565
1182	17	2217
1182	17	2218
1182	17	2219
1182	17	2119
1182	17	2220
1182	17	2221
1182	17	2094
1182	35	2222
1182	35	2223
1182	35	2224
1182	35	2225
1182	35	2226
1182	35	2227
1182	35	2228
1182	35	2229
1182	35	2230
1182	40	97
1182	40	166
1182	40	2067
1183	10	2033
1183	9	26
1184	72	2231
1184	72	2232
1184	72	2233
1185	20	2234
1186	72	2235
1186	72	2236
1186	72	2237
1187	20	2238
1188	50	1057
1189	10	2221
1189	3	165
1190	64	2239
1191	10	2185
1192	64	2240
1193	10	2186
1194	10	2234
1194	9	2241
1195	10	2238
1195	9	2242
