588	0	609
609	1	588
588	0	1142
1142	1	588
588	0	1044
1044	1	588
588	0	975
975	1	588
588	0	1038
1038	1	588
588	0	608
608	1	588
588	0	809
809	1	588
588	0	1070
1070	1	588
588	0	811
811	1	588
588	0	981
981	1	588
468	0	609
609	1	468
468	0	1175
1175	1	468
468	0	1174
1174	1	468
468	0	1182
1182	1	468
468	0	575
575	1	468
575	0	609
609	1	575
567	0	609
609	1	567
567	0	1142
1142	1	567
567	0	575
575	1	567
567	0	576
576	1	567
567	0	588
588	1	567
567	0	577
577	1	567
567	0	639
639	1	567
567	0	981
981	1	567
567	0	1049
1049	1	567
567	0	578
578	1	567
567	0	579
579	1	567
533	0	609
609	1	533
533	0	588
588	1	533
533	0	567
567	1	533
533	0	1142
1142	1	533
533	0	574
574	1	533
533	0	539
539	1	533
533	0	608
608	1	533
533	0	1041
1041	1	533
533	0	540
540	1	533
533	0	541
541	1	533
533	0	542
542	1	533
533	0	543
543	1	533
533	0	544
544	1	533
533	0	1108
1108	1	533
533	0	545
545	1	533
533	0	1071
1071	1	533
533	0	546
546	1	533
533	0	590
590	1	533
533	0	547
547	1	533
533	0	569
569	1	533
533	0	558
558	1	533
533	0	548
548	1	533
533	0	580
580	1	533
533	0	549
549	1	533
533	0	981
981	1	533
533	0	1070
1070	1	533
533	0	550
550	1	533
533	0	551
551	1	533
533	0	578
578	1	533
533	0	579
579	1	533
533	0	576
576	1	533
533	0	577
577	1	533
533	0	975
975	1	533
533	0	817
817	1	533
533	0	823
823	1	533
4	0	609
609	1	4
5	0	609
609	1	5
5	0	347
347	1	5
5	0	938
938	1	5
18	0	609
609	1	18
18	0	588
588	1	18
18	0	567
567	1	18
18	0	1142
1142	1	18
18	0	574
574	1	18
18	0	539
539	1	18
18	0	608
608	1	18
18	0	540
540	1	18
18	0	541
541	1	18
18	0	542
542	1	18
18	0	543
543	1	18
18	0	544
544	1	18
18	0	545
545	1	18
18	0	546
546	1	18
18	0	590
590	1	18
18	0	547
547	1	18
18	0	569
569	1	18
18	0	558
558	1	18
18	0	548
548	1	18
18	0	580
580	1	18
18	0	549
549	1	18
459	0	609
609	1	459
459	0	525
525	1	459
459	0	526
526	1	459
459	0	527
527	1	459
459	0	528
528	1	459
459	0	497
497	1	459
459	0	498
498	1	459
459	0	499
499	1	459
459	0	500
500	1	459
358	0	609
609	1	358
981	0	1041
1041	1	981
981	0	1108
1108	1	981
981	0	1071
1071	1	981
574	0	609
609	1	574
574	0	1142
1142	1	574
574	0	678
678	1	574
574	0	1120
1120	1	574
574	0	860
860	1	574
36	0	609
609	1	36
36	0	588
588	1	36
36	0	567
567	1	36
36	0	1142
1142	1	36
36	0	574
574	1	36
36	0	539
539	1	36
36	0	608
608	1	36
36	0	540
540	1	36
36	0	541
541	1	36
36	0	542
542	1	36
36	0	543
543	1	36
36	0	544
544	1	36
36	0	545
545	1	36
36	0	546
546	1	36
36	0	590
590	1	36
36	0	547
547	1	36
36	0	569
569	1	36
36	0	558
558	1	36
36	0	548
548	1	36
36	0	580
580	1	36
36	0	549
549	1	36
539	0	609
609	1	539
539	0	1142
1142	1	539
539	0	1049
1049	1	539
516	0	609
609	1	516
516	0	588
588	1	516
516	0	567
567	1	516
516	0	1142
1142	1	516
516	0	574
574	1	516
516	0	539
539	1	516
516	0	608
608	1	516
516	0	540
540	1	516
516	0	541
541	1	516
516	0	542
542	1	516
516	0	543
543	1	516
516	0	544
544	1	516
516	0	545
545	1	516
516	0	546
546	1	516
516	0	590
590	1	516
516	0	547
547	1	516
516	0	569
569	1	516
516	0	558
558	1	516
516	0	548
548	1	516
516	0	580
580	1	516
516	0	549
549	1	516
608	0	609
609	1	608
608	0	1142
1142	1	608
608	0	1070
1070	1	608
608	0	809
809	1	608
608	0	975
975	1	608
86	0	609
609	1	86
86	0	1049
1049	1	86
540	0	609
609	1	540
540	0	1142
1142	1	540
540	0	1176
1176	1	540
540	0	567
567	1	540
540	0	639
639	1	540
540	0	557
557	1	540
541	0	609
609	1	541
541	0	1142
1142	1	541
101	0	609
609	1	101
107	0	609
609	1	107
107	0	588
588	1	107
128	0	609
609	1	128
542	0	609
609	1	542
542	0	1142
1142	1	542
543	0	609
609	1	543
543	0	1142
1142	1	543
543	0	1049
1049	1	543
481	0	609
609	1	481
481	0	588
588	1	481
481	0	567
567	1	481
481	0	1142
1142	1	481
481	0	574
574	1	481
481	0	539
539	1	481
481	0	608
608	1	481
481	0	540
540	1	481
481	0	541
541	1	481
481	0	542
542	1	481
481	0	543
543	1	481
481	0	544
544	1	481
481	0	545
545	1	481
481	0	546
546	1	481
481	0	590
590	1	481
481	0	547
547	1	481
481	0	569
569	1	481
481	0	558
558	1	481
481	0	548
548	1	481
481	0	580
580	1	481
481	0	549
549	1	481
481	0	1120
1120	1	481
481	0	509
509	1	481
544	0	609
609	1	544
544	0	1142
1142	1	544
545	0	609
609	1	545
545	0	1142
1142	1	545
545	0	1049
1049	1	545
545	0	558
558	1	545
546	0	609
609	1	546
546	0	1142
1142	1	546
546	0	1049
1049	1	546
485	0	609
609	1	485
485	0	588
588	1	485
485	0	567
567	1	485
485	0	1142
1142	1	485
485	0	574
574	1	485
485	0	539
539	1	485
485	0	608
608	1	485
485	0	540
540	1	485
485	0	541
541	1	485
485	0	542
542	1	485
485	0	543
543	1	485
485	0	544
544	1	485
485	0	545
545	1	485
485	0	546
546	1	485
485	0	590
590	1	485
485	0	547
547	1	485
485	0	569
569	1	485
485	0	558
558	1	485
485	0	548
548	1	485
485	0	580
580	1	485
485	0	549
549	1	485
485	0	1120
1120	1	485
485	0	511
511	1	485
202	0	609
609	1	202
202	0	588
588	1	202
202	0	567
567	1	202
202	0	1142
1142	1	202
202	0	574
574	1	202
202	0	539
539	1	202
202	0	608
608	1	202
202	0	540
540	1	202
202	0	541
541	1	202
202	0	542
542	1	202
202	0	543
543	1	202
202	0	544
544	1	202
202	0	545
545	1	202
202	0	546
546	1	202
202	0	590
590	1	202
202	0	547
547	1	202
202	0	569
569	1	202
202	0	558
558	1	202
202	0	548
548	1	202
202	0	580
580	1	202
202	0	549
549	1	202
202	0	416
416	1	202
202	0	1057
1057	1	202
202	0	582
582	1	202
202	0	924
924	1	202
202	0	571
571	1	202
202	0	1017
1017	1	202
202	0	414
414	1	202
206	0	609
609	1	206
210	0	609
609	1	210
210	0	588
588	1	210
210	0	567
567	1	210
210	0	1142
1142	1	210
210	0	574
574	1	210
210	0	539
539	1	210
210	0	608
608	1	210
210	0	540
540	1	210
210	0	541
541	1	210
210	0	542
542	1	210
210	0	543
543	1	210
210	0	544
544	1	210
210	0	545
545	1	210
210	0	546
546	1	210
210	0	590
590	1	210
210	0	547
547	1	210
210	0	569
569	1	210
210	0	558
558	1	210
210	0	548
548	1	210
210	0	580
580	1	210
210	0	549
549	1	210
210	0	416
416	1	210
210	0	1060
1060	1	210
210	0	582
582	1	210
210	0	939
939	1	210
210	0	572
572	1	210
210	0	1023
1023	1	210
210	0	417
417	1	210
590	0	609
609	1	590
590	0	1142
1142	1	590
590	0	807
807	1	590
590	0	974
974	1	590
547	0	609
609	1	547
547	0	1142
1142	1	547
547	0	1030
1030	1	547
547	0	807
807	1	547
547	0	974
974	1	547
547	0	580
580	1	547
547	0	720
720	1	547
547	0	569
569	1	547
547	0	559
559	1	547
547	0	590
590	1	547
547	0	954
954	1	547
547	0	589
589	1	547
569	0	609
609	1	569
569	0	1142
1142	1	569
569	0	1030
1030	1	569
569	0	807
807	1	569
569	0	974
974	1	569
569	0	720
720	1	569
569	0	580
580	1	569
569	0	590
590	1	569
569	0	589
589	1	569
569	0	954
954	1	569
276	0	609
609	1	276
276	0	434
434	1	276
558	0	609
609	1	558
558	0	1142
1142	1	558
558	0	1049
1049	1	558
548	0	609
609	1	548
548	0	1142
1142	1	548
580	0	609
609	1	580
580	0	1142
1142	1	580
580	0	720
720	1	580
580	0	1030
1030	1	580
580	0	807
807	1	580
580	0	974
974	1	580
580	0	954
954	1	580
580	0	589
589	1	580
580	0	590
590	1	580
720	0	954
954	1	720
720	0	1030
1030	1	720
720	0	1031
1031	1	720
549	0	609
609	1	549
549	0	1142
1142	1	549
549	0	1049
1049	1	549
549	0	703
703	1	549
549	0	650
650	1	549
549	0	750
750	1	549
487	0	609
609	1	487
487	0	513
513	1	487
487	0	514
514	1	487
487	0	515
515	1	487
1049	0	1073
1073	1	1049
1049	0	1113
1113	1	1049
1049	0	1125
1125	1	1049
1049	0	1074
1074	1	1049
1049	0	1075
1075	1	1049
1049	0	1114
1114	1	1049
1049	0	1126
1126	1	1049
1049	0	1076
1076	1	1049
1049	0	1115
1115	1	1049
1049	0	1109
1109	1	1049
1049	0	1077
1077	1	1049
1049	0	1131
1131	1	1049
1049	0	1119
1119	1	1049
1049	0	1148
1148	1	1049
1049	0	1078
1078	1	1049
1049	0	1110
1110	1	1049
1049	0	1079
1079	1	1049
1049	0	1111
1111	1	1049
1049	0	1080
1080	1	1049
1049	0	1081
1081	1	1049
1049	0	1112
1112	1	1049
1049	0	1130
1130	1	1049
1049	0	1117
1117	1	1049
1049	0	1170
1170	1	1049
1049	0	1082
1082	1	1049
1049	0	1142
1142	1	1049
1049	0	1171
1171	1	1049
1049	0	1083
1083	1	1049
1049	0	1084
1084	1	1049
1049	0	1085
1085	1	1049
1049	0	1120
1120	1	1049
1049	0	1086
1086	1	1049
1049	0	1164
1164	1	1049
1049	0	1087
1087	1	1049
1049	0	1088
1088	1	1049
1049	0	1089
1089	1	1049
1049	0	1090
1090	1	1049
1049	0	1091
1091	1	1049
1049	0	1092
1092	1	1049
1049	0	1143
1143	1	1049
1049	0	1093
1093	1	1049
151	0	517
517	1	151
151	0	610
610	1	151
151	0	449
449	1	151
151	0	609
609	1	151
151	0	489
489	1	151
609	0	610
610	1	609
609	0	611
611	1	609
609	0	612
612	1	609
609	0	1049
1049	1	609
609	0	1115
1115	1	609
609	0	1035
1035	1	609
609	0	946
946	1	609
609	0	613
613	1	609
609	0	1120
1120	1	609
609	0	614
614	1	609
609	0	615
615	1	609
609	0	616
616	1	609
609	0	1109
1109	1	609
609	0	1077
1077	1	609
609	0	1174
1174	1	609
609	0	1148
1148	1	609
609	0	1170
1170	1	609
609	0	1082
1082	1	609
609	0	617
617	1	609
609	0	999
999	1	609
609	0	1051
1051	1	609
609	0	618
618	1	609
609	0	1136
1136	1	609
609	0	619
619	1	609
609	0	1027
1027	1	609
609	0	1011
1011	1	609
609	0	620
620	1	609
609	0	621
621	1	609
609	0	622
622	1	609
609	0	1182
1182	1	609
609	0	623
623	1	609
609	0	624
624	1	609
609	0	625
625	1	609
609	0	986
986	1	609
609	0	626
626	1	609
609	0	627
627	1	609
609	0	628
628	1	609
609	0	950
950	1	609
609	0	989
989	1	609
609	0	1102
1102	1	609
609	0	629
629	1	609
609	0	1128
1128	1	609
609	0	1157
1157	1	609
609	0	630
630	1	609
609	0	631
631	1	609
609	0	921
921	1	609
609	0	632
632	1	609
609	0	633
633	1	609
609	0	634
634	1	609
609	0	635
635	1	609
609	0	636
636	1	609
609	0	1070
1070	1	609
609	0	637
637	1	609
609	0	1146
1146	1	609
609	0	638
638	1	609
609	0	639
639	1	609
609	0	640
640	1	609
609	0	956
956	1	609
609	0	641
641	1	609
609	0	1118
1118	1	609
609	0	1078
1078	1	609
609	0	642
642	1	609
609	0	643
643	1	609
609	0	644
644	1	609
609	0	645
645	1	609
609	0	924
924	1	609
609	0	646
646	1	609
609	0	647
647	1	609
609	0	926
926	1	609
609	0	648
648	1	609
609	0	992
992	1	609
609	0	1048
1048	1	609
609	0	1171
1171	1	609
609	0	649
649	1	609
609	0	650
650	1	609
609	0	1000
1000	1	609
609	0	1094
1094	1	609
609	0	1151
1151	1	609
609	0	651
651	1	609
609	0	985
985	1	609
609	0	1127
1127	1	609
609	0	1129
1129	1	609
609	0	1158
1158	1	609
609	0	990
990	1	609
609	0	1046
1046	1	609
609	0	652
652	1	609
609	0	927
927	1	609
609	0	653
653	1	609
609	0	1018
1018	1	609
609	0	654
654	1	609
609	0	929
929	1	609
609	0	1099
1099	1	609
609	0	1058
1058	1	609
609	0	1123
1123	1	609
609	0	993
993	1	609
609	0	1050
1050	1	609
609	0	655
655	1	609
609	0	656
656	1	609
609	0	1005
1005	1	609
609	0	657
657	1	609
609	0	658
658	1	609
609	0	659
659	1	609
609	0	931
931	1	609
609	0	660
660	1	609
609	0	930
930	1	609
609	0	661
661	1	609
609	0	1108
1108	1	609
609	0	662
662	1	609
609	0	663
663	1	609
609	0	664
664	1	609
609	0	935
935	1	609
609	0	1020
1020	1	609
609	0	665
665	1	609
609	0	666
666	1	609
609	0	667
667	1	609
609	0	1034
1034	1	609
609	0	668
668	1	609
609	0	669
669	1	609
609	0	936
936	1	609
609	0	670
670	1	609
609	0	671
671	1	609
609	0	672
672	1	609
609	0	673
673	1	609
609	0	674
674	1	609
609	0	675
675	1	609
609	0	982
982	1	609
609	0	939
939	1	609
609	0	676
676	1	609
609	0	677
677	1	609
609	0	994
994	1	609
609	0	678
678	1	609
609	0	1006
1006	1	609
609	0	1160
1160	1	609
609	0	1081
1081	1	609
609	0	1112
1112	1	609
609	0	679
679	1	609
609	0	680
680	1	609
609	0	940
940	1	609
609	0	681
681	1	609
609	0	682
682	1	609
609	0	967
967	1	609
609	0	683
683	1	609
609	0	684
684	1	609
609	0	943
943	1	609
609	0	685
685	1	609
609	0	686
686	1	609
609	0	1189
1189	1	609
609	0	687
687	1	609
609	0	944
944	1	609
609	0	1175
1175	1	609
609	0	688
688	1	609
609	0	945
945	1	609
609	0	689
689	1	609
609	0	690
690	1	609
609	0	1143
1143	1	609
609	0	1134
1134	1	609
609	0	1161
1161	1	609
609	0	928
928	1	609
609	0	1073
1073	1	609
609	0	691
691	1	609
609	0	692
692	1	609
609	0	693
693	1	609
609	0	1067
1067	1	609
609	0	694
694	1	609
609	0	947
947	1	609
609	0	1084
1084	1	609
609	0	695
695	1	609
609	0	696
696	1	609
609	0	1152
1152	1	609
609	0	1172
1172	1	609
609	0	919
919	1	609
609	0	697
697	1	609
609	0	971
971	1	609
609	0	1153
1153	1	609
609	0	698
698	1	609
609	0	699
699	1	609
609	0	948
948	1	609
609	0	1026
1026	1	609
609	0	700
700	1	609
609	0	701
701	1	609
609	0	702
702	1	609
609	0	703
703	1	609
609	0	704
704	1	609
609	0	1135
1135	1	609
609	0	705
705	1	609
609	0	706
706	1	609
609	0	707
707	1	609
609	0	949
949	1	609
609	0	1147
1147	1	609
609	0	1179
1179	1	609
609	0	1156
1156	1	609
609	0	708
708	1	609
609	0	1074
1074	1	609
609	0	920
920	1	609
609	0	1003
1003	1	609
609	0	709
709	1	609
609	0	979
979	1	609
609	0	710
710	1	609
609	0	711
711	1	609
609	0	951
951	1	609
609	0	1029
1029	1	609
609	0	1045
1045	1	609
609	0	1062
1062	1	609
609	0	712
712	1	609
609	0	952
952	1	609
609	0	713
713	1	609
609	0	714
714	1	609
609	0	1180
1180	1	609
609	0	1085
1085	1	609
609	0	715
715	1	609
609	0	922
922	1	609
609	0	716
716	1	609
609	0	717
717	1	609
609	0	718
718	1	609
609	0	1142
1142	1	609
609	0	719
719	1	609
609	0	720
720	1	609
609	0	1031
1031	1	609
609	0	1030
1030	1	609
609	0	1032
1032	1	609
609	0	721
721	1	609
609	0	955
955	1	609
609	0	1038
1038	1	609
609	0	722
722	1	609
609	0	723
723	1	609
609	0	724
724	1	609
609	0	725
725	1	609
609	0	726
726	1	609
609	0	727
727	1	609
609	0	1183
1183	1	609
609	0	728
728	1	609
609	0	729
729	1	609
609	0	1176
1176	1	609
609	0	730
730	1	609
609	0	731
731	1	609
609	0	732
732	1	609
609	0	733
733	1	609
609	0	734
734	1	609
609	0	735
735	1	609
609	0	1169
1169	1	609
609	0	736
736	1	609
609	0	737
737	1	609
609	0	738
738	1	609
609	0	958
958	1	609
609	0	739
739	1	609
609	0	740
740	1	609
609	0	741
741	1	609
609	0	959
959	1	609
609	0	1103
1103	1	609
609	0	923
923	1	609
609	0	742
742	1	609
609	0	743
743	1	609
609	0	1017
1017	1	609
609	0	1057
1057	1	609
609	0	1097
1097	1	609
609	0	744
744	1	609
609	0	1137
1137	1	609
609	0	1063
1063	1	609
609	0	925
925	1	609
609	0	960
960	1	609
609	0	745
745	1	609
609	0	746
746	1	609
609	0	747
747	1	609
609	0	748
748	1	609
609	0	749
749	1	609
609	0	750
750	1	609
609	0	751
751	1	609
609	0	752
752	1	609
609	0	753
753	1	609
609	0	1044
1044	1	609
609	0	754
754	1	609
609	0	755
755	1	609
609	0	756
756	1	609
609	0	757
757	1	609
609	0	758
758	1	609
609	0	1009
1009	1	609
609	0	978
978	1	609
609	0	759
759	1	609
609	0	1098
1098	1	609
609	0	937
937	1	609
609	0	1007
1007	1	609
609	0	760
760	1	609
609	0	761
761	1	609
609	0	762
762	1	609
609	0	763
763	1	609
609	0	932
932	1	609
609	0	1019
1019	1	609
609	0	1173
1173	1	609
609	0	933
933	1	609
609	0	1181
1181	1	609
609	0	764
764	1	609
609	0	961
961	1	609
609	0	765
765	1	609
609	0	766
766	1	609
609	0	767
767	1	609
609	0	1105
1105	1	609
609	0	768
768	1	609
609	0	769
769	1	609
609	0	962
962	1	609
609	0	995
995	1	609
609	0	770
770	1	609
609	0	771
771	1	609
609	0	772
772	1	609
609	0	1033
1033	1	609
609	0	963
963	1	609
609	0	773
773	1	609
609	0	774
774	1	609
609	0	775
775	1	609
609	0	776
776	1	609
609	0	964
964	1	609
609	0	1154
1154	1	609
609	0	988
988	1	609
609	0	1177
1177	1	609
609	0	777
777	1	609
609	0	1139
1139	1	609
609	0	778
778	1	609
609	0	779
779	1	609
609	0	1145
1145	1	609
609	0	1015
1015	1	609
609	0	938
938	1	609
609	0	1140
1140	1	609
609	0	1002
1002	1	609
609	0	780
780	1	609
609	0	781
781	1	609
609	0	1054
1054	1	609
609	0	934
934	1	609
609	0	782
782	1	609
609	0	783
783	1	609
609	0	1023
1023	1	609
609	0	1060
1060	1	609
609	0	1100
1100	1	609
609	0	1047
1047	1	609
609	0	1072
1072	1	609
609	0	1141
1141	1	609
609	0	941
941	1	609
609	0	784
784	1	609
609	0	785
785	1	609
609	0	965
965	1	609
609	0	1104
1104	1	609
609	0	942
942	1	609
609	0	786
786	1	609
609	0	966
966	1	609
609	0	787
787	1	609
609	0	1068
1068	1	609
609	0	968
968	1	609
609	0	788
788	1	609
609	0	1178
1178	1	609
609	0	1008
1008	1	609
609	0	789
789	1	609
609	0	790
790	1	609
609	0	791
791	1	609
609	0	792
792	1	609
609	0	793
793	1	609
609	0	1162
1162	1	609
609	0	794
794	1	609
609	0	795
795	1	609
609	0	796
796	1	609
609	0	1025
1025	1	609
609	0	1130
1130	1	609
609	0	1117
1117	1	609
609	0	1087
1087	1	609
609	0	797
797	1	609
609	0	798
798	1	609
609	0	799
799	1	609
609	0	800
800	1	609
609	0	1150
1150	1	609
609	0	1188
1188	1	609
609	0	801
801	1	609
609	0	802
802	1	609
609	0	973
973	1	609
609	0	803
803	1	609
609	0	804
804	1	609
609	0	805
805	1	609
609	0	806
806	1	609
609	0	1028
1028	1	609
609	0	807
807	1	609
609	0	974
974	1	609
609	0	808
808	1	609
609	0	976
976	1	609
609	0	809
809	1	609
609	0	810
810	1	609
609	0	811
811	1	609
609	0	975
975	1	609
609	0	812
812	1	609
609	0	813
813	1	609
609	0	1164
1164	1	609
609	0	1093
1093	1	609
609	0	814
814	1	609
609	0	1014
1014	1	609
609	0	1055
1055	1	609
609	0	1095
1095	1	609
609	0	815
815	1	609
609	0	816
816	1	609
609	0	1022
1022	1	609
609	0	1144
1144	1	609
609	0	1059
1059	1	609
609	0	981
981	1	609
609	0	817
817	1	609
609	0	818
818	1	609
609	0	819
819	1	609
609	0	980
980	1	609
609	0	820
820	1	609
609	0	821
821	1	609
609	0	822
822	1	609
609	0	823
823	1	609
609	0	824
824	1	609
609	0	825
825	1	609
609	0	1133
1133	1	609
609	0	1036
1036	1	609
609	0	826
826	1	609
609	0	827
827	1	609
609	0	828
828	1	609
609	0	829
829	1	609
609	0	830
830	1	609
609	0	1086
1086	1	609
609	0	831
831	1	609
609	0	1096
1096	1	609
609	0	996
996	1	609
609	0	998
998	1	609
609	0	1092
1092	1	609
609	0	832
832	1	609
609	0	1001
1001	1	609
609	0	1101
1101	1	609
609	0	954
954	1	609
609	0	833
833	1	609
609	0	834
834	1	609
609	0	835
835	1	609
609	0	836
836	1	609
609	0	837
837	1	609
609	0	838
838	1	609
609	0	839
839	1	609
609	0	840
840	1	609
609	0	841
841	1	609
609	0	842
842	1	609
609	0	843
843	1	609
609	0	1043
1043	1	609
609	0	844
844	1	609
609	0	845
845	1	609
609	0	846
846	1	609
609	0	847
847	1	609
609	0	848
848	1	609
609	0	849
849	1	609
609	0	850
850	1	609
609	0	851
851	1	609
609	0	997
997	1	609
609	0	1155
1155	1	609
609	0	1122
1122	1	609
609	0	1124
1124	1	609
609	0	852
852	1	609
609	0	853
853	1	609
609	0	854
854	1	609
609	0	855
855	1	609
609	0	1071
1071	1	609
609	0	856
856	1	609
609	0	857
857	1	609
609	0	858
858	1	609
609	0	859
859	1	609
609	0	860
860	1	609
609	0	861
861	1	609
609	0	862
862	1	609
609	0	863
863	1	609
609	0	864
864	1	609
609	0	865
865	1	609
609	0	866
866	1	609
609	0	867
867	1	609
609	0	868
868	1	609
609	0	869
869	1	609
609	0	870
870	1	609
609	0	871
871	1	609
609	0	872
872	1	609
609	0	873
873	1	609
609	0	1056
1056	1	609
609	0	1061
1061	1	609
609	0	874
874	1	609
609	0	875
875	1	609
609	0	876
876	1	609
609	0	877
877	1	609
609	0	878
878	1	609
609	0	879
879	1	609
609	0	880
880	1	609
609	0	881
881	1	609
609	0	882
882	1	609
609	0	883
883	1	609
609	0	884
884	1	609
609	0	885
885	1	609
609	0	886
886	1	609
609	0	887
887	1	609
609	0	1052
1052	1	609
609	0	983
983	1	609
609	0	888
888	1	609
609	0	1088
1088	1	609
609	0	889
889	1	609
609	0	890
890	1	609
609	0	891
891	1	609
609	0	892
892	1	609
609	0	893
893	1	609
609	0	894
894	1	609
609	0	895
895	1	609
609	0	896
896	1	609
609	0	897
897	1	609
609	0	1012
1012	1	609
609	0	898
898	1	609
609	0	899
899	1	609
609	0	900
900	1	609
609	0	901
901	1	609
609	0	902
902	1	609
609	0	903
903	1	609
609	0	904
904	1	609
609	0	905
905	1	609
609	0	906
906	1	609
609	0	907
907	1	609
609	0	970
970	1	609
609	0	908
908	1	609
609	0	1016
1016	1	609
609	0	1024
1024	1	609
609	0	909
909	1	609
609	0	1013
1013	1	609
609	0	910
910	1	609
609	0	911
911	1	609
609	0	912
912	1	609
609	0	913
913	1	609
609	0	914
914	1	609
609	0	915
915	1	609
609	0	916
916	1	609
609	0	917
917	1	609
609	0	918
918	1	609
489	0	610
610	1	489
489	0	609
609	1	489
489	0	517
517	1	489
433	0	588
588	1	433
433	0	796
796	1	433
433	0	609
609	1	433
275	0	588
588	1	275
275	0	796
796	1	275
275	0	609
609	1	275
275	0	433
433	1	275
15	0	609
609	1	15
26	0	862
862	1	26
26	0	609
609	1	26
213	0	1115
1115	1	213
213	0	609
609	1	213
41	0	1106
1106	1	41
41	0	1107
1107	1	41
41	0	1067
1067	1	41
41	0	1068
1068	1	41
25	0	609
609	1	25
555	0	561
561	1	555
555	0	609
609	1	555
555	0	601
601	1	555
555	0	602
602	1	555
555	0	1072
1072	1	555
555	0	1047
1047	1	555
555	0	570
570	1	555
555	0	709
709	1	555
555	0	582
582	1	555
555	0	924
924	1	555
555	0	1017
1017	1	555
555	0	1057
1057	1	555
555	0	1097
1097	1	555
555	0	939
939	1	555
555	0	1023
1023	1	555
555	0	1060
1060	1	555
555	0	1100
1100	1	555
555	0	574
574	1	555
555	0	646
646	1	555
555	0	676
676	1	555
555	0	860
860	1	555
555	0	994
994	1	555
555	0	571
571	1	555
555	0	572
572	1	555
555	0	573
573	1	555
555	0	562
562	1	555
555	0	563
563	1	555
555	0	564
564	1	555
555	0	565
565	1	555
280	0	609
609	1	280
280	0	1120
1120	1	280
299	0	441
441	1	299
299	0	616
616	1	299
299	0	609
609	1	299
699	0	948
948	1	699
699	0	1026
1026	1	699
379	0	609
609	1	379
1090	0	1131
1131	1	1090
1090	0	1119
1119	1	1090
1090	0	1159
1159	1	1090
617	0	1082
1082	1	617
34	0	1049
1049	1	34
34	0	356
356	1	34
34	0	357
357	1	34
356	0	1049
1049	1	356
859	0	1049
1049	1	859
201	0	991
991	1	201
201	0	1089
1089	1	201
201	0	1049
1049	1	201
320	0	518
518	1	320
320	0	623
623	1	320
320	0	449
449	1	320
320	0	609
609	1	320
320	0	490
490	1	320
490	0	623
623	1	490
490	0	609
609	1	490
490	0	518
518	1	490
194	0	588
588	1	194
194	0	804
804	1	194
194	0	609
609	1	194
194	0	412
412	1	194
412	0	588
588	1	412
412	0	804
804	1	412
412	0	609
609	1	412
137	0	609
609	1	137
829	0	986
986	1	829
353	0	527
527	1	353
353	0	499
499	1	353
353	0	459
459	1	353
169	0	626
626	1	169
169	0	609
609	1	169
169	0	920
920	1	169
56	0	609
609	1	56
882	0	1003
1003	1	882
454	0	609
609	1	454
204	0	609
609	1	204
204	0	415
415	1	204
415	0	609
609	1	415
463	0	609
609	1	463
463	0	1120
1120	1	463
463	0	603
603	1	463
463	0	573
573	1	463
463	0	519
519	1	463
581	0	591
591	1	581
581	0	592
592	1	581
581	0	593
593	1	581
581	0	594
594	1	581
581	0	595
595	1	581
581	0	609
609	1	581
581	0	883
883	1	581
581	0	884
884	1	581
581	0	885
885	1	581
581	0	886
886	1	581
581	0	887
887	1	581
581	0	596
596	1	581
581	0	597
597	1	581
581	0	598
598	1	581
581	0	599
599	1	581
581	0	600
600	1	581
69	0	581
581	1	69
69	0	609
609	1	69
69	0	596
596	1	69
69	0	371
371	1	69
69	0	573
573	1	69
596	0	609
609	1	596
252	0	609
609	1	252
838	0	1045
1045	1	838
838	0	989
989	1	838
284	0	1004
1004	1	284
284	0	888
888	1	284
284	0	437
437	1	284
220	0	609
609	1	220
220	0	482
482	1	220
220	0	420
420	1	220
220	0	510
510	1	220
420	0	609
609	1	420
420	0	482
482	1	420
420	0	510
510	1	420
62	0	1115
1115	1	62
62	0	609
609	1	62
62	0	1128
1128	1	62
62	0	1157
1157	1	62
62	0	1180
1180	1	62
62	0	368
368	1	62
368	0	1115
1115	1	368
368	0	609
609	1	368
368	0	1128
1128	1	368
368	0	1157
1157	1	368
368	0	1180
1180	1	368
342	0	609
609	1	342
342	0	1128
1128	1	342
1184	0	1190
1190	1	1184
28	0	717
717	1	28
28	0	609
609	1	28
28	0	718
718	1	28
28	0	754
754	1	28
303	0	468
468	1	303
303	0	575
575	1	303
303	0	609
609	1	303
81	0	547
547	1	81
81	0	609
609	1	81
81	0	720
720	1	81
81	0	1030
1030	1	81
81	0	580
580	1	81
81	0	569
569	1	81
81	0	954
954	1	81
81	0	589
589	1	81
81	0	568
568	1	81
81	0	375
375	1	81
721	0	1032
1032	1	721
721	0	955
955	1	721
60	0	955
955	1	60
60	0	609
609	1	60
60	0	1032
1032	1	60
122	0	468
468	1	122
122	0	575
575	1	122
122	0	609
609	1	122
407	0	977
977	1	407
407	0	1040
1040	1	407
407	0	588
588	1	407
407	0	609
609	1	407
407	0	1070
1070	1	407
407	0	975
975	1	407
407	0	533
533	1	407
407	0	508
508	1	407
407	0	478
478	1	407
407	0	811
811	1	407
407	0	809
809	1	407
407	0	608
608	1	407
187	0	977
977	1	187
187	0	1040
1040	1	187
187	0	588
588	1	187
187	0	609
609	1	187
187	0	1070
1070	1	187
187	0	533
533	1	187
187	0	809
809	1	187
187	0	975
975	1	187
187	0	478
478	1	187
187	0	811
811	1	187
187	0	508
508	1	187
187	0	608
608	1	187
478	0	1039
1039	1	478
478	0	975
975	1	478
478	0	588
588	1	478
478	0	609
609	1	478
478	0	1070
1070	1	478
478	0	809
809	1	478
478	0	976
976	1	478
478	0	1038
1038	1	478
478	0	533
533	1	478
478	0	608
608	1	478
478	0	538
538	1	478
478	0	811
811	1	478
478	0	507
507	1	478
478	0	508
508	1	478
508	0	1039
1039	1	508
508	0	609
609	1	508
508	0	588
588	1	508
508	0	1070
1070	1	508
508	0	975
975	1	508
508	0	976
976	1	508
508	0	1038
1038	1	508
508	0	533
533	1	508
508	0	809
809	1	508
508	0	608
608	1	508
508	0	538
538	1	508
507	0	1039
1039	1	507
507	0	975
975	1	507
507	0	609
609	1	507
507	0	809
809	1	507
507	0	588
588	1	507
507	0	1070
1070	1	507
507	0	1038
1038	1	507
507	0	976
976	1	507
507	0	533
533	1	507
507	0	608
608	1	507
507	0	811
811	1	507
507	0	538
538	1	507
507	0	532
532	1	507
1093	0	1164
1164	1	1093
1093	0	1183
1183	1	1093
1093	0	1146
1146	1	1093
79	0	540
540	1	79
79	0	609
609	1	79
79	0	557
557	1	79
79	0	374
374	1	79
168	0	1148
1148	1	168
168	0	609
609	1	168
168	0	956
956	1	168
168	0	732
732	1	168
1120	0	1132
1132	1	1120
1120	0	1160
1160	1	1120
1120	0	1133
1133	1	1120
1120	0	1134
1134	1	1120
1120	0	1135
1135	1	1120
1120	0	1136
1136	1	1120
1120	0	1137
1137	1	1120
1120	0	1138
1138	1	1120
1120	0	1139
1139	1	1120
1120	0	1140
1140	1	1120
1120	0	1141
1141	1	1120
1120	0	1142
1142	1	1120
1120	0	1182
1182	1	1120
1120	0	1170
1170	1	1120
1120	0	1171
1171	1	1120
1120	0	1143
1143	1	1120
1120	0	1144
1144	1	1120
1120	0	1145
1145	1	1120
1120	0	1146
1146	1	1120
1120	0	1147
1147	1	1120
1120	0	1148
1148	1	1120
1120	0	1149
1149	1	1120
1120	0	1179
1179	1	1120
1120	0	1150
1150	1	1120
1120	0	1151
1151	1	1120
1120	0	1172
1172	1	1120
1120	0	1173
1173	1	1120
1120	0	1152
1152	1	1120
1120	0	1153
1153	1	1120
1120	0	1154
1154	1	1120
1120	0	1155
1155	1	1120
1120	0	1156
1156	1	1120
330	0	609
609	1	330
402	0	609
609	1	402
161	0	609
609	1	161
161	0	402
402	1	161
474	0	531
531	1	474
474	0	609
609	1	474
474	0	506
506	1	474
279	0	609
609	1	279
582	0	609
609	1	582
582	0	924
924	1	582
582	0	939
939	1	582
582	0	601
601	1	582
582	0	602
602	1	582
571	0	609
609	1	571
571	0	582
582	1	571
571	0	601
601	1	571
571	0	924
924	1	571
563	0	609
609	1	563
563	0	601
601	1	563
563	0	582
582	1	563
563	0	571
571	1	563
563	0	573
573	1	563
1017	0	1057
1057	1	1017
1017	0	1097
1097	1	1017
745	0	960
960	1	745
360	0	1110
1110	1	360
360	0	1079
1079	1	360
360	0	1049
1049	1	360
143	0	609
609	1	143
193	0	1095
1095	1	193
193	0	1121
1121	1	193
193	0	1055
1055	1	193
193	0	1120
1120	1	193
193	0	1182
1182	1	193
193	0	1014
1014	1	193
649	0	1171
1171	1	649
649	0	1148
1148	1	649
650	0	1082
1082	1	650
357	0	1049
1049	1	357
873	0	1049
1049	1	873
65	0	609
609	1	65
65	0	370
370	1	65
370	0	609
609	1	370
164	0	609
609	1	164
164	0	403
403	1	164
164	0	985
985	1	164
164	0	1044
1044	1	164
173	0	1115
1115	1	173
173	0	609
609	1	173
173	0	1127
1127	1	173
173	0	1129
1129	1	173
376	0	609
609	1	376
376	0	1158
1158	1	376
376	0	1115
1115	1	376
376	0	484
484	1	376
376	0	465
465	1	376
308	0	990
990	1	308
308	0	609
609	1	308
308	0	1046
1046	1	308
308	0	840
840	1	308
355	0	609
609	1	355
355	0	1070
1070	1	355
355	0	1120
1120	1	355
138	0	472
472	1	138
138	0	389
389	1	138
138	0	390
390	1	138
483	0	609
609	1	483
483	0	1120
1120	1	483
483	0	604
604	1	483
483	0	573
573	1	483
483	0	519
519	1	483
236	0	581
581	1	236
236	0	609
609	1	236
236	0	597
597	1	236
236	0	425
425	1	236
236	0	573
573	1	236
597	0	609
609	1	597
148	0	609
609	1	148
249	0	813
813	1	249
296	0	813
813	1	296
296	0	978
978	1	296
296	0	609
609	1	296
47	0	759
759	1	47
47	0	1098
1098	1	47
47	0	1099
1099	1	47
47	0	1123
1123	1	47
47	0	1058
1058	1	47
47	0	609
609	1	47
149	0	889
889	1	149
149	0	1123
1123	1	149
149	0	609
609	1	149
149	0	397
397	1	149
397	0	889
889	1	397
397	0	1123
1123	1	397
397	0	609
609	1	397
246	0	1059
1059	1	246
246	0	1163
1163	1	246
246	0	1144
1144	1	246
246	0	1120
1120	1	246
246	0	1182
1182	1	246
246	0	1022
1022	1	246
854	0	1182
1182	1	854
894	0	1007
1007	1	894
890	0	1005
1005	1	890
890	0	1006
1006	1	890
491	0	609
609	1	491
491	0	1120
1120	1	491
491	0	605
605	1	491
491	0	573
573	1	491
491	0	519
519	1	491
333	0	581
581	1	333
333	0	609
609	1	333
333	0	598
598	1	333
333	0	453
453	1	333
333	0	573
573	1	333
598	0	609
609	1	598
524	0	609
609	1	524
286	0	494
494	1	286
495	0	609
609	1	495
495	0	524
524	1	495
457	0	609
609	1	457
457	0	494
494	1	457
457	0	522
522	1	457
457	0	535
535	1	457
457	0	495
495	1	457
494	0	609
609	1	494
494	0	554
554	1	494
494	0	560
560	1	494
494	0	994
994	1	494
494	0	574
574	1	494
494	0	860
860	1	494
494	0	520
520	1	494
494	0	521
521	1	494
494	0	535
535	1	494
494	0	522
522	1	494
494	0	536
536	1	494
494	0	523
523	1	494
494	0	562
562	1	494
494	0	565
565	1	494
494	0	555
555	1	494
494	0	1108
1108	1	494
494	0	675
675	1	494
475	0	609
609	1	475
475	0	1120
1120	1	475
475	0	606
606	1	475
475	0	573
573	1	475
475	0	519
519	1	475
146	0	581
581	1	146
146	0	609
609	1	146
146	0	599
599	1	146
146	0	395
395	1	146
146	0	573
573	1	146
599	0	609
609	1	599
660	0	930
930	1	660
660	0	1019
1019	1	660
660	0	931
931	1	660
660	0	932
932	1	660
445	0	1041
1041	1	445
445	0	486
486	1	445
445	0	609
609	1	445
445	0	1063
1063	1	445
445	0	1105
1105	1	445
445	0	494
494	1	445
550	0	662
662	1	550
550	0	933
933	1	550
550	0	609
609	1	550
550	0	981
981	1	550
550	0	588
588	1	550
550	0	567
567	1	550
550	0	578
578	1	550
46	0	1115
1115	1	46
46	0	609
609	1	46
46	0	1128
1128	1	46
46	0	1157
1157	1	46
46	0	1181
1181	1	46
46	0	363
363	1	46
363	0	1115
1115	1	363
363	0	609
609	1	363
363	0	1128
1128	1	363
363	0	1157
1157	1	363
363	0	1181
1181	1	363
260	0	609
609	1	260
260	0	1128
1128	1	260
1186	0	1192
1192	1	1186
764	0	961
961	1	764
361	0	1111
1111	1	361
361	0	1080
1080	1	361
361	0	1049
1049	1	361
769	0	962
962	1	769
870	0	995
995	1	870
773	0	1033
1033	1	773
773	0	963
963	1	773
452	0	609
609	1	452
76	0	1115
1115	1	76
76	0	841
841	1	76
76	0	373
373	1	76
111	0	609
609	1	111
111	0	1120
1120	1	111
111	0	380
380	1	111
111	0	381
381	1	111
130	0	609
609	1	130
130	0	387
387	1	130
387	0	609
609	1	387
262	0	609
609	1	262
262	0	430
430	1	262
262	0	985
985	1	262
262	0	1044
1044	1	262
915	0	1015
1015	1	915
1002	0	1140
1140	1	1002
1001	0	1140
1140	1	1001
879	0	1140
1140	1	879
879	0	1001
1001	1	879
879	0	1002
1002	1	879
879	0	1120
1120	1	879
913	0	1054
1054	1	913
913	0	1012
1012	1	913
913	0	1013
1013	1	913
1012	0	1054
1054	1	1012
1013	0	1054
1054	1	1013
551	0	662
662	1	551
551	0	934
934	1	551
551	0	609
609	1	551
551	0	981
981	1	551
551	0	588
588	1	551
551	0	567
567	1	551
551	0	579
579	1	551
469	0	609
609	1	469
469	0	505
505	1	469
505	0	609
609	1	505
325	0	468
468	1	325
325	0	575
575	1	325
325	0	609
609	1	325
123	0	609
609	1	123
123	0	782
782	1	123
123	0	501
501	1	123
283	0	501
501	1	283
366	0	502
502	1	366
366	0	609
609	1	366
366	0	1042
1042	1	366
366	0	461
461	1	366
366	0	462
462	1	366
119	0	609
609	1	119
572	0	609
609	1	572
572	0	582
582	1	572
572	0	602
602	1	572
572	0	939
939	1	572
564	0	609
609	1	564
564	0	602
602	1	564
564	0	582
582	1	564
564	0	572
572	1	564
564	0	573
573	1	564
1023	0	1060
1060	1	1023
1023	0	1100
1100	1	1023
565	0	1072
1072	1	565
565	0	1047
1047	1	565
565	0	574
574	1	565
565	0	860
860	1	565
565	0	994
994	1	565
565	0	609
609	1	565
562	0	1072
1072	1	562
562	0	1047
1047	1	562
562	0	574
574	1	562
562	0	994
994	1	562
562	0	860
860	1	562
562	0	609
609	1	562
523	0	994
994	1	523
523	0	1072
1072	1	523
523	0	1047
1047	1	523
523	0	609
609	1	523
523	0	574
574	1	523
523	0	860
860	1	523
523	0	536
536	1	523
523	0	537
537	1	523
523	0	555
555	1	523
523	0	565
565	1	523
523	0	562
562	1	523
327	0	468
468	1	327
327	0	575
575	1	327
327	0	609
609	1	327
537	0	556
556	1	537
537	0	566
566	1	537
537	0	1141
1141	1	537
537	0	609
609	1	537
537	0	1072
1072	1	537
537	0	860
860	1	537
860	0	1141
1141	1	860
860	0	994
994	1	860
860	0	1120
1120	1	860
496	0	544
544	1	496
496	0	609
609	1	496
234	0	609
609	1	234
234	0	424
424	1	234
424	0	609
609	1	424
466	0	530
530	1	466
466	0	609
609	1	466
466	0	504
504	1	466
238	0	1115
1115	1	238
238	0	609
609	1	238
243	0	943
943	1	243
243	0	684
684	1	243
243	0	1049
1049	1	243
243	0	609
609	1	243
855	0	1182
1182	1	855
895	0	1008
1008	1	895
405	0	609
609	1	405
174	0	609
609	1	174
174	0	405
405	1	174
354	0	528
528	1	354
354	0	500
500	1	354
354	0	459
459	1	354
479	0	609
609	1	479
479	0	1120
1120	1	479
479	0	607
607	1	479
479	0	573
573	1	479
479	0	519
519	1	479
190	0	581
581	1	190
190	0	609
609	1	190
190	0	600
600	1	190
190	0	410
410	1	190
190	0	573
573	1	190
600	0	609
609	1	600
392	0	609
609	1	392
392	0	487
487	1	392
392	0	514
514	1	392
449	0	610
610	1	449
449	0	623
623	1	449
449	0	609
609	1	449
449	0	517
517	1	449
449	0	518
518	1	449
449	0	489
489	1	449
449	0	490
490	1	449
517	0	610
610	1	517
517	0	609
609	1	517
287	0	609
609	1	287
287	0	1120
1120	1	287
287	0	511
511	1	287
287	0	485
485	1	287
287	0	439
439	1	287
439	0	609
609	1	439
439	0	511
511	1	439
439	0	485
485	1	439
511	0	609
609	1	511
1086	0	1115
1115	1	1086
693	0	1035
1035	1	693
693	0	946
946	1	693
1025	0	1067
1067	1	1025
1067	0	1106
1106	1	1067
2	0	345
345	1	2
2	0	609
609	1	2
2	0	346
346	1	2
2	0	496
496	1	2
695	0	1117
1117	1	695
695	0	1130
1130	1	695
1087	0	1116
1116	1	1087
1087	0	1130
1130	1	1087
1087	0	1117
1117	1	1087
105	0	609
609	1	105
561	0	570
570	1	561
456	0	609
609	1	456
456	0	492
492	1	456
456	0	493
493	1	456
131	0	609
609	1	131
131	0	492
492	1	131
131	0	488
488	1	131
131	0	516
516	1	131
131	0	456
456	1	131
408	0	609
609	1	408
408	0	799
799	1	408
799	0	971
971	1	799
255	0	609
609	1	255
255	0	429
429	1	255
409	0	609
609	1	409
184	0	609
609	1	184
184	0	799
799	1	184
184	0	429
429	1	184
184	0	408
408	1	184
184	0	409
409	1	184
98	0	609
609	1	98
98	0	379
379	1	98
244	0	856
856	1	244
244	0	609
609	1	244
244	0	833
833	1	244
244	0	427
427	1	244
427	0	1049
1049	1	427
427	0	609
609	1	427
427	0	833
833	1	427
1119	0	1159
1159	1	1119
1119	0	1131
1131	1	1119
877	0	1051
1051	1	877
877	0	999
999	1	877
702	0	1188
1188	1	702
223	0	609
609	1	223
908	0	1010
1010	1	908
908	0	1115
1115	1	908
908	0	1011
1011	1	908
68	0	1158
1158	1	68
851	0	1089
1089	1	851
851	0	991
991	1	851
177	0	1049
1049	1	177
518	0	623
623	1	518
518	0	609
609	1	518
88	0	1049
1049	1	88
88	0	609
609	1	88
501	0	609
609	1	501
501	0	529
529	1	501
501	0	1120
1120	1	501
501	0	782
782	1	501
501	0	824
824	1	501
158	0	609
609	1	158
158	0	501
501	1	158
165	0	609
609	1	165
126	0	386
386	1	126
32	0	829
829	1	32
32	0	986
986	1	32
32	0	499
499	1	32
32	0	500
500	1	32
32	0	353
353	1	32
32	0	354
354	1	32
32	0	609
609	1	32
406	0	525
525	1	406
406	0	609
609	1	406
406	0	527
527	1	406
406	0	497
497	1	406
72	0	372
372	1	72
72	0	609
609	1	72
450	0	609
609	1	450
326	0	609
609	1	326
326	0	450
450	1	326
603	0	609
609	1	603
583	0	609
609	1	583
583	0	603
603	1	583
371	0	609
609	1	371
371	0	581
581	1	371
371	0	591
591	1	371
371	0	883
883	1	371
371	0	603
603	1	371
371	0	583
583	1	371
371	0	573
573	1	371
371	0	463
463	1	371
573	0	581
581	1	573
573	0	591
591	1	573
573	0	609
609	1	573
573	0	582
582	1	573
573	0	592
592	1	573
573	0	593
593	1	573
573	0	594
594	1	573
573	0	595
595	1	573
573	0	883
883	1	573
573	0	884
884	1	573
573	0	885
885	1	573
573	0	886
886	1	573
573	0	887
887	1	573
573	0	601
601	1	573
573	0	602
602	1	573
573	0	583
583	1	573
573	0	584
584	1	573
573	0	585
585	1	573
573	0	586
586	1	573
573	0	603
603	1	573
573	0	604
604	1	573
573	0	605
605	1	573
573	0	606
606	1	573
573	0	607
607	1	573
573	0	587
587	1	573
951	0	1064
1064	1	951
951	0	1062
1062	1	951
951	0	1028
1028	1	951
951	0	1029
1029	1	951
951	0	1063
1063	1	951
1029	0	1064
1064	1	1029
114	0	609
609	1	114
114	0	1062
1062	1	114
114	0	382
382	1	114
382	0	1062
1062	1	382
382	0	609
609	1	382
888	0	1004
1004	1	888
437	0	1004
1004	1	437
437	0	609
609	1	437
44	0	714
714	1	44
552	0	609
609	1	552
510	0	609
609	1	510
510	0	534
534	1	510
510	0	552
552	1	510
23	0	609
609	1	23
23	0	1157
1157	1	23
1167	0	1194
1194	1	1167
1167	0	1190
1190	1	1167
1167	0	1184
1184	1	1167
1167	0	1191
1191	1	1167
1167	0	1185
1185	1	1167
10	0	1049
1049	1	10
10	0	609
609	1	10
10	0	1190
1190	1	10
10	0	1192
1192	1	10
715	0	953
953	1	715
715	0	1130
1130	1	715
192	0	411
411	1	192
192	0	1130
1130	1	192
192	0	953
953	1	192
352	0	1142
1142	1	352
352	0	719
719	1	352
352	0	609
609	1	352
375	0	580
580	1	375
375	0	609
609	1	375
375	0	1030
1030	1	375
375	0	720
720	1	375
375	0	547
547	1	375
375	0	569
569	1	375
375	0	954
954	1	375
375	0	589
589	1	375
375	0	568
568	1	375
568	0	609
609	1	568
568	0	1030
1030	1	568
568	0	720
720	1	568
568	0	954
954	1	568
568	0	580
580	1	568
568	0	589
589	1	568
559	0	609
609	1	559
559	0	1030
1030	1	559
559	0	807
807	1	559
559	0	974
974	1	559
559	0	568
568	1	559
559	0	580
580	1	559
559	0	569
569	1	559
559	0	590
590	1	559
467	0	720
720	1	467
467	0	1031
1031	1	467
467	0	954
954	1	467
467	0	609
609	1	467
378	0	720
720	1	378
378	0	1031
1031	1	378
378	0	609
609	1	378
378	0	954
954	1	378
378	0	808
808	1	378
378	0	467
467	1	378
1030	0	1065
1065	1	1030
1030	0	1066
1066	1	1030
811	0	1040
1040	1	811
811	0	977
977	1	811
811	0	1070
1070	1	811
22	0	609
609	1	22
22	0	722
722	1	22
22	0	349
349	1	22
349	0	609
609	1	349
349	0	722
722	1	349
142	0	609
609	1	142
273	0	729
729	1	273
273	0	609
609	1	273
1154	0	1176
1176	1	1154
1154	0	1177
1177	1	1154
1154	0	1178
1178	1	1154
557	0	609
609	1	557
557	0	567
567	1	557
557	0	639
639	1	557
557	0	1176
1176	1	557
374	0	609
609	1	374
374	0	567
567	1	374
374	0	1176
1176	1	374
374	0	557
557	1	374
732	0	1148
1148	1	732
732	0	956
956	1	732
156	0	609
609	1	156
156	0	399
399	1	156
180	0	609
609	1	180
641	0	1049
1049	1	641
150	0	477
477	1	150
150	0	609
609	1	150
150	0	398
398	1	150
225	0	609
609	1	225
1078	0	1169
1169	1	1078
1078	0	1148
1148	1	1078
245	0	814
814	1	245
347	0	609
609	1	347
347	0	1015
1015	1	347
347	0	814
814	1	347
347	0	672
672	1	347
347	0	915
915	1	347
1063	0	1103
1103	1	1063
1063	0	1104
1104	1	1063
1063	0	1183
1183	1	1063
1063	0	1105
1105	1	1063
200	0	1103
1103	1	200
200	0	923
923	1	200
200	0	609
609	1	200
393	0	531
531	1	393
393	0	474
474	1	393
393	0	506
506	1	393
144	0	531
531	1	144
144	0	474
474	1	144
144	0	506
506	1	144
144	0	393
393	1	144
144	0	542
542	1	144
231	0	421
421	1	231
447	0	609
609	1	447
447	0	487
487	1	447
447	0	515
515	1	447
140	0	609
609	1	140
140	0	743
743	1	140
133	0	582
582	1	133
133	0	924
924	1	133
133	0	609
609	1	133
646	0	924
924	1	646
646	0	1057
1057	1	646
646	0	1097
1097	1	646
646	0	1017
1017	1	646
344	0	609
609	1	344
344	0	1120
1120	1	344
647	0	925
925	1	647
266	0	609
609	1	266
266	0	926
926	1	266
216	0	609
609	1	216
216	0	418
418	1	216
833	0	1049
1049	1	833
748	0	1021
1021	1	748
748	0	1014
1014	1	748
748	0	1055
1055	1	748
748	0	1095
1095	1	748
875	0	1048
1048	1	875
875	0	996
996	1	875
875	0	997
997	1	875
996	0	1048
1048	1	996
1014	0	1121
1121	1	1014
1014	0	1055
1055	1	1014
1014	0	1095
1095	1	1014
1055	0	1121
1121	1	1055
1055	0	1095
1095	1	1055
1095	0	1182
1182	1	1095
1095	0	1120
1120	1	1095
1095	0	1121
1121	1	1095
1121	0	1182
1182	1	1121
878	0	1094
1094	1	878
878	0	1000
1000	1	878
749	0	1052
1052	1	749
170	0	609
609	1	170
170	0	404
404	1	170
227	0	609
609	1	227
211	0	609
609	1	211
211	0	471
471	1	211
97	0	471
471	1	97
97	0	609
609	1	97
97	0	383
383	1	97
313	0	446
446	1	313
313	0	911
911	1	313
8	0	609
609	1	8
8	0	403
403	1	8
8	0	430
430	1	8
8	0	348
348	1	8
8	0	588
588	1	8
8	0	815
815	1	8
8	0	495
495	1	8
8	0	822
822	1	8
8	0	828
828	1	8
8	0	985
985	1	8
8	0	524
524	1	8
1115	0	1127
1127	1	1115
1115	0	1157
1157	1	1115
1115	0	1128
1128	1	1115
1115	0	1180
1180	1	1115
1115	0	1181
1181	1	1115
1115	0	1129
1129	1	1115
112	0	840
840	1	112
89	0	434
434	1	89
89	0	1115
1115	1	89
89	0	609
609	1	89
89	0	376
376	1	89
434	0	484
484	1	434
434	0	609
609	1	434
294	0	484
484	1	294
390	0	473
473	1	390
604	0	609
609	1	604
584	0	609
609	1	584
584	0	604
604	1	584
425	0	609
609	1	425
425	0	581
581	1	425
425	0	592
592	1	425
425	0	884
884	1	425
425	0	604
604	1	425
425	0	584
584	1	425
425	0	573
573	1	425
425	0	483
483	1	425
136	0	1009
1009	1	136
136	0	897
897	1	136
51	0	1009
1009	1	51
51	0	609
609	1	51
51	0	897
897	1	51
813	0	978
978	1	813
82	0	609
609	1	82
82	0	383
383	1	82
82	0	470
470	1	82
116	0	470
470	1	116
116	0	609
609	1	116
116	0	383
383	1	116
104	0	446
446	1	104
104	0	912
912	1	104
937	0	1021
1021	1	937
937	0	1022
1022	1	937
937	0	1144
1144	1	937
937	0	1059
1059	1	937
937	0	1120
1120	1	937
876	0	1050
1050	1	876
876	0	998
998	1	876
998	0	1050
1050	1	998
1022	0	1163
1163	1	1022
1022	0	1144
1144	1	1022
1022	0	1059
1059	1	1022
1022	0	1120
1120	1	1022
1144	0	1163
1163	1	1144
1059	0	1182
1182	1	1059
1059	0	1120
1120	1	1059
1059	0	1163
1163	1	1059
1163	0	1182
1182	1	1163
605	0	609
609	1	605
585	0	609
609	1	585
585	0	605
605	1	585
453	0	609
609	1	453
453	0	581
581	1	453
453	0	593
593	1	453
453	0	885
885	1	453
453	0	605
605	1	453
453	0	585
585	1	453
453	0	573
573	1	453
453	0	491
491	1	453
535	0	609
609	1	535
535	0	553
553	1	535
606	0	609
609	1	606
586	0	609
609	1	586
586	0	606
606	1	586
395	0	609
609	1	395
395	0	581
581	1	395
395	0	594
594	1	395
395	0	886
886	1	395
395	0	606
606	1	395
395	0	586
586	1	395
395	0	573
573	1	395
395	0	475
475	1	395
340	0	609
609	1	340
340	0	493
493	1	340
340	0	488
488	1	340
340	0	516
516	1	340
340	0	456
456	1	340
61	0	609
609	1	61
662	0	933
933	1	662
662	0	934
934	1	662
1168	0	1195
1195	1	1168
1168	0	1186
1186	1	1168
1168	0	1192
1192	1	1168
1168	0	1193
1193	1	1168
1168	0	1187
1187	1	1168
312	0	444
444	1	312
312	0	609
609	1	312
312	0	1063
1063	1	312
312	0	445
445	1	312
312	0	1105
1105	1	312
87	0	609
609	1	87
295	0	440
440	1	295
295	0	818
818	1	295
401	0	771
771	1	401
401	0	609
609	1	401
909	0	1049
1049	1	909
329	0	609
609	1	329
329	0	452
452	1	329
251	0	609
609	1	251
373	0	464
464	1	373
373	0	1115
1115	1	373
373	0	841
841	1	373
381	0	609
609	1	381
380	0	609
609	1	380
380	0	980
980	1	380
380	0	468
468	1	380
380	0	575
575	1	380
380	0	668
668	1	380
380	0	820
820	1	380
380	0	907
907	1	380
380	0	1120
1120	1	380
380	0	505
505	1	380
380	0	469
469	1	380
14	0	988
988	1	14
14	0	832
832	1	14
14	0	609
609	1	14
431	0	670
670	1	431
431	0	609
609	1	431
674	0	938
938	1	674
162	0	780
780	1	162
250	0	609
609	1	250
486	0	609
609	1	486
486	0	675
675	1	486
486	0	512
512	1	486
271	0	609
609	1	271
271	0	450
450	1	271
461	0	609
609	1	461
461	0	982
982	1	461
461	0	501
501	1	461
461	0	824
824	1	461
461	0	502
502	1	461
824	0	1043
1043	1	824
824	0	982
982	1	824
824	0	983
983	1	824
297	0	782
782	1	297
297	0	609
609	1	297
502	0	609
609	1	502
502	0	1042
1042	1	502
462	0	609
609	1	462
462	0	502
502	1	462
277	0	609
609	1	277
277	0	783
783	1	277
91	0	582
582	1	91
91	0	939
939	1	91
91	0	609
609	1	91
676	0	939
939	1	676
676	0	1060
1060	1	676
676	0	1100
1100	1	676
676	0	1023
1023	1	676
77	0	609
609	1	77
77	0	994
994	1	77
536	0	609
609	1	536
536	0	825
825	1	536
536	0	1120
1120	1	536
536	0	574
574	1	536
536	0	860
860	1	536
536	0	994
994	1	536
536	0	554
554	1	536
536	0	555
555	1	536
300	0	1104
1104	1	300
300	0	942
942	1	300
300	0	609
609	1	300
93	0	530
530	1	93
93	0	466
466	1	93
93	0	504
504	1	93
93	0	377
377	1	93
377	0	530
530	1	377
377	0	466
466	1	377
377	0	504
504	1	377
509	0	609
609	1	509
218	0	609
609	1	218
218	0	1120
1120	1	218
218	0	509
509	1	218
218	0	481
481	1	218
218	0	419
419	1	218
419	0	609
609	1	419
419	0	509
509	1	419
419	0	481
481	1	419
787	0	1035
1035	1	787
787	0	967
967	1	787
1036	0	1068
1068	1	1036
1068	0	1107
1107	1	1068
388	0	609
609	1	388
134	0	609
609	1	134
134	0	388
388	1	134
224	0	687
687	1	224
224	0	944
944	1	224
224	0	609
609	1	224
367	0	526
526	1	367
367	0	609
609	1	367
367	0	528
528	1	367
367	0	498
498	1	367
607	0	609
609	1	607
587	0	609
609	1	587
587	0	607
607	1	587
410	0	609
609	1	410
410	0	581
581	1	410
410	0	595
595	1	410
410	0	887
887	1	410
410	0	607
607	1	410
410	0	587
587	1	410
410	0	573
573	1	410
410	0	479
479	1	410
690	0	1143
1143	1	690
690	0	1162
1162	1	690
338	0	609
609	1	338
338	0	454
454	1	338
338	0	588
588	1	338
307	0	609
609	1	307
307	0	443
443	1	307
254	0	609
609	1	254
310	0	609
609	1	310
37	0	609
609	1	37
37	0	358
358	1	37
946	0	1067
1067	1	946
946	0	1035
1035	1	946
946	0	1025
1025	1	946
188	0	609
609	1	188
189	0	609
609	1	189
6	0	609
609	1	6
6	0	896
896	1	6
696	0	969
969	1	696
63	0	969
969	1	63
969	0	1069
1069	1	969
969	0	1037
1037	1	969
52	0	1069
1069	1	52
52	0	1037
1037	1	52
429	0	609
609	1	429
429	0	799
799	1	429
441	0	609
609	1	441
441	0	616
616	1	441
391	0	609
609	1	391
70	0	609
609	1	70
19	0	1049
1049	1	19
19	0	703
703	1	19
19	0	609
609	1	19
19	0	549
549	1	19
19	0	704
704	1	19
19	0	750
750	1	19
704	0	1049
1049	1	704
232	0	609
609	1	232
328	0	609
609	1	328
328	0	1120
1120	1	328
328	0	451
451	1	328
451	0	609
609	1	451
451	0	1049
1049	1	451
451	0	1120
1120	1	451
129	0	609
609	1	129
242	0	609
609	1	242
175	0	525
525	1	175
175	0	497
497	1	175
175	0	406
406	1	175
527	0	609
609	1	527
278	0	435
435	1	278
278	0	436
436	1	278
157	0	400
400	1	157
159	0	609
609	1	159
519	0	609
609	1	519
519	0	1120
1120	1	519
591	0	609
609	1	591
711	0	1062
1062	1	711
711	0	950
950	1	711
711	0	1063
1063	1	711
711	0	951
951	1	711
711	0	1028
1028	1	711
1028	0	1062
1062	1	1028
1028	0	1063
1063	1	1028
482	0	609
609	1	482
482	0	510
510	1	482
534	0	609
609	1	534
534	0	1150
1150	1	534
534	0	552
552	1	534
83	0	1150
1150	1	83
83	0	609
609	1	83
83	0	534
534	1	83
1128	0	1180
1180	1	1128
1128	0	1181
1181	1	1128
1128	0	1157
1157	1	1128
117	0	609
609	1	117
191	0	609
609	1	191
631	0	1056
1056	1	631
631	0	1122
1122	1	631
631	0	1016
1016	1	631
631	0	1096
1096	1	631
631	0	921
921	1	631
31	0	609
609	1	31
31	0	1142
1142	1	31
31	0	352
352	1	31
954	0	1030
1030	1	954
954	0	1031
1031	1	954
589	0	1030
1030	1	589
589	0	609
609	1	589
589	0	1065
1065	1	589
589	0	917
917	1	589
589	0	720
720	1	589
532	0	1070
1070	1	532
532	0	810
810	1	532
532	0	538
538	1	532
176	0	588
588	1	176
176	0	609
609	1	176
176	0	1070
1070	1	176
176	0	809
809	1	176
176	0	533
533	1	176
176	0	975
975	1	176
176	0	478
478	1	176
176	0	407
407	1	176
176	0	608
608	1	176
176	0	811
811	1	176
975	0	1070
1070	1	975
1038	0	1070
1070	1	1038
809	0	1070
1070	1	809
809	0	975
975	1	809
24	0	609
609	1	24
321	0	609
609	1	321
321	0	545
545	1	321
321	0	558
558	1	321
1146	0	1164
1164	1	1146
1146	0	1183
1183	1	1146
1146	0	1194
1194	1	1146
1146	0	1195
1195	1	1146
1146	0	1191
1191	1	1146
1146	0	1193
1193	1	1146
1146	0	1165
1165	1	1146
1146	0	1166
1166	1	1146
1146	0	1185
1185	1	1146
1146	0	1187
1187	1	1146
1146	0	1167
1167	1	1146
1146	0	1168
1168	1	1146
203	0	609
609	1	203
11	0	1049
1049	1	11
11	0	399
399	1	11
11	0	404
404	1	11
398	0	609
609	1	398
398	0	477
477	1	398
477	0	734
734	1	477
477	0	1118
1118	1	477
257	0	609
609	1	257
257	0	443
443	1	257
443	0	609
609	1	443
414	0	609
609	1	414
414	0	924
924	1	414
414	0	582
582	1	414
270	0	609
609	1	270
924	0	1057
1057	1	924
924	0	1017
1017	1	924
67	0	609
609	1	67
418	0	925
925	1	418
418	0	609
609	1	418
337	0	926
926	1	337
914	0	1014
1014	1	914
914	0	1055
1055	1	914
914	0	1121
1121	1	914
750	0	1049
1049	1	750
985	0	1044
1044	1	985
166	0	609
609	1	166
166	0	815
815	1	166
166	0	985
985	1	166
166	0	588
588	1	166
484	0	609
609	1	484
990	0	1046
1046	1	990
92	0	609
609	1	92
92	0	816
816	1	92
592	0	609
609	1	592
302	0	1022
1022	1	302
302	0	1144
1144	1	302
302	0	1163
1163	1	302
20	0	609
609	1	20
593	0	609
609	1	593
343	0	609
609	1	343
343	0	494
494	1	343
343	0	535
535	1	343
343	0	522
522	1	343
343	0	457
457	1	343
120	0	609
609	1	120
120	0	494
494	1	120
120	0	535
535	1	120
120	0	522
522	1	120
120	0	524
524	1	120
120	0	457
457	1	120
120	0	495
495	1	120
120	0	385
385	1	120
522	0	609
609	1	522
522	0	553
553	1	522
522	0	535
535	1	522
594	0	609
609	1	594
1041	0	1108
1108	1	1041
1041	0	1071
1071	1	1041
576	0	609
609	1	576
576	0	588
588	1	576
576	0	981
981	1	576
578	0	609
609	1	578
578	0	981
981	1	578
578	0	588
588	1	578
578	0	662
662	1	578
413	0	609
609	1	413
413	0	480
480	1	413
197	0	609
609	1	197
197	0	962
962	1	197
197	0	769
769	1	197
197	0	413
413	1	197
197	0	480
480	1	197
160	0	609
609	1	160
160	0	413
413	1	160
160	0	480
480	1	160
160	0	771
771	1	160
160	0	401
401	1	160
480	0	609
609	1	480
480	0	962
962	1	480
339	0	609
609	1	339
339	0	1120
1120	1	339
339	0	455
455	1	339
455	0	609
609	1	455
455	0	1049
1049	1	455
455	0	1092
1092	1	455
455	0	1120
1120	1	455
394	0	609
609	1	394
48	0	609
609	1	48
222	0	609
609	1	222
331	0	609
609	1	331
331	0	822
822	1	331
331	0	985
985	1	331
331	0	588
588	1	331
512	0	609
609	1	512
512	0	567
567	1	512
512	0	675
675	1	512
577	0	609
609	1	577
577	0	588
588	1	577
577	0	981
981	1	577
579	0	609
609	1	579
579	0	981
981	1	579
579	0	588
588	1	579
579	0	662
662	1	579
186	0	609
609	1	186
58	0	1042
1042	1	58
58	0	502
502	1	58
58	0	983
983	1	58
58	0	365
365	1	58
58	0	366
366	1	58
417	0	609
609	1	417
417	0	939
939	1	417
417	0	582
582	1	417
288	0	609
609	1	288
939	0	1060
1060	1	939
939	0	1023
1023	1	939
560	0	609
609	1	560
235	0	609
609	1	235
680	0	1101
1101	1	680
680	0	1124
1124	1	680
680	0	1024
1024	1	680
680	0	1061
1061	1	680
680	0	940
940	1	680
346	0	609
609	1	346
346	0	458
458	1	346
458	0	544
544	1	458
458	0	609
609	1	458
458	0	496
496	1	458
967	0	1068
1068	1	967
967	0	1035
1035	1	967
967	0	1036
1036	1	967
59	0	526
526	1	59
59	0	498
498	1	59
59	0	367
367	1	59
528	0	609
609	1	528
233	0	422
422	1	233
233	0	423
423	1	233
118	0	384
384	1	118
595	0	609
609	1	595
199	0	609
609	1	199
199	0	828
828	1	199
199	0	985
985	1	199
199	0	588
588	1	199
141	0	609
609	1	141
141	0	514
514	1	141
141	0	392
392	1	141
1056	0	1122
1122	1	1056
1056	0	1096
1096	1	1056
538	0	1039
1039	1	538
538	0	1070
1070	1	538
538	0	976
976	1	538
538	0	1038
1038	1	538
314	0	609
609	1	314
314	0	515
515	1	314
314	0	447
447	1	314
897	0	1009
1009	1	897
1061	0	1124
1124	1	1061
1061	0	1101
1101	1	1061
1131	0	1159
1159	1	1131
21	0	609
609	1	21
21	0	1120
1120	1	21
106	0	1088
1088	1	106
1148	0	1169
1169	1	1148
1148	0	1188
1188	1	1148
1148	0	1170
1170	1	1148
1148	0	1171
1171	1	1148
741	0	959
959	1	741
53	0	609
609	1	53
53	0	1146
1146	1	53
654	0	1058
1058	1	654
654	0	1099
1099	1	654
654	0	1018
1018	1	654
654	0	929
929	1	654
785	0	965
965	1	785
803	0	1120
1120	1	803
1164	0	1183
1183	1	1164
399	0	1049
1049	1	399
404	0	1049
1049	1	404
96	0	609
609	1	96
669	0	936
936	1	669
669	0	937
937	1	669
669	0	1120
1120	1	669
497	0	525
525	1	497
498	0	526
526	1	498
42	0	460
460	1	42
42	0	362
362	1	42
42	0	609
609	1	42
42	0	1120
1120	1	42
931	0	1019
1019	1	931
39	0	359
359	1	39
39	0	609
609	1	39
39	0	569
569	1	39
27	0	350
350	1	27
27	0	351
351	1	27
293	0	609
609	1	293
293	0	755
755	1	293
226	0	1007
1007	1	226
226	0	1182
1182	1	226
930	0	1019
1019	1	930
172	0	1008
1008	1	172
334	0	609
609	1	334
334	0	795
795	1	334
1153	0	1174
1174	1	1153
1153	0	1175
1175	1	1153
687	0	944
944	1	687
514	0	609
609	1	514
989	0	1045
1045	1	989
66	0	1165
1165	1	66
66	0	1146
1146	1	66
515	0	609
609	1	515
281	0	1166
1166	1	281
281	0	1146
1146	1	281
554	0	609
609	1	554
554	0	560
560	1	554
1035	0	1067
1067	1	1035
1035	0	1068
1068	1	1035
935	0	1020
1020	1	935
817	0	981
981	1	817
823	0	981
981	1	823
316	0	609
609	1	316
316	0	516
516	1	316
316	0	488
488	1	316
316	0	448
448	1	316
110	0	609
609	1	110
110	0	516
516	1	110
110	0	488
488	1	110
110	0	448
448	1	110
703	0	1049
1049	1	703
871	0	1177
1177	1	871
872	0	1178
1178	1	872
428	0	609
609	1	428
108	0	609
609	1	108
983	0	1042
1042	1	983
983	0	1043
1043	1	983
759	0	1123
1123	1	759
889	0	1123
1123	1	889
7	0	583
583	1	7
7	0	584
584	1	7
7	0	585
585	1	7
7	0	586
586	1	7
767	0	1120
1120	1	767
1062	0	1102
1102	1	1062
506	0	531
531	1	506
504	0	530
530	1	504
644	0	923
923	1	644
682	0	942
942	1	682
1157	0	1180
1180	1	1157
1157	0	1181
1181	1	1157
956	0	1148
1148	1	956
825	0	1120
1120	1	825
403	0	609
609	1	403
430	0	609
609	1	430
348	0	609
609	1	348
488	0	609
609	1	488
488	0	516
516	1	488
1084	0	1125
1125	1	1084
1084	0	1113
1113	1	1084
1085	0	1126
1126	1	1085
1085	0	1114
1114	1	1085
727	0	1063
1063	1	727
1185	0	1194
1194	1	1185
1185	0	1191
1191	1	1185
1187	0	1195
1195	1	1187
1187	0	1193
1193	1	1187
566	0	1141
1141	1	566
566	0	1072
1072	1	566
810	0	1038
1038	1	810
810	0	976
976	1	810
1010	0	1053
1053	1	1010
464	0	503
503	1	464
513	0	609
609	1	513
121	0	609
609	1	121
54	0	609
609	1	54
306	0	442
442	1	306
95	0	467
467	1	95
95	0	609
609	1	95
95	0	378
378	1	95
248	0	1149
1149	1	248
248	0	1120
1120	1	248
929	0	1058
1058	1	929
929	0	1099
1099	1	929
929	0	1018
1018	1	929
1088	0	1118
1118	1	1088
1037	0	1069
1069	1	1037
322	0	806
806	1	322
362	0	460
460	1	362
64	0	369
369	1	64
852	0	992
992	1	852
852	0	993
993	1	852
957	0	1063
1063	1	957
1129	0	1158
1158	1	1129
389	0	472
472	1	389
264	0	431
431	1	264
84	0	431
431	1	84
229	0	609
609	1	229
298	0	609
609	1	298
185	0	609
609	1	185
1170	0	1188
1188	1	1170
1113	0	1125
1125	1	1113
1114	0	1126
1126	1	1114
991	0	1049
1049	1	991
991	0	1089
1089	1	991
1117	0	1130
1130	1	1117
953	0	1130
1130	1	953
948	0	1026
1026	1	948
963	0	1033
1033	1	963
979	0	1137
1137	1	979
652	0	927
927	1	652
652	0	928
928	1	652
1155	0	1179
1179	1	1155
369	0	609
609	1	369
499	0	527
527	1	499
500	0	528
528	1	500
383	0	470
470	1	383
383	0	609
609	1	383
383	0	471
471	1	383
798	0	970
970	1	798
139	0	391
391	1	139
145	0	394
394	1	145
1098	0	1123
1123	1	1098
49	0	1063
1063	1	49
49	0	501
501	1	49
556	0	1141
1141	1	556
556	0	566
566	1	556
997	0	1049
1049	1	997
1077	0	1109
1109	1	1077
1081	0	1112
1112	1	1081
113	0	609
609	1	113
182	0	1165
1165	1	182
182	0	1146
1146	1	182
217	0	1166
1166	1	217
217	0	1146
1146	1	217
694	0	947
947	1	694
788	0	968
968	1	788
977	0	1040
1040	1	977
639	0	1049
1049	1	639
639	0	1176
1176	1	639
1102	0	1182
1182	1	1102
1152	0	1172
1172	1	1152
1152	0	1173
1173	1	1152
448	0	609
609	1	448
448	0	516
516	1	448
448	0	488
488	1	448
786	0	966
966	1	786
167	0	426
426	1	167
241	0	426
426	1	241
976	0	1038
1038	1	976
976	0	1039
1039	1	976
707	0	949
949	1	707
707	0	1027
1027	1	707
776	0	964
964	1	776
776	0	1034
1034	1	776
614	0	919
919	1	614
840	0	990
990	1	840
921	0	1016
1016	1	921
921	0	1096
1096	1	921
921	0	1056
1056	1	921
921	0	1122
1122	1	921
940	0	1024
1024	1	940
940	0	1101
1101	1	940
940	0	1061
1061	1	940
940	0	1124
1124	1	940
1018	0	1058
1058	1	1018
1018	0	1099
1099	1	1018
1016	0	1096
1096	1	1016
1016	0	1122
1122	1	1016
1016	0	1056
1056	1	1016
1024	0	1101
1101	1	1024
1024	0	1124
1124	1	1024
1024	0	1061
1061	1	1024
1047	0	1072
1072	1	1047
739	0	958
958	1	739
632	0	922
922	1	632
681	0	941
941	1	681
917	0	1065
1065	1	917
1133	0	1160
1160	1	1133
955	0	1032
1032	1	955
1191	0	1194
1194	1	1191
1193	0	1195
1195	1	1193
684	0	943
943	1	684
826	0	984
984	1	826
713	0	952
952	1	713
17	0	443
443	1	17
1143	0	1162
1162	1	1143
797	0	969
969	1	797
1058	0	1098
1098	1	1058
1058	0	1099
1099	1	1058
820	0	980
980	1	820
664	0	935
935	1	664
1079	0	1110
1110	1	1079
1080	0	1111
1111	1	1080
832	0	988
988	1	832
688	0	945
945	1	688
1057	0	1097
1097	1	1057
1060	0	1100
1100	1	1060
736	0	957
957	1	736
999	0	1051
1051	1	999
1000	0	1094
1094	1	1000
1000	0	1052
1052	1	1000
471	0	609
609	1	471
710	0	979
979	1	710
757	0	979
979	1	757
761	0	979
979	1	761
763	0	979
979	1	763
819	0	979
979	1	819
792	0	979
979	1	792
815	0	985
985	1	815
822	0	985
985	1	822
828	0	985
985	1	828
465	0	609
609	1	465
256	0	609
609	1	256
304	0	609
609	1	304
30	0	609
609	1	30
57	0	364
364	1	57
274	0	432
432	1	274
470	0	609
609	1	470
396	0	476
476	1	396
839	0	1128
1128	1	839
531	0	609
609	1	531
530	0	609
609	1	530
1182	0	1189
1189	1	1182
147	0	476
476	1	147
147	0	396
396	1	147
994	0	1047
1047	1	994
994	0	1072
1072	1	994
1096	0	1122
1122	1	1096
1101	0	1124
1124	1	1101
385	0	524
524	1	385
385	0	495
495	1	385
385	0	609
609	1	385
601	0	609
609	1	601
602	0	609
609	1	602
40	0	360
360	1	40
40	0	361
361	1	40
1134	0	1161
1161	1	1134
253	0	428
428	1	253
801	0	972
972	1	801
626	0	920
920	1	626
807	0	974
974	1	807
215	0	609
609	1	215
648	0	926
926	1	648
831	0	987
987	1	831
301	0	609
609	1	301
1052	0	1094
1094	1	1052
802	0	973
973	1	802
33	0	355
355	1	33
285	0	438
438	1	285
1071	0	1108
1108	1	1071
13	0	1182
1182	1	13
949	0	1027
1027	1	949
964	0	1034
1034	1	964
