11	0	25
25	1	11
11	0	22
22	1	11
11	0	17
17	1	11
11	0	40
40	1	11
11	0	38
38	1	11
11	0	29
29	1	11
22	0	25
25	1	22
22	0	38
38	1	22
22	0	40
40	1	22
22	0	29
29	1	22
17	0	25
25	1	17
17	0	22
22	1	17
17	0	40
40	1	17
17	0	38
38	1	17
17	0	29
29	1	17
25	0	48
48	1	25
25	0	42
42	1	25
25	0	40
40	1	25
25	0	49
49	1	25
25	0	45
45	1	25
25	0	27
27	1	25
25	0	28
28	1	25
25	0	29
29	1	25
25	0	38
38	1	25
25	0	46
46	1	25
25	0	41
41	1	25
25	0	30
30	1	25
25	0	31
31	1	25
25	0	32
32	1	25
25	0	33
33	1	25
25	0	44
44	1	25
25	0	34
34	1	25
25	0	35
35	1	25
25	0	39
39	1	25
25	0	36
36	1	25
2	0	25
25	1	2
9	0	25
25	1	9
9	0	45
45	1	9
9	0	27
27	1	9
40	0	41
41	1	40
40	0	49
49	1	40
40	0	42
42	1	40
40	0	43
43	1	40
40	0	44
44	1	40
34	0	40
40	1	34
34	0	41
41	1	34
16	0	40
40	1	16
16	0	25
25	1	16
16	0	38
38	1	16
46	0	49
49	1	46
3	0	42
42	1	3
3	0	30
30	1	3
3	0	25
25	1	3
3	0	47
47	1	3
12	0	25
25	1	12
7	0	25
25	1	7
42	0	49
49	1	42
42	0	45
45	1	42
42	0	46
46	1	42
42	0	48
48	1	42
42	0	47
47	1	42
28	0	40
40	1	28
5	0	32
32	1	5
5	0	25
25	1	5
4	0	42
42	1	4
8	0	25
25	1	8
10	0	25
25	1	10
10	0	33
33	1	10
14	0	25
25	1	14
14	0	19
19	1	14
19	0	25
25	1	19
48	0	49
49	1	48
29	0	40
40	1	29
29	0	38
38	1	29
35	0	40
40	1	35
33	0	39
39	1	33
27	0	45
45	1	27
38	0	40
40	1	38
13	0	36
36	1	13
13	0	18
18	1	13
13	0	25
25	1	13
26	0	37
37	1	26
43	0	48
48	1	43
15	0	20
20	1	15
15	0	21
21	1	15
37	0	40
40	1	37
23	0	26
26	1	23
21	0	24
24	1	21
6	0	24
24	1	6
20	0	23
23	1	20
