16	0	43
43	1	16
16	0	18
18	1	16
16	0	29
29	1	16
16	0	19
19	1	16
16	0	30
30	1	16
16	0	20
20	1	16
16	0	21
21	1	16
16	0	22
22	1	16
16	0	23
23	1	16
16	0	37
37	1	16
16	0	45
45	1	16
16	0	36
36	1	16
16	0	40
40	1	16
16	0	24
24	1	16
16	0	52
52	1	16
16	0	55
55	1	16
16	0	33
33	1	16
16	0	31
31	1	16
16	0	39
39	1	16
16	0	48
48	1	16
16	0	46
46	1	16
16	0	32
32	1	16
16	0	35
35	1	16
16	0	25
25	1	16
16	0	34
34	1	16
16	0	44
44	1	16
16	0	26
26	1	16
16	0	27
27	1	16
16	0	47
47	1	16
16	0	42
42	1	16
16	0	38
38	1	16
43	0	50
50	1	43
43	0	51
51	1	43
43	0	55
55	1	43
43	0	52
52	1	43
17	0	43
43	1	17
17	0	50
50	1	17
17	0	51
51	1	17
17	0	28
28	1	17
17	0	31
31	1	17
13	0	28
28	1	13
13	0	15
15	1	13
13	0	43
43	1	13
13	0	31
31	1	13
13	0	50
50	1	13
13	0	51
51	1	13
13	0	16
16	1	13
13	0	18
18	1	13
13	0	30
30	1	13
13	0	20
20	1	13
13	0	27
27	1	13
13	0	55
55	1	13
13	0	21
21	1	13
13	0	17
17	1	13
21	0	29
29	1	21
21	0	43
43	1	21
21	0	30
30	1	21
21	0	31
31	1	21
21	0	46
46	1	21
21	0	32
32	1	21
21	0	33
33	1	21
21	0	34
34	1	21
21	0	44
44	1	21
21	0	35
35	1	21
21	0	36
36	1	21
21	0	47
47	1	21
21	0	37
37	1	21
21	0	38
38	1	21
39	0	48
48	1	39
39	0	54
54	1	39
34	0	44
44	1	34
34	0	45
45	1	34
5	0	16
16	1	5
5	0	13
13	1	5
6	0	40
40	1	6
6	0	24
24	1	6
30	0	55
55	1	30
30	0	43
43	1	30
30	0	52
52	1	30
8	0	16
16	1	8
23	0	48
48	1	23
23	0	39
39	1	23
2	0	11
11	1	2
3	0	25
25	1	3
3	0	16
16	1	3
3	0	34
34	1	3
3	0	44
44	1	3
3	0	21
21	1	3
7	0	24
24	1	7
27	0	55
55	1	27
27	0	42
42	1	27
33	0	43
43	1	33
28	0	50
50	1	28
28	0	51
51	1	28
31	0	50
50	1	31
31	0	51
51	1	31
26	0	43
43	1	26
37	0	46
46	1	37
41	0	49
49	1	41
4	0	12
12	1	4
38	0	53
53	1	38
38	0	47
47	1	38
25	0	49
49	1	25
25	0	41
41	1	25
9	0	14
14	1	9
47	0	53
53	1	47
52	0	55
55	1	52
36	0	47
47	1	36
48	0	54
54	1	48
24	0	40
40	1	24
