29	0	45
45	1	29
29	0	43
43	1	29
29	0	68
68	1	29
29	0	38
38	1	29
29	0	39
39	1	29
29	0	40
40	1	29
41	0	45
45	1	41
41	0	63
63	1	41
45	0	76
76	1	45
45	0	68
68	1	45
45	0	69
69	1	45
45	0	91
91	1	45
45	0	89
89	1	45
45	0	46
46	1	45
45	0	71
71	1	45
45	0	47
47	1	45
45	0	72
72	1	45
45	0	63
63	1	45
45	0	73
73	1	45
45	0	64
64	1	45
45	0	48
48	1	45
45	0	49
49	1	45
45	0	88
88	1	45
45	0	90
90	1	45
45	0	74
74	1	45
45	0	50
50	1	45
45	0	75
75	1	45
45	0	78
78	1	45
45	0	87
87	1	45
45	0	70
70	1	45
45	0	51
51	1	45
45	0	52
52	1	45
45	0	80
80	1	45
45	0	62
62	1	45
45	0	53
53	1	45
45	0	54
54	1	45
45	0	55
55	1	45
45	0	56
56	1	45
45	0	57
57	1	45
45	0	58
58	1	45
45	0	65
65	1	45
45	0	66
66	1	45
45	0	67
67	1	45
45	0	84
84	1	45
45	0	85
85	1	45
45	0	59
59	1	45
45	0	60
60	1	45
45	0	61
61	1	45
25	0	64
64	1	25
25	0	54
54	1	25
25	0	45
45	1	25
2	0	45
45	1	2
2	0	26
26	1	2
2	0	27
27	1	2
2	0	28
28	1	2
26	0	45
45	1	26
36	0	69
69	1	36
36	0	88
88	1	36
36	0	92
92	1	36
36	0	42
42	1	36
36	0	44
44	1	36
30	0	69
69	1	30
30	0	88
88	1	30
30	0	45
45	1	30
7	0	69
69	1	7
7	0	88
88	1	7
7	0	30
30	1	7
7	0	45
45	1	7
15	0	90
90	1	15
15	0	32
32	1	15
11	0	64
64	1	11
11	0	55
55	1	11
11	0	45
45	1	11
37	0	45
45	1	37
28	0	45
45	1	28
28	0	37
37	1	28
18	0	34
34	1	18
31	0	46
46	1	31
31	0	45
45	1	31
14	0	45
45	1	14
14	0	46
46	1	14
14	0	31
31	1	14
22	0	64
64	1	22
22	0	56
56	1	22
22	0	45
45	1	22
27	0	45
45	1	27
58	0	73
73	1	58
58	0	74
74	1	58
58	0	75
75	1	58
58	0	65
65	1	58
58	0	66
66	1	58
58	0	67
67	1	58
58	0	68
68	1	58
3	0	45
45	1	3
3	0	43
43	1	3
3	0	38
38	1	3
3	0	39
39	1	3
3	0	40
40	1	3
3	0	29
29	1	3
38	0	43
43	1	38
38	0	45
45	1	38
43	0	64
64	1	43
43	0	45
45	1	43
43	0	49
49	1	43
4	0	53
53	1	4
88	0	92
92	1	88
23	0	48
48	1	23
23	0	88
88	1	23
23	0	92
92	1	23
23	0	44
44	1	23
23	0	36
36	1	23
23	0	42
42	1	23
21	0	88
88	1	21
39	0	43
43	1	39
39	0	45
45	1	39
59	0	77
77	1	59
59	0	69
69	1	59
77	0	86
86	1	77
5	0	90
90	1	5
40	0	43
43	1	40
40	0	45
45	1	40
60	0	78
78	1	60
60	0	87
87	1	60
60	0	70
70	1	60
60	0	71
71	1	60
33	0	80
80	1	33
33	0	41
41	1	33
33	0	63
63	1	33
9	0	41
41	1	9
9	0	45
45	1	9
47	0	62
62	1	47
47	0	72
72	1	47
47	0	63
63	1	47
76	0	79
79	1	76
76	0	80
80	1	76
76	0	89
89	1	76
76	0	88
88	1	76
76	0	81
81	1	76
76	0	82
82	1	76
76	0	83
83	1	76
76	0	84
84	1	76
76	0	85
85	1	76
24	0	45
45	1	24
24	0	57
57	1	24
44	0	88
88	1	44
44	0	92
92	1	44
42	0	88
88	1	42
42	0	92
92	1	42
42	0	44
44	1	42
86	0	90
90	1	86
86	0	91
91	1	86
16	0	45
45	1	16
54	0	64
64	1	54
55	0	64
64	1	55
56	0	64
64	1	56
52	0	80
80	1	52
68	0	76
76	1	68
65	0	73
73	1	65
66	0	74
74	1	66
67	0	75
75	1	67
69	0	88
88	1	69
69	0	77
77	1	69
19	0	70
70	1	19
19	0	35
35	1	19
63	0	72
72	1	63
17	0	41
41	1	17
17	0	63
63	1	17
17	0	33
33	1	17
84	0	89
89	1	84
85	0	89
89	1	85
71	0	87
87	1	71
71	0	78
78	1	71
81	0	88
88	1	81
82	0	88
88	1	82
83	0	88
88	1	83
35	0	70
70	1	35
8	0	69
69	1	8
78	0	87
87	1	78
