2	12	0
2	13	1
2	13	2
3	43	3
3	43	4
3	43	5
3	43	6
3	43	7
3	43	8
3	14	9
3	14	10
3	14	11
3	14	12
4	48	13
4	48	14
4	48	15
5	65	16
5	65	17
7	13	20
8	86	21
8	86	22
9	2	23
11	10	24
11	9	25
14	5	27
14	6	28
15	37	29
16	6	30
16	43	31
16	5	32
17	57	33
17	56	34
17	56	35
18	5	36
21	27	38
22	10	39
22	9	40
23	14	41
23	6	30
24	6	42
24	5	43
25	10	44
25	9	45
26	14	1
27	14	2
28	12	0
28	13	46
29	68	3
29	68	47
29	68	4
29	68	6
29	68	48
29	68	49
30	14	20
31	36	50
31	37	51
31	37	27
32	37	29
32	36	37
33	10	33
33	3	52
33	9	43
34	18	53
34	10	54
34	9	55
34	3	36
36	6	30
36	5	56
37	14	46
38	12	12
38	13	9
39	12	12
39	13	11
40	12	12
40	13	10
41	18	33
41	10	57
42	27	30
43	34	58
44	6	30
45	24	59
45	24	42
45	24	30
45	24	60
45	24	61
45	24	28
45	24	62
45	25	31
45	25	63
45	25	47
45	25	64
45	25	65
45	25	66
45	25	67
45	25	68
45	25	69
45	25	57
45	25	70
45	25	71
45	25	48
45	25	72
45	25	49
45	16	73
45	16	27
45	16	74
45	16	32
45	16	75
45	16	76
45	16	77
45	16	78
45	16	43
45	16	79
45	16	80
45	16	0
45	15	81
45	15	82
45	15	83
45	15	84
45	15	85
45	15	86
45	15	12
45	15	87
45	15	88
45	15	76
45	15	89
45	15	43
45	15	90
45	15	79
45	15	80
45	15	91
45	15	92
45	15	58
45	26	48
45	26	47
45	26	49
46	28	50
46	28	93
47	12	12
47	13	94
48	38	95
48	38	96
48	38	97
48	38	98
50	27	99
50	27	100
51	38	101
52	20	102
52	31	57
52	23	103
53	6	30
53	14	104
53	14	105
53	14	106
54	10	107
54	3	80
55	10	108
55	3	79
56	10	109
56	3	76
57	13	110
58	2	111
58	2	112
58	2	113
59	28	37
59	28	114
59	28	115
60	36	116
60	37	117
60	37	118
61	42	119
62	13	120
63	48	33
64	20	121
64	20	122
64	20	123
64	20	124
64	20	125
64	20	126
64	20	127
64	20	128
64	20	129
64	20	39
64	20	24
64	20	130
64	20	131
64	20	132
64	20	44
68	31	48
68	31	47
68	31	49
68	23	84
68	23	90
68	23	87
68	20	133
68	20	134
68	20	135
69	38	136
69	38	37
69	38	137
69	38	27
69	38	114
69	38	115
69	38	138
69	38	139
69	38	140
70	49	116
71	9	78
71	10	141
72	42	142
72	70	143
73	2	144
74	2	145
75	2	146
76	13	147
76	13	148
76	13	149
76	13	26
76	13	150
76	13	151
76	13	152
76	13	153
76	12	84
76	12	87
76	12	103
76	12	90
76	12	43
76	11	154
76	11	155
77	85	37
78	72	156
79	75	151
79	94	151
80	10	157
80	3	103
81	20	158
82	20	159
83	20	160
84	23	43
84	20	153
84	20	161
85	23	43
85	20	162
85	20	152
86	65	33
86	65	37
86	65	29
86	65	163
86	86	164
86	86	165
86	86	22
86	86	166
86	86	167
87	64	156
88	49	168
88	49	169
88	49	170
88	49	171
88	49	30
88	49	172
88	49	173
88	49	174
90	48	33
90	48	175
90	48	176
91	64	29
91	90	163
92	29	177
92	76	30
