10	0	27
27	1	10
10	0	55
55	1	10
10	0	56
56	1	10
10	0	29
29	1	10
10	0	32
32	1	10
21	0	48
48	1	21
21	0	27
27	1	21
21	0	55
55	1	21
21	0	57
57	1	21
21	0	36
36	1	21
21	0	35
35	1	21
21	0	37
37	1	21
21	0	42
42	1	21
21	0	43
43	1	21
21	0	26
26	1	21
21	0	53
53	1	21
21	0	59
59	1	21
21	0	49
49	1	21
21	0	51
51	1	21
21	0	58
58	1	21
21	0	61
61	1	21
21	0	60
60	1	21
21	0	54
54	1	21
21	0	62
62	1	21
21	0	34
34	1	21
21	0	41
41	1	21
21	0	45
45	1	21
21	0	50
50	1	21
21	0	46
46	1	21
21	0	47
47	1	21
21	0	25
25	1	21
21	0	31
31	1	21
21	0	22
22	1	21
21	0	39
39	1	21
21	0	44
44	1	21
21	0	52
52	1	21
21	0	23
23	1	21
21	0	24
24	1	21
6	0	27
27	1	6
6	0	26
26	1	6
6	0	19
19	1	6
27	0	34
34	1	27
27	0	55
55	1	27
27	0	56
56	1	27
27	0	48
48	1	27
27	0	57
57	1	27
27	0	53
53	1	27
27	0	58
58	1	27
27	0	61
61	1	27
27	0	60
60	1	27
27	0	62
62	1	27
27	0	29
29	1	27
27	0	36
36	1	27
27	0	35
35	1	27
27	0	37
37	1	27
27	0	44
44	1	27
27	0	49
49	1	27
27	0	46
46	1	27
27	0	51
51	1	27
27	0	30
30	1	27
27	0	31
31	1	27
27	0	39
39	1	27
27	0	41
41	1	27
27	0	42
42	1	27
27	0	43
43	1	27
27	0	45
45	1	27
27	0	50
50	1	27
27	0	59
59	1	27
27	0	47
47	1	27
27	0	52
52	1	27
27	0	54
54	1	27
27	0	32
32	1	27
37	0	38
38	1	37
37	0	46
46	1	37
37	0	39
39	1	37
37	0	43
43	1	37
37	0	40
40	1	37
37	0	59
59	1	37
37	0	49
49	1	37
37	0	51
51	1	37
37	0	58
58	1	37
37	0	61
61	1	37
37	0	60
60	1	37
37	0	41
41	1	37
37	0	42
42	1	37
37	0	44
44	1	37
37	0	45
45	1	37
37	0	47
47	1	37
37	0	52
52	1	37
37	0	48
48	1	37
37	0	57
57	1	37
24	0	27
27	1	24
24	0	53
53	1	24
24	0	62
62	1	24
24	0	54
54	1	24
24	0	48
48	1	24
24	0	25
25	1	24
17	0	53
53	1	17
17	0	55
55	1	17
17	0	27
27	1	17
17	0	54
54	1	17
17	0	62
62	1	17
17	0	25
25	1	17
17	0	48
48	1	17
17	0	57
57	1	17
17	0	21
21	1	17
54	0	62
62	1	54
54	0	63
63	1	54
54	0	61
61	1	54
29	0	55
55	1	29
29	0	56
56	1	29
11	0	28
28	1	11
32	0	56
56	1	32
56	0	57
57	1	56
15	0	27
27	1	15
15	0	34
34	1	15
15	0	36
36	1	15
15	0	63
63	1	15
35	0	37
37	1	35
35	0	39
39	1	35
35	0	41
41	1	35
35	0	42
42	1	35
35	0	43
43	1	35
35	0	44
44	1	35
35	0	45
45	1	35
35	0	59
59	1	35
35	0	49
49	1	35
35	0	46
46	1	35
35	0	51
51	1	35
35	0	58
58	1	35
35	0	61
61	1	35
35	0	60
60	1	35
35	0	52
52	1	35
35	0	47
47	1	35
35	0	36
36	1	35
35	0	48
48	1	35
35	0	57
57	1	35
25	0	27
27	1	25
25	0	55
55	1	25
25	0	57
57	1	25
25	0	36
36	1	25
25	0	35
35	1	25
25	0	61
61	1	25
25	0	60
60	1	25
25	0	62
62	1	25
25	0	59
59	1	25
25	0	58
58	1	25
25	0	49
49	1	25
25	0	37
37	1	25
25	0	50
50	1	25
25	0	48
48	1	25
25	0	34
34	1	25
25	0	54
54	1	25
25	0	26
26	1	25
25	0	51
51	1	25
25	0	41
41	1	25
25	0	53
53	1	25
25	0	46
46	1	25
25	0	43
43	1	25
25	0	52
52	1	25
25	0	39
39	1	25
19	0	25
25	1	19
19	0	48
48	1	19
19	0	55
55	1	19
19	0	57
57	1	19
19	0	27
27	1	19
19	0	50
50	1	19
19	0	53
53	1	19
19	0	54
54	1	19
19	0	62
62	1	19
19	0	24
24	1	19
19	0	26
26	1	19
19	0	23
23	1	19
19	0	21
21	1	19
48	0	51
51	1	48
48	0	58
58	1	48
48	0	61
61	1	48
48	0	60
60	1	48
48	0	54
54	1	48
48	0	62
62	1	48
48	0	49
49	1	48
48	0	59
59	1	48
48	0	55
55	1	48
48	0	57
57	1	48
48	0	53
53	1	48
48	0	50
50	1	48
26	0	27
27	1	26
26	0	28
28	1	26
26	0	57
57	1	26
26	0	31
31	1	26
26	0	34
34	1	26
26	0	36
36	1	26
26	0	35
35	1	26
26	0	37
37	1	26
26	0	43
43	1	26
26	0	59
59	1	26
26	0	49
49	1	26
26	0	46
46	1	26
26	0	51
51	1	26
26	0	52
52	1	26
26	0	58
58	1	26
26	0	61
61	1	26
26	0	60
60	1	26
26	0	41
41	1	26
26	0	42
42	1	26
26	0	39
39	1	26
26	0	45
45	1	26
26	0	47
47	1	26
26	0	30
30	1	26
26	0	44
44	1	26
26	0	48
48	1	26
28	0	33
33	1	28
31	0	34
34	1	31
31	0	36
36	1	31
31	0	37
37	1	31
31	0	39
39	1	31
31	0	41
41	1	31
31	0	42
42	1	31
31	0	43
43	1	31
31	0	45
45	1	31
31	0	59
59	1	31
31	0	49
49	1	31
31	0	46
46	1	31
31	0	51
51	1	31
31	0	58
58	1	31
31	0	61
61	1	31
31	0	60
60	1	31
31	0	35
35	1	31
31	0	52
52	1	31
31	0	47
47	1	31
31	0	48
48	1	31
34	0	35
35	1	34
34	0	37
37	1	34
34	0	41
41	1	34
34	0	59
59	1	34
34	0	49
49	1	34
34	0	51
51	1	34
34	0	58
58	1	34
34	0	61
61	1	34
34	0	60
60	1	34
34	0	46
46	1	34
34	0	39
39	1	34
34	0	45
45	1	34
34	0	36
36	1	34
34	0	42
42	1	34
34	0	52
52	1	34
34	0	44
44	1	34
34	0	47
47	1	34
34	0	43
43	1	34
36	0	61
61	1	36
36	0	60
60	1	36
36	0	58
58	1	36
36	0	59
59	1	36
36	0	37
37	1	36
36	0	51
51	1	36
36	0	49
49	1	36
39	0	41
41	1	39
39	0	43
43	1	39
39	0	59
59	1	39
39	0	49
49	1	39
39	0	46
46	1	39
39	0	51
51	1	39
39	0	58
58	1	39
39	0	61
61	1	39
39	0	60
60	1	39
39	0	44
44	1	39
39	0	45
45	1	39
39	0	42
42	1	39
39	0	52
52	1	39
39	0	48
48	1	39
39	0	47
47	1	39
39	0	57
57	1	39
41	0	42
42	1	41
41	0	43
43	1	41
41	0	44
44	1	41
41	0	59
59	1	41
41	0	49
49	1	41
41	0	46
46	1	41
41	0	47
47	1	41
41	0	51
51	1	41
41	0	58
58	1	41
41	0	61
61	1	41
41	0	60
60	1	41
41	0	45
45	1	41
41	0	52
52	1	41
41	0	57
57	1	41
42	0	43
43	1	42
42	0	59
59	1	42
42	0	49
49	1	42
42	0	46
46	1	42
42	0	51
51	1	42
42	0	58
58	1	42
42	0	61
61	1	42
42	0	60
60	1	42
42	0	44
44	1	42
42	0	52
52	1	42
42	0	45
45	1	42
42	0	47
47	1	42
43	0	44
44	1	43
43	0	59
59	1	43
43	0	49
49	1	43
43	0	51
51	1	43
43	0	58
58	1	43
43	0	61
61	1	43
43	0	60
60	1	43
43	0	46
46	1	43
43	0	45
45	1	43
43	0	52
52	1	43
43	0	48
48	1	43
43	0	47
47	1	43
44	0	59
59	1	44
44	0	49
49	1	44
44	0	46
46	1	44
44	0	51
51	1	44
44	0	58
58	1	44
44	0	61
61	1	44
44	0	60
60	1	44
44	0	45
45	1	44
44	0	50
50	1	44
44	0	48
48	1	44
44	0	52
52	1	44
44	0	47
47	1	44
44	0	57
57	1	44
45	0	59
59	1	45
45	0	49
49	1	45
45	0	51
51	1	45
45	0	61
61	1	45
45	0	60
60	1	45
45	0	46
46	1	45
45	0	48
48	1	45
45	0	57
57	1	45
45	0	58
58	1	45
45	0	47
47	1	45
45	0	52
52	1	45
23	0	27
27	1	23
23	0	53
53	1	23
23	0	62
62	1	23
23	0	54
54	1	23
23	0	50
50	1	23
23	0	24
24	1	23
23	0	25
25	1	23
53	0	62
62	1	53
53	0	54
54	1	53
53	0	55
55	1	53
49	0	51
51	1	49
49	0	58
58	1	49
49	0	61
61	1	49
49	0	60
60	1	49
49	0	52
52	1	49
46	0	47
47	1	46
46	0	51
51	1	46
46	0	58
58	1	46
46	0	61
61	1	46
46	0	60
60	1	46
46	0	52
52	1	46
46	0	59
59	1	46
46	0	48
48	1	46
46	0	57
57	1	46
47	0	51
51	1	47
47	0	58
58	1	47
47	0	61
61	1	47
47	0	60
60	1	47
47	0	52
52	1	47
47	0	48
48	1	47
47	0	59
59	1	47
47	0	57
57	1	47
51	0	61
61	1	51
51	0	60
60	1	51
51	0	58
58	1	51
51	0	59
59	1	51
52	0	58
58	1	52
52	0	61
61	1	52
52	0	60
60	1	52
58	0	61
61	1	58
58	0	60
60	1	58
58	0	59
59	1	58
61	0	62
62	1	61
50	0	62
62	1	50
50	0	53
53	1	50
50	0	54
54	1	50
14	0	59
59	1	14
14	0	20
20	1	14
55	0	57
57	1	55
55	0	62
62	1	55
55	0	56
56	1	55
20	0	59
59	1	20
62	0	63
63	1	62
57	0	60
60	1	57
57	0	61
61	1	57
57	0	62
62	1	57
57	0	58
58	1	57
4	0	42
42	1	4
13	0	33
33	1	13
13	0	28
28	1	13
59	0	60
60	1	59
59	0	61
61	1	59
5	0	40
40	1	5
33	0	47
47	1	33
60	0	61
61	1	60
