3	6	8
4	21	9
4	21	10
5	5	11
5	43	12
5	14	13
6	74	14
7	13	15
8	5	11
8	6	14
10	43	18
11	5	19
11	6	20
12	10	21
12	9	22
14	5	23
14	6	24
14	6	25
14	6	26
14	14	14
16	6	27
17	3	28
17	10	29
17	4	30
18	13	31
19	10	32
19	9	11
22	12	34
22	13	35
23	9	36
23	9	37
23	10	38
24	13	39
25	5	40
25	14	41
26	6	42
26	14	43
26	5	44
27	43	45
27	14	46
28	14	47
28	14	48
28	5	49
30	34	50
31	6	51
31	6	14
31	5	52
32	20	53
33	14	54
33	43	55
34	13	56
35	14	57
35	43	58
36	5	23
39	20	61
39	23	34
40	13	62
41	3	63
41	4	64
41	10	65
42	14	66
42	6	67
42	43	68
43	57	69
44	10	70
44	9	71
46	10	74
46	9	36
47	10	75
47	9	76
48	13	77
48	12	23
50	11	79
50	13	80
50	12	81
52	5	84
53	14	85
53	6	86
55	6	89
56	6	90
56	14	91
57	10	92
57	9	93
57	3	94
59	6	8
59	6	95
59	5	23
60	40	96
60	17	97
61	60	98
61	37	98
61	36	99
62	13	13
63	14	100
63	14	101
63	6	15
64	36	102
64	37	23
65	14	24
65	6	103
66	13	104
66	11	105
66	12	11
67	43	106
68	20	107
69	12	40
69	13	41
70	36	42
71	13	48
71	12	49
73	14	108
74	57	109
74	56	110
76	11	111
76	13	112
77	6	90
78	6	113
78	14	92
78	5	94
79	10	114
79	9	96
79	9	115
80	5	98
80	14	116
80	6	117
82	6	118
83	9	36
83	9	37
83	10	38
83	10	32
84	20	107
85	85	42
86	43	119
86	14	120
86	14	50
87	43	121
87	14	70
88	12	98
88	13	122
89	9	123
89	10	124
89	3	36
90	3	98
90	18	8
90	10	125
91	10	126
91	9	36
92	4	127
92	10	128
92	9	36
93	15	129
93	15	130
93	15	131
93	15	70
93	15	132
93	15	133
93	15	134
93	15	135
93	15	136
93	15	137
93	15	138
93	15	139
93	15	140
93	15	79
93	15	141
93	15	142
93	15	143
93	15	144
93	15	145
93	15	146
93	15	147
93	15	148
93	15	149
93	15	150
93	15	151
93	15	152
93	15	153
93	15	154
93	15	155
93	15	156
93	15	157
93	15	158
93	15	159
93	15	160
93	15	96
93	15	161
93	15	162
93	15	163
93	15	164
93	15	165
93	15	166
93	15	167
93	15	168
93	15	169
93	15	170
93	15	171
93	15	172
93	15	173
93	15	174
93	15	175
93	15	176
93	15	35
93	15	177
93	15	178
93	15	179
93	15	180
93	15	74
93	15	181
93	15	182
93	15	53
93	15	183
93	15	184
93	15	185
93	15	186
93	15	187
93	15	188
93	15	189
93	15	190
93	15	42
93	15	191
93	15	192
93	15	193
93	15	194
93	15	195
93	15	196
93	15	197
93	15	198
93	15	199
93	15	32
93	15	200
93	15	21
93	15	201
93	15	202
93	15	203
93	15	204
93	15	205
93	15	206
93	15	207
93	15	64
93	15	208
93	15	209
93	15	210
93	15	211
93	15	114
93	15	212
93	15	213
93	15	214
93	15	215
93	15	216
93	15	217
93	15	218
93	15	219
93	15	220
93	15	221
93	15	222
93	15	223
93	15	224
93	15	225
93	15	226
93	15	227
93	15	228
93	15	229
93	15	230
93	15	231
93	15	232
93	15	233
93	15	234
93	15	62
93	15	235
93	15	236
93	15	237
93	15	238
93	15	239
93	15	240
93	15	241
93	15	242
93	15	243
93	15	244
93	15	245
93	15	246
93	15	247
93	15	248
93	15	249
93	15	250
93	15	251
93	15	252
93	15	253
93	15	254
93	15	86
93	15	255
93	15	256
93	15	257
93	15	258
93	15	259
93	15	29
93	15	260
93	15	261
93	15	262
93	15	263
93	15	264
93	15	265
93	15	266
93	15	267
93	15	268
93	15	28
93	15	269
93	15	270
93	15	271
93	15	92
93	15	272
93	15	273
93	15	274
93	15	275
93	15	276
93	15	277
93	15	278
93	15	279
93	15	280
93	15	281
93	15	282
93	15	283
93	15	284
93	15	285
93	15	286
93	15	287
93	15	288
93	15	97
93	15	289
93	15	290
93	15	291
93	15	292
93	15	293
93	15	57
93	15	294
93	15	295
93	15	296
93	15	54
93	15	297
93	15	298
93	24	299
93	24	8
93	24	249
93	24	300
93	24	301
93	24	302
93	24	303
93	24	260
93	24	85
93	24	304
93	24	137
93	24	90
93	24	87
93	24	79
93	24	305
93	24	145
93	24	306
93	24	307
93	24	308
93	24	223
93	24	309
93	24	310
93	24	311
93	24	312
93	24	313
93	24	274
93	24	189
93	24	155
93	24	51
93	24	314
93	24	113
93	24	287
93	24	315
93	24	316
93	24	163
93	24	317
93	24	318
93	24	167
93	24	319
93	24	320
93	24	66
93	24	14
93	25	321
93	25	322
93	25	323
93	25	324
93	25	325
93	25	326
93	25	327
93	25	328
93	25	329
93	25	330
93	25	331
93	25	332
93	25	333
93	25	334
93	25	335
93	25	336
93	25	337
93	25	338
93	25	339
93	25	340
93	25	121
93	25	341
93	25	58
93	25	342
93	25	343
93	25	344
93	25	345
93	25	346
93	25	347
93	25	348
93	25	349
93	25	350
93	25	351
93	25	352
93	25	353
93	25	354
93	25	355
93	25	356
93	25	357
93	25	358
93	25	359
93	25	360
93	25	361
93	25	362
93	25	363
93	25	364
93	25	365
93	25	55
93	25	366
93	25	367
93	25	368
93	16	369
93	16	370
93	16	371
93	16	372
93	16	373
93	16	172
93	16	374
93	16	375
93	16	376
93	16	19
93	16	377
93	16	211
93	16	378
93	16	379
93	16	380
93	16	17
93	16	381
93	16	11
93	16	23
93	16	382
93	16	22
93	16	383
93	16	384
93	16	385
93	16	386
93	16	387
93	16	388
93	16	389
93	16	98
93	16	110
93	16	390
93	16	40
93	16	391
93	16	392
93	16	393
93	16	394
93	16	395
93	16	396
93	16	397
93	16	283
93	16	398
93	16	399
93	16	400
93	16	401
93	16	402
93	16	191
93	16	403
93	16	96
93	16	63
93	16	404
93	16	36
93	16	52
93	16	34
93	16	405
93	16	406
93	16	407
93	16	408
93	16	207
93	16	409
93	16	172
93	16	250
93	16	410
93	16	174
93	16	76
93	16	375
93	16	376
93	16	19
93	16	380
93	16	17
93	16	411
93	16	11
93	16	382
93	16	23
93	16	179
93	16	71
93	16	217
93	16	94
93	16	412
93	16	144
93	16	413
93	16	414
93	16	387
93	16	415
93	16	110
93	16	416
93	16	390
93	16	81
93	16	234
93	16	280
93	16	417
93	16	395
93	16	418
93	16	397
93	16	283
93	16	398
93	16	191
93	16	402
93	16	419
93	16	36
93	16	34
93	16	196
93	16	405
93	16	54
93	16	420
93	16	408
93	26	323
93	26	421
93	26	422
93	26	327
93	26	333
93	26	334
93	26	423
93	26	424
93	26	425
93	26	68
93	26	347
93	26	12
93	26	353
93	26	426
93	26	358
93	26	427
93	26	18
93	26	363
93	26	428
93	16	23
94	49	429
95	23	402
95	20	430
96	12	373
96	13	431
97	19	79
97	20	432
97	20	433
97	23	81
98	31	326
98	23	36
98	20	434
99	28	435
99	28	436
100	5	23
101	31	327
101	23	250
101	20	437
102	19	168
102	23	387
102	20	438
103	19	249
103	20	439
103	23	397
104	13	440
104	12	23
104	12	441
105	27	442
106	10	443
106	10	444
106	3	23
107	31	55
107	23	241
107	20	445
108	13	446
108	13	447
108	13	448
108	13	449
108	13	450
109	20	451
110	20	452
110	31	453
110	31	337
110	23	454
111	23	179
111	20	455
112	28	456
112	28	302
113	23	411
113	20	457
114	10	458
115	31	352
115	23	398
115	20	459
116	20	460
116	23	408
117	20	213
118	20	461
119	42	462
120	20	188
120	23	11
120	19	155
121	20	463
122	20	464
123	13	465
123	12	98
124	6	466
124	14	467
125	29	9
126	20	138
126	23	17
127	10	468
127	9	469
128	20	140
128	23	11
129	20	140
129	31	334
129	23	371
130	10	470
130	18	471
131	56	87
131	57	472
132	72	473
132	73	474
133	17	475
135	20	476
136	20	477
137	61	8
137	52	478
138	10	479
138	9	480
139	20	481
139	31	336
139	23	404
140	13	482
140	12	404
141	13	483
141	12	408
142	19	114
143	3	36
143	10	206
144	14	484
144	14	218
144	6	485
145	23	19
145	20	203
146	20	486
146	23	11
147	20	487
147	23	17
148	13	243
148	13	488
148	12	23
149	12	212
149	13	489
150	13	490
150	11	189
151	20	226
152	13	226
153	10	491
153	9	36
154	20	492
154	20	141
155	20	307
155	23	252
156	34	493
156	34	197
157	23	410
157	20	494
158	13	495
158	12	11
159	2	496
159	104	497
160	20	498
160	23	499
161	20	500
162	5	501
162	5	408
163	20	215
164	2	267
164	104	383
165	20	502
165	23	23
166	19	278
166	23	110
166	20	503
167	20	201
167	23	23
168	20	504
169	20	505
170	20	506
170	23	507
171	6	113
171	14	508
171	43	509
171	5	510
172	57	511
173	20	512
174	13	513
175	20	514
175	20	515
176	20	516
177	20	517
178	10	518
178	9	195
179	31	344
179	23	373
179	20	519
181	20	437
182	13	520
182	12	11
182	12	521
183	34	522
183	34	523
183	34	174
183	34	524
183	34	54
183	34	525
184	20	449
185	12	408
185	11	526
185	13	527
186	10	185
186	9	528
188	11	465
188	12	98
188	13	529
189	10	530
189	9	283
190	27	472
191	72	314
191	73	369
192	38	456
192	38	475
192	39	531
193	20	532
193	23	408
194	20	533
194	23	408
195	6	534
195	43	535
195	14	206
196	6	484
196	14	218
197	23	378
197	20	536
198	23	57
198	31	58
198	20	537
199	12	57
199	13	538
200	13	128
200	12	36
201	42	539
201	41	540
202	13	307
202	12	252
203	13	292
203	13	541
203	12	408
204	20	542
204	31	423
204	23	174
205	20	502
206	74	472
207	18	543
207	10	506
207	9	544
207	4	545
208	13	546
208	11	113
209	13	547
209	11	113
210	13	548
210	12	11
212	13	549
212	11	167
212	12	420
213	20	517
213	20	550
214	13	551
215	23	391
215	20	175
216	11	520
216	12	552
216	13	553
217	32	554
219	72	555
219	87	556
220	27	557
221	20	130
222	10	206
222	9	37
223	12	396
223	13	558
223	13	559
223	13	560
224	13	126
224	12	561
225	19	163
225	20	562
225	23	11
226	12	408
226	13	563
227	13	564
228	23	408
228	20	563
229	19	113
229	23	94
229	20	565
230	31	348
230	19	113
230	23	267
230	23	389
230	20	297
230	20	248
231	20	566
231	23	567
232	23	34
232	20	568
233	20	569
234	20	570
234	19	167
234	23	420
235	5	11
235	6	571
235	6	572
235	43	573
235	43	574
235	14	575
235	14	576
235	14	577
236	19	520
236	23	521
236	23	552
236	20	578
237	50	555
238	19	193
238	20	579
238	23	11
239	20	580
239	20	248
239	20	581
239	20	582
239	20	259
239	20	181
239	20	583
239	20	533
239	20	584
239	20	585
239	20	233
239	20	61
239	20	282
239	20	565
239	20	586
239	20	587
239	20	588
239	20	589
239	20	546
239	20	508
239	20	297
239	31	322
239	31	348
239	31	342
239	31	590
239	31	365
239	31	333
239	31	591
239	31	336
239	31	367
239	23	419
239	23	592
239	23	372
239	23	98
239	23	290
239	23	403
239	23	390
239	23	11
239	23	267
239	23	593
239	23	594
239	23	54
239	23	379
239	23	408
239	19	223
239	19	285
239	19	113
240	34	258
242	10	588
242	9	595
243	28	596
243	28	597
244	10	508
244	9	598
245	143	599
246	31	348
246	23	389
247	87	600
247	87	572
247	72	518
247	72	551
247	72	577
248	10	601
248	9	598
249	18	602
249	10	601
249	9	598
250	35	602
250	17	601
250	40	598
