90	0	93
93	1	90
93	0	239
239	1	93
93	0	94
94	1	93
93	0	187
187	1	93
93	0	95
95	1	93
93	0	238
238	1	93
93	0	222
222	1	93
93	0	96
96	1	93
93	0	179
179	1	93
93	0	97
97	1	93
93	0	98
98	1	93
93	0	99
99	1	93
93	0	100
100	1	93
93	0	216
216	1	93
93	0	236
236	1	93
93	0	101
101	1	93
93	0	102
102	1	93
93	0	188
188	1	93
93	0	103
103	1	93
93	0	220
220	1	93
93	0	104
104	1	93
93	0	105
105	1	93
93	0	106
106	1	93
93	0	242
242	1	93
93	0	217
217	1	93
93	0	107
107	1	93
93	0	108
108	1	93
93	0	197
197	1	93
93	0	199
199	1	93
93	0	198
198	1	93
93	0	223
223	1	93
93	0	109
109	1	93
93	0	110
110	1	93
93	0	191
191	1	93
93	0	111
111	1	93
93	0	186
186	1	93
93	0	112
112	1	93
93	0	113
113	1	93
93	0	241
241	1	93
93	0	231
231	1	93
93	0	225
225	1	93
93	0	233
233	1	93
93	0	114
114	1	93
93	0	204
204	1	93
93	0	115
115	1	93
93	0	203
203	1	93
93	0	116
116	1	93
93	0	230
230	1	93
93	0	226
226	1	93
93	0	228
228	1	93
93	0	246
246	1	93
93	0	117
117	1	93
93	0	118
118	1	93
93	0	215
215	1	93
93	0	196
196	1	93
93	0	119
119	1	93
93	0	120
120	1	93
93	0	180
180	1	93
93	0	121
121	1	93
93	0	182
182	1	93
93	0	122
122	1	93
93	0	181
181	1	93
93	0	123
123	1	93
93	0	189
189	1	93
93	0	124
124	1	93
93	0	125
125	1	93
93	0	126
126	1	93
93	0	127
127	1	93
93	0	128
128	1	93
93	0	129
129	1	93
93	0	130
130	1	93
93	0	205
205	1	93
93	0	206
206	1	93
93	0	131
131	1	93
93	0	190
190	1	93
93	0	185
185	1	93
93	0	237
237	1	93
93	0	132
132	1	93
93	0	133
133	1	93
93	0	192
192	1	93
93	0	134
134	1	93
93	0	247
247	1	93
93	0	210
210	1	93
93	0	135
135	1	93
93	0	136
136	1	93
93	0	245
245	1	93
93	0	137
137	1	93
93	0	183
183	1	93
93	0	138
138	1	93
93	0	139
139	1	93
93	0	140
140	1	93
93	0	193
193	1	93
93	0	141
141	1	93
93	0	227
227	1	93
93	0	240
240	1	93
93	0	250
250	1	93
93	0	248
248	1	93
93	0	249
249	1	93
93	0	184
184	1	93
93	0	142
142	1	93
93	0	143
143	1	93
93	0	221
221	1	93
93	0	144
144	1	93
93	0	145
145	1	93
93	0	146
146	1	93
93	0	147
147	1	93
93	0	148
148	1	93
93	0	149
149	1	93
93	0	234
234	1	93
93	0	212
212	1	93
93	0	150
150	1	93
93	0	151
151	1	93
93	0	152
152	1	93
93	0	153
153	1	93
93	0	200
200	1	93
93	0	154
154	1	93
93	0	232
232	1	93
93	0	209
209	1	93
93	0	202
202	1	93
93	0	155
155	1	93
93	0	194
194	1	93
93	0	208
208	1	93
93	0	229
229	1	93
93	0	156
156	1	93
93	0	157
157	1	93
93	0	158
158	1	93
93	0	159
159	1	93
93	0	160
160	1	93
93	0	161
161	1	93
93	0	162
162	1	93
93	0	214
214	1	93
93	0	195
195	1	93
93	0	163
163	1	93
93	0	235
235	1	93
93	0	164
164	1	93
93	0	211
211	1	93
93	0	165
165	1	93
93	0	166
166	1	93
93	0	167
167	1	93
93	0	168
168	1	93
93	0	201
201	1	93
93	0	169
169	1	93
93	0	170
170	1	93
93	0	171
171	1	93
93	0	172
172	1	93
93	0	173
173	1	93
93	0	213
213	1	93
93	0	174
174	1	93
93	0	175
175	1	93
93	0	176
176	1	93
93	0	177
177	1	93
93	0	178
178	1	93
20	0	239
239	1	20
20	0	88
88	1	20
20	0	93
93	1	20
3	0	93
93	1	3
3	0	58
58	1	3
3	0	90
90	1	3
3	0	59
59	1	3
3	0	60
60	1	3
3	0	61
61	1	3
61	0	80
80	1	61
61	0	93
93	1	61
61	0	99
99	1	61
61	0	100
100	1	61
61	0	239
239	1	61
61	0	90
90	1	61
61	0	88
88	1	61
79	0	94
94	1	79
79	0	93
93	1	79
79	0	142
142	1	79
8	0	93
93	1	8
26	0	85
85	1	26
26	0	93
93	1	26
26	0	70
70	1	26
182	0	216
216	1	182
182	0	236
236	1	182
27	0	93
93	1	27
27	0	188
188	1	27
27	0	123
123	1	27
27	0	181
181	1	27
123	0	188
188	1	123
239	0	242
242	1	239
239	0	243
243	1	239
239	0	250
250	1	239
239	0	248
248	1	239
239	0	244
244	1	239
239	0	245
245	1	239
239	0	246
246	1	239
44	0	93
93	1	44
44	0	75
75	1	44
44	0	87
87	1	44
87	0	93
93	1	87
75	0	93
93	1	75
75	0	87
87	1	75
183	0	217
217	1	183
183	0	218
218	1	183
33	0	108
108	1	33
33	0	93
93	1	33
33	0	239
239	1	33
33	0	107
107	1	33
33	0	183
183	1	33
33	0	161
161	1	33
47	0	93
93	1	47
47	0	197
197	1	47
47	0	149
149	1	47
35	0	199
199	1	35
35	0	198
198	1	35
35	0	223
223	1	35
35	0	93
93	1	35
19	0	93
93	1	19
19	0	66
66	1	19
19	0	83
83	1	19
19	0	170
170	1	19
12	0	93
93	1	12
12	0	152
152	1	12
12	0	151
151	1	12
71	0	93
93	1	71
71	0	239
239	1	71
28	0	93
93	1	28
28	0	239
239	1	28
28	0	71
71	1	28
178	0	247
247	1	178
178	0	235
235	1	178
178	0	241
241	1	178
178	0	214
214	1	178
214	0	247
247	1	214
214	0	235
235	1	214
214	0	241
241	1	214
235	0	247
247	1	235
235	0	241
241	1	235
177	0	213
213	1	177
83	0	93
93	1	83
83	0	200
200	1	83
83	0	153
153	1	83
83	0	92
92	1	83
83	0	91
91	1	83
83	0	212
212	1	83
83	0	234
234	1	83
83	0	89
89	1	83
23	0	93
93	1	23
23	0	153
153	1	23
23	0	92
92	1	23
23	0	200
200	1	23
23	0	91
91	1	23
23	0	89
89	1	23
23	0	67
67	1	23
23	0	83
83	1	23
92	0	200
200	1	92
92	0	93
93	1	92
92	0	224
224	1	92
92	0	153
153	1	92
91	0	224
224	1	91
91	0	93
93	1	91
91	0	200
200	1	91
91	0	153
153	1	91
91	0	92
92	1	91
41	0	93
93	1	41
41	0	135
135	1	41
74	0	93
93	1	74
208	0	243
243	1	208
208	0	239
239	1	208
208	0	230
230	1	208
208	0	229
229	1	208
57	0	93
93	1	57
57	0	229
229	1	57
57	0	239
239	1	57
57	0	78
78	1	57
78	0	93
93	1	78
78	0	239
239	1	78
78	0	229
229	1	78
78	0	230
230	1	78
5	0	93
93	1	5
5	0	62
62	1	5
80	0	93
93	1	80
80	0	239
239	1	80
80	0	90
90	1	80
80	0	88
88	1	80
143	0	221
221	1	143
143	0	222
222	1	143
143	0	195
195	1	143
70	0	93
93	1	70
70	0	85
85	1	70
34	0	93
93	1	34
34	0	73
73	1	34
46	0	99
99	1	46
46	0	98
98	1	46
46	0	93
93	1	46
11	0	105
105	1	11
11	0	93
93	1	11
11	0	145
145	1	11
63	0	93
93	1	63
63	0	147
147	1	63
63	0	81
81	1	63
7	0	93
93	1	7
7	0	147
147	1	7
7	0	63
63	1	7
107	0	217
217	1	107
107	0	183
183	1	107
30	0	93
93	1	30
30	0	86
86	1	30
30	0	72
72	1	30
17	0	93
93	1	17
17	0	130
130	1	17
130	0	205
205	1	130
76	0	93
93	1	76
52	0	93
93	1	52
52	0	110
110	1	52
185	0	219
219	1	185
219	0	237
237	1	219
15	0	237
237	1	15
15	0	219
219	1	15
31	0	133
133	1	31
31	0	192
192	1	31
31	0	93
93	1	31
55	0	93
93	1	55
170	0	207
207	1	170
66	0	93
93	1	66
59	0	93
93	1	59
67	0	93
93	1	67
67	0	200
200	1	67
67	0	92
92	1	67
67	0	83
83	1	67
36	0	93
93	1	36
13	0	106
106	1	13
13	0	64
64	1	13
64	0	106
106	1	64
43	0	93
93	1	43
43	0	74
74	1	43
171	0	243
243	1	171
171	0	244
244	1	171
171	0	239
239	1	171
171	0	230
230	1	171
171	0	208
208	1	171
171	0	209
209	1	171
171	0	229
229	1	171
230	0	249
249	1	230
230	0	250
250	1	230
230	0	239
239	1	230
230	0	240
240	1	230
246	0	250
250	1	246
246	0	249
249	1	246
56	0	77
77	1	56
56	0	93
93	1	56
62	0	93
93	1	62
88	0	93
93	1	88
88	0	90
90	1	88
88	0	239
239	1	88
60	0	93
93	1	60
60	0	79
79	1	60
6	0	93
93	1	6
48	0	93
93	1	48
48	0	165
165	1	48
48	0	148
148	1	48
48	0	76
76	1	48
50	0	93
93	1	50
50	0	97
97	1	50
40	0	93
93	1	40
40	0	153
153	1	40
89	0	93
93	1	89
89	0	200
200	1	89
89	0	92
92	1	89
89	0	91
91	1	89
14	0	106
106	1	14
14	0	64
64	1	14
14	0	93
93	1	14
14	0	65
65	1	14
22	0	93
93	1	22
22	0	232
232	1	22
22	0	233
233	1	22
32	0	93
93	1	32
42	0	93
93	1	42
141	0	226
226	1	141
141	0	239
239	1	141
141	0	228
228	1	141
141	0	193
193	1	141
141	0	194
194	1	141
209	0	239
239	1	209
209	0	230
230	1	209
203	0	226
226	1	203
203	0	239
239	1	203
203	0	227
227	1	203
203	0	228
228	1	203
116	0	226
226	1	116
116	0	239
239	1	116
116	0	227
227	1	116
116	0	228
228	1	116
116	0	194
194	1	116
226	0	239
239	1	226
244	0	250
250	1	244
244	0	248
248	1	244
244	0	249
249	1	244
164	0	239
239	1	164
164	0	240
240	1	164
164	0	230
230	1	164
194	0	239
239	1	194
194	0	226
226	1	194
194	0	228
228	1	194
77	0	93
93	1	77
211	0	232
232	1	211
211	0	233
233	1	211
174	0	233
233	1	174
174	0	211
211	1	174
174	0	232
232	1	174
109	0	190
190	1	109
16	0	66
66	1	16
53	0	93
93	1	53
86	0	93
93	1	86
131	0	190
190	1	131
131	0	206
206	1	131
73	0	93
93	1	73
25	0	93
93	1	25
25	0	69
69	1	25
85	0	93
93	1	85
195	0	221
221	1	195
195	0	238
238	1	195
195	0	222
222	1	195
96	0	215
215	1	96
96	0	179
179	1	96
228	0	239
239	1	228
249	0	250
250	1	249
133	0	192
192	1	133
124	0	220
220	1	124
124	0	189
189	1	124
65	0	82
82	1	65
10	0	93
93	1	10
84	0	93
93	1	84
101	0	181
181	1	101
101	0	182
182	1	101
72	0	93
93	1	72
72	0	107
107	1	72
72	0	86
86	1	72
193	0	226
226	1	193
193	0	239
239	1	193
193	0	228
228	1	193
167	0	206
206	1	167
149	0	197
197	1	149
149	0	198
198	1	149
149	0	199
199	1	149
39	0	93
93	1	39
69	0	93
93	1	69
81	0	93
93	1	81
81	0	147
147	1	81
199	0	223
223	1	199
24	0	84
84	1	24
24	0	68
68	1	24
248	0	250
250	1	248
222	0	238
238	1	222
198	0	223
223	1	198
200	0	224
224	1	200
179	0	215
215	1	179
132	0	191
191	1	132
210	0	231
231	1	210
176	0	212
212	1	176
176	0	234
234	1	176
100	0	180
180	1	100
189	0	220
220	1	189
108	0	184
184	1	108
216	0	236
236	1	216
139	0	239
239	1	139
173	0	210
210	1	173
229	0	239
239	1	229
68	0	84
84	1	68
144	0	196
196	1	144
118	0	187
187	1	118
155	0	202
202	1	155
155	0	203
203	1	155
212	0	234
234	1	212
18	0	239
239	1	18
227	0	239
239	1	227
154	0	201
201	1	154
111	0	186
186	1	111
201	0	225
225	1	201
110	0	185
185	1	110
4	0	125
125	1	4
165	0	205
205	1	165
241	0	247
247	1	241
158	0	204
204	1	158
153	0	200
200	1	153
