22	0	23
23	1	22
22	0	44
44	1	22
22	0	24
24	1	22
22	0	25
25	1	22
22	0	41
41	1	22
22	0	35
35	1	22
22	0	26
26	1	22
22	0	37
37	1	22
22	0	43
43	1	22
22	0	49
49	1	22
22	0	48
48	1	22
22	0	27
27	1	22
22	0	36
36	1	22
22	0	28
28	1	22
22	0	29
29	1	22
22	0	30
30	1	22
22	0	50
50	1	22
22	0	51
51	1	22
22	0	39
39	1	22
22	0	34
34	1	22
22	0	31
31	1	22
22	0	32
32	1	22
22	0	38
38	1	22
22	0	33
33	1	22
16	0	23
23	1	16
16	0	22
22	1	16
16	0	18
18	1	16
16	0	20
20	1	16
3	0	18
18	1	3
3	0	20
20	1	3
3	0	22
22	1	3
3	0	23
23	1	3
3	0	12
12	1	3
3	0	16
16	1	3
3	0	27
27	1	3
29	0	44
44	1	29
29	0	37
37	1	29
29	0	43
43	1	29
29	0	38
38	1	29
9	0	22
22	1	9
9	0	36
36	1	9
9	0	28
28	1	9
6	0	22
22	1	6
6	0	37
37	1	6
6	0	43
43	1	6
6	0	29
29	1	6
39	0	47
47	1	39
39	0	45
45	1	39
39	0	49
49	1	39
39	0	48
48	1	39
18	0	23
23	1	18
18	0	44
44	1	18
18	0	33
33	1	18
18	0	38
38	1	18
18	0	29
29	1	18
18	0	20
20	1	18
18	0	22
22	1	18
18	0	21
21	1	18
20	0	23
23	1	20
20	0	22
22	1	20
17	0	19
19	1	17
15	0	19
19	1	15
15	0	22
22	1	15
15	0	17
17	1	15
11	0	17
17	1	11
11	0	19
19	1	11
11	0	15
15	1	11
5	0	22
22	1	5
5	0	24
24	1	5
5	0	13
13	1	5
8	0	25
25	1	8
8	0	41
41	1	8
8	0	34
34	1	8
8	0	42
42	1	8
8	0	22
22	1	8
4	0	35
35	1	4
4	0	26
26	1	4
4	0	22
22	1	4
4	0	41
41	1	4
4	0	34
34	1	4
4	0	25
25	1	4
30	0	47
47	1	30
30	0	45
45	1	30
30	0	39
39	1	30
45	0	49
49	1	45
45	0	48
48	1	45
45	0	47
47	1	45
12	0	23
23	1	12
12	0	22
22	1	12
12	0	31
31	1	12
12	0	16
16	1	12
40	0	46
46	1	40
7	0	46
46	1	7
7	0	40
40	1	7
13	0	22
22	1	13
13	0	44
44	1	13
13	0	29
29	1	13
13	0	24
24	1	13
13	0	38
38	1	13
31	0	40
40	1	31
10	0	14
14	1	10
10	0	22
22	1	10
10	0	32
32	1	10
48	0	50
50	1	48
48	0	51
51	1	48
48	0	49
49	1	48
26	0	35
35	1	26
28	0	36
36	1	28
47	0	49
49	1	47
47	0	48
48	1	47
25	0	41
41	1	25
25	0	34
34	1	25
34	0	41
41	1	34
38	0	44
44	1	38
37	0	43
43	1	37
14	0	22
22	1	14
50	0	51
51	1	50
36	0	42
42	1	36
49	0	50
50	1	49
