2	10	0
2	10	1
2	9	2
2	9	3
2	4	4
2	4	5
3	13	6
3	13	7
4	18	8
4	18	9
4	10	10
4	10	11
5	6	12
6	11	13
6	13	14
6	12	15
7	6	16
7	14	17
8	49	18
8	49	19
9	38	20
9	38	21
11	16	15
11	24	22
11	15	23
12	16	24
14	42	26
15	6	27
16	72	28
16	73	29
17	10	30
17	3	31
18	10	32
18	3	33
19	11	34
19	13	35
20	12	36
20	13	37
21	10	38
21	4	4
21	4	39
22	6	40
22	14	41
22	5	42
24	12	44
24	13	45
25	13	46
25	13	47
26	5	48
27	5	49
27	6	48
28	10	50
29	16	24
29	16	51
29	15	52
30	6	53
30	5	54
32	14	58
33	72	59
33	72	60
33	73	29
35	97	61
35	99	62
35	84	63
36	48	64
36	42	65
37	12	66
37	13	67
37	13	68
38	10	69
38	9	29
39	14	70
39	43	71
40	24	0
40	16	3
41	13	72
42	11	12
42	13	73
43	14	27
43	14	74
44	6	75
44	14	76
45	10	77
45	10	78
45	3	42
45	9	79
46	73	80
46	87	81
46	72	82
47	25	83
47	15	84
47	15	85
47	16	86
47	16	24
48	18	87
48	18	88
48	9	89
48	9	90
48	10	91
48	10	92
48	4	93
48	4	94
49	6	87
49	6	88
50	14	95
50	5	65
51	6	96
51	5	51
52	18	38
52	18	97
52	10	71
52	10	98
52	9	99
52	9	100
53	13	101
53	12	3
54	14	34
54	14	102
54	14	22
54	14	103
54	14	104
54	14	105
54	43	106
54	6	13
54	6	107
54	6	108
54	6	109
54	6	1
54	6	110
54	6	50
54	6	111
54	6	112
54	5	24
55	74	113
55	74	27
55	62	114
56	10	39
56	9	115
57	13	116
57	12	79
57	11	117
58	10	118
58	9	29
59	13	52
59	12	24
59	12	119
60	16	120
60	16	121
61	6	1
62	13	104
63	6	113
63	5	122
64	10	123
64	9	29
65	16	124
65	16	100
65	16	3
65	16	24
65	16	86
65	16	36
65	16	125
65	16	89
65	16	126
65	16	51
65	16	2
65	16	127
65	16	99
65	16	128
65	16	44
65	16	129
65	16	79
65	16	130
65	16	90
65	16	15
65	16	131
65	16	29
65	16	132
65	15	133
65	15	134
65	15	135
65	15	136
65	15	137
65	15	85
65	15	73
65	15	104
65	15	138
65	15	139
65	15	140
65	15	141
65	15	142
65	15	28
65	15	143
65	15	144
65	15	145
65	15	146
65	15	147
65	15	148
65	15	149
65	15	23
65	15	51
65	15	150
65	15	151
65	15	152
65	15	6
65	15	153
65	15	154
65	15	155
65	15	72
65	15	7
65	15	156
65	15	157
65	15	158
65	15	159
65	15	130
65	15	160
65	15	161
65	15	76
65	15	162
65	15	163
65	15	111
65	15	112
65	15	12
65	24	10
65	24	122
65	24	164
65	24	165
65	24	166
65	24	0
65	24	11
65	24	87
65	24	1
65	24	167
65	24	97
65	24	168
65	24	169
65	24	170
65	24	34
65	24	171
65	24	172
65	24	173
65	24	38
65	24	174
65	24	175
65	24	176
65	24	177
65	24	178
65	24	88
65	24	179
65	24	12
65	26	71
65	26	180
65	26	181
65	26	182
65	25	71
65	25	183
65	25	184
65	25	185
65	25	98
65	25	186
65	25	187
65	25	188
65	25	189
65	25	4
66	18	190
66	3	79
66	9	29
68	27	191
69	10	192
69	3	51
70	10	193
70	3	51
71	20	143
72	13	194
72	12	85
73	27	51
73	44	166
74	10	34
74	9	132
75	20	154
76	34	134
77	6	195
78	13	196
79	20	197
80	13	198
81	27	122
82	12	24
83	11	16
83	13	17
85	20	148
85	19	199
85	31	188
85	23	200
85	23	24
86	4	201
86	4	202
86	10	201
86	10	202
86	9	203
86	9	204
88	49	205
88	49	206
89	13	70
90	14	207
90	14	208
90	14	209
90	14	210
91	6	211
91	6	1
91	6	12
91	14	212
92	28	18
93	11	8
93	13	213
94	11	9
94	13	214
96	92	81
96	92	29
96	50	215
96	50	216
96	50	82
97	72	217
97	73	218
98	5	51
98	14	51
99	27	191
100	3	51
100	9	122
100	9	219
101	20	220
101	31	83
101	23	84
101	23	85
102	49	221
103	30	222
104	11	34
104	13	145
104	13	146
104	13	135
105	13	153
105	13	154
106	11	12
106	12	158
106	12	157
106	13	223
106	13	224
106	13	225
106	13	226
107	9	24
108	74	227
109	87	228
109	72	229
110	48	228
110	46	230
111	13	0
111	13	1
111	12	2
111	12	3
112	13	231
113	9	232
114	72	233
114	72	234
114	72	235
114	72	236
114	72	237
114	72	238
114	72	239
114	87	240
114	87	51
114	73	218
114	73	241
115	27	20
115	27	242
116	5	243
116	14	244
116	14	51
116	6	51
118	53	136
119	5	51
120	4	245
120	10	246
120	9	85
121	10	97
121	10	34
121	10	247
121	9	86
121	9	248
121	9	130
121	9	249
122	14	135
122	6	250
123	13	251
123	12	252
124	20	253
125	20	254
126	20	255
127	20	256
128	59	24
129	2	163
131	11	1
132	11	1
132	13	212
133	10	257
133	10	28
133	10	238
133	3	29
133	3	241
133	9	79
133	9	258
133	18	236
134	10	259
134	9	122
135	50	260
136	10	261
136	9	51
136	3	48
137	10	261
137	9	51
137	3	48
138	5	51
138	43	262
139	11	34
139	12	132
139	13	263
140	17	264
141	17	265
142	18	107
142	9	266
143	20	267
143	20	268
144	72	257
145	65	238
145	66	269
146	18	59
146	10	60
146	3	29
147	13	270
147	13	271
147	13	272
147	13	273
147	13	274
147	13	275
147	13	276
147	13	277
147	13	278
147	13	279
147	13	280
147	13	281
147	13	142
147	13	28
147	13	282
147	13	283
147	13	284
147	13	285
147	13	286
147	13	287
147	13	288
147	13	289
147	13	113
147	13	290
147	13	148
147	13	291
147	13	292
147	13	293
147	13	294
147	13	295
147	13	296
147	13	297
147	13	105
147	13	298
147	13	109
147	13	299
147	13	159
147	13	102
147	13	300
147	13	301
147	13	110
147	13	302
147	13	303
147	13	179
147	13	304
147	12	305
147	12	79
147	12	306
147	12	307
147	12	2
147	12	200
147	12	144
147	12	3
147	12	127
147	12	308
147	12	24
147	11	309
147	11	108
147	11	122
147	11	310
147	11	0
147	11	103
147	11	105
147	11	12
148	27	51
148	78	15
149	52	222
149	52	311
149	53	51
150	20	264
151	20	265
152	27	312
153	9	313
153	9	61
153	3	276
153	10	238
153	18	258
154	5	51
154	6	314
156	20	315
157	38	316
157	38	113
157	38	317
157	38	318
157	38	221
157	38	319
157	38	320
157	38	321
157	38	322
157	38	323
157	38	324
157	38	325
157	38	326
157	38	240
157	38	327
157	38	174
157	38	328
157	39	329
157	39	219
158	10	330
158	9	24
159	31	71
159	23	2
159	20	331
159	20	332
160	20	333
161	24	179
162	13	334
162	13	335
162	13	336
162	12	24
163	13	337
163	13	338
163	13	339
163	12	24
164	19	0
164	23	3
164	20	340
165	20	303
165	20	341
166	20	342
166	20	274
167	20	133
168	20	156
169	72	28
170	20	343
171	11	344
172	6	122
172	43	345
172	5	346
173	20	347
173	20	348
173	23	134
174	18	349
174	3	51
174	10	350
174	9	351
175	18	352
175	3	51
175	10	353
175	9	354
176	3	51
176	9	355
177	50	264
178	50	265
179	64	238
179	113	269
180	6	27
180	14	114
180	14	356
180	5	51
181	28	357
182	36	244
183	65	358
183	65	359
184	32	360
184	32	330
185	19	34
185	31	71
185	23	132
185	20	361
187	24	179
187	16	362
187	16	363
188	20	334
188	20	335
188	20	336
188	23	24
189	20	337
189	20	338
189	20	339
189	23	24
190	20	364
190	20	365
190	20	366
190	20	367
190	23	3
191	20	340
192	10	303
192	9	368
193	10	274
193	9	369
194	3	351
194	3	51
194	18	349
195	3	354
195	3	51
195	18	352
196	72	238
197	5	51
197	14	370
198	87	13
198	87	165
199	49	261
199	49	20
199	59	51
200	72	238
200	73	269
200	73	371
201	28	372
201	28	373
202	11	165
202	13	161
202	12	23
202	12	15
203	52	374
