3	0	51
51	1	3
3	0	37
37	1	3
19	0	51
51	1	19
32	0	47
47	1	32
77	0	94
94	1	77
77	0	95
95	1	77
77	0	86
86	1	77
77	0	98
98	1	77
77	0	96
96	1	77
77	0	97
97	1	77
77	0	99
99	1	77
77	0	82
82	1	77
77	0	84
84	1	77
77	0	93
93	1	77
77	0	90
90	1	77
77	0	79
79	1	77
11	0	51
51	1	11
11	0	38
38	1	11
28	0	45
45	1	28
28	0	51
51	1	28
46	0	49
49	1	46
46	0	50
50	1	46
46	0	51
51	1	46
27	0	71
71	1	27
27	0	66
66	1	27
27	0	51
51	1	27
51	0	99
99	1	51
51	0	52
52	1	51
51	0	53
53	1	51
51	0	71
71	1	51
51	0	67
67	1	51
51	0	87
87	1	51
51	0	69
69	1	51
51	0	96
96	1	51
51	0	76
76	1	51
51	0	94
94	1	51
51	0	80
80	1	51
51	0	98
98	1	51
51	0	79
79	1	51
51	0	85
85	1	51
51	0	54
54	1	51
51	0	95
95	1	51
51	0	97
97	1	51
51	0	72
72	1	51
51	0	93
93	1	51
51	0	84
84	1	51
51	0	91
91	1	51
51	0	89
89	1	51
51	0	55
55	1	51
51	0	81
81	1	51
51	0	77
77	1	51
51	0	82
82	1	51
51	0	86
86	1	51
51	0	56
56	1	51
51	0	57
57	1	51
51	0	70
70	1	51
51	0	90
90	1	51
51	0	66
66	1	51
51	0	58
58	1	51
51	0	73
73	1	51
51	0	59
59	1	51
51	0	60
60	1	51
51	0	61
61	1	51
51	0	62
62	1	51
51	0	63
63	1	51
51	0	64
64	1	51
51	0	65
65	1	51
33	0	51
51	1	33
41	0	51
51	1	41
12	0	51
51	1	12
12	0	61
61	1	12
12	0	83
83	1	12
12	0	69
69	1	12
70	0	78
78	1	70
70	0	80
80	1	70
70	0	75
75	1	70
93	0	94
94	1	93
93	0	95
95	1	93
93	0	98
98	1	93
93	0	97
97	1	93
93	0	99
99	1	93
44	0	84
84	1	44
45	0	51
51	1	45
39	0	48
48	1	39
29	0	95
95	1	29
29	0	83
83	1	29
29	0	97
97	1	29
29	0	49
49	1	29
29	0	50
50	1	29
29	0	46
46	1	29
23	0	51
51	1	23
23	0	43
43	1	23
43	0	51
51	1	43
22	0	51
51	1	22
67	0	79
79	1	67
67	0	72
72	1	67
67	0	81
81	1	67
67	0	93
93	1	67
67	0	77
77	1	67
67	0	82
82	1	67
67	0	94
94	1	67
67	0	84
84	1	67
67	0	95
95	1	67
67	0	97
97	1	67
67	0	86
86	1	67
67	0	85
85	1	67
67	0	98
98	1	67
67	0	99
99	1	67
67	0	87
87	1	67
67	0	91
91	1	67
67	0	90
90	1	67
67	0	89
89	1	67
67	0	73
73	1	67
79	0	93
93	1	79
79	0	94
94	1	79
79	0	95
95	1	79
79	0	85
85	1	79
79	0	98
98	1	79
79	0	87
87	1	79
79	0	86
86	1	79
79	0	99
99	1	79
79	0	97
97	1	79
79	0	81
81	1	79
79	0	90
90	1	79
79	0	89
89	1	79
79	0	91
91	1	79
79	0	84
84	1	79
79	0	82
82	1	79
61	0	83
83	1	61
61	0	69
69	1	61
57	0	80
80	1	57
69	0	83
83	1	69
69	0	74
74	1	69
60	0	68
68	1	60
58	0	66
66	1	58
58	0	76
76	1	58
58	0	71
71	1	58
58	0	67
67	1	58
58	0	72
72	1	58
72	0	93
93	1	72
72	0	94
94	1	72
72	0	98
98	1	72
72	0	95
95	1	72
72	0	84
84	1	72
72	0	82
82	1	72
72	0	86
86	1	72
72	0	97
97	1	72
72	0	99
99	1	72
72	0	77
77	1	72
72	0	100
100	1	72
72	0	90
90	1	72
81	0	87
87	1	81
81	0	91
91	1	81
81	0	84
84	1	81
81	0	85
85	1	81
80	0	83
83	1	80
80	0	93
93	1	80
75	0	83
83	1	75
75	0	93
93	1	75
75	0	80
80	1	75
75	0	78
78	1	75
82	0	95
95	1	82
82	0	98
98	1	82
82	0	86
86	1	82
82	0	97
97	1	82
82	0	99
99	1	82
82	0	84
84	1	82
82	0	94
94	1	82
94	0	98
98	1	94
94	0	95
95	1	94
94	0	96
96	1	94
84	0	95
95	1	84
84	0	85
85	1	84
84	0	98
98	1	84
84	0	87
87	1	84
84	0	97
97	1	84
84	0	91
91	1	84
84	0	99
99	1	84
84	0	86
86	1	84
84	0	89
89	1	84
95	0	98
98	1	95
95	0	97
97	1	95
86	0	98
98	1	86
86	0	99
99	1	86
86	0	90
90	1	86
86	0	95
95	1	86
86	0	97
97	1	86
85	0	87
87	1	85
85	0	88
88	1	85
85	0	91
91	1	85
85	0	89
89	1	85
56	0	67
67	1	56
56	0	87
87	1	56
56	0	84
84	1	56
56	0	91
91	1	56
56	0	88
88	1	56
56	0	89
89	1	56
90	0	98
98	1	90
90	0	92
92	1	90
90	0	93
93	1	90
90	0	94
94	1	90
37	0	51
51	1	37
37	0	59
59	1	37
37	0	60
60	1	37
8	0	51
51	1	8
78	0	83
83	1	78
78	0	80
80	1	78
78	0	93
93	1	78
34	0	51
51	1	34
34	0	55
55	1	34
14	0	88
88	1	14
14	0	51
51	1	14
14	0	56
56	1	14
14	0	40
40	1	14
97	0	98
98	1	97
20	0	42
42	1	20
64	0	70
70	1	64
30	0	51
51	1	30
30	0	59
59	1	30
30	0	60
60	1	30
17	0	41
41	1	17
66	0	71
71	1	66
38	0	51
51	1	38
16	0	51
51	1	16
40	0	51
51	1	40
40	0	88
88	1	40
40	0	56
56	1	40
6	0	51
51	1	6
36	0	69
69	1	36
2	0	36
36	1	2
31	0	67
67	1	31
13	0	39
39	1	13
25	0	44
44	1	25
71	0	76
76	1	71
99	0	100
100	1	99
89	0	91
91	1	89
7	0	54
54	1	7
98	0	99
99	1	98
