8	0	17
17	1	8
8	0	16
16	1	8
3	0	26
26	1	3
3	0	20
20	1	3
3	0	16
16	1	3
9	0	27
27	1	9
16	0	17
17	1	16
16	0	18
18	1	16
16	0	19
19	1	16
16	0	26
26	1	16
16	0	20
20	1	16
16	0	21
21	1	16
16	0	22
22	1	16
16	0	23
23	1	16
16	0	28
28	1	16
16	0	30
30	1	16
16	0	31
31	1	16
16	0	24
24	1	16
16	0	29
29	1	16
2	0	31
31	1	2
2	0	28
28	1	2
2	0	16
16	1	2
2	0	30
30	1	2
2	0	29
29	1	2
2	0	24
24	1	2
2	0	14
14	1	2
2	0	10
10	1	2
2	0	11
11	1	2
17	0	25
25	1	17
5	0	27
27	1	5
5	0	12
12	1	5
5	0	16
16	1	5
5	0	19
19	1	5
22	0	27
27	1	22
14	0	31
31	1	14
14	0	30
30	1	14
14	0	28
28	1	14
14	0	29
29	1	14
14	0	24
24	1	14
14	0	16
16	1	14
11	0	16
16	1	11
10	0	30
30	1	10
10	0	28
28	1	10
10	0	31
31	1	10
10	0	24
24	1	10
10	0	29
29	1	10
10	0	14
14	1	10
13	0	15
15	1	13
24	0	31
31	1	24
24	0	30
30	1	24
24	0	28
28	1	24
24	0	29
29	1	24
29	0	31
31	1	29
29	0	30
30	1	29
20	0	26
26	1	20
28	0	30
30	1	28
28	0	31
31	1	28
30	0	31
31	1	30
6	0	15
15	1	6
6	0	13
13	1	6
