2	3	0
2	4	1
2	10	2
3	87	3
3	87	4
3	72	5
3	73	6
4	69	7
5	3	8
5	4	9
5	10	10
5	9	11
6	4	12
6	10	13
6	3	14
6	9	15
7	5	14
7	14	16
8	24	17
8	24	18
8	24	19
8	15	20
8	25	21
8	16	22
9	14	23
9	14	24
10	10	25
10	3	26
11	12	3
11	13	5
12	9	27
13	11	16
13	13	28
14	16	22
14	16	29
14	25	21
15	82	23
16	14	30
16	5	31
16	6	32
17	13	33
18	5	6
18	14	33
19	24	18
19	24	34
19	24	35
19	24	36
19	26	37
19	26	38
19	15	39
19	15	1
19	15	40
19	15	12
19	15	13
19	15	11
19	15	41
19	15	42
19	15	29
19	15	9
19	16	14
19	16	0
19	16	15
19	25	21
21	10	43
21	4	44
21	9	45
22	15	46
23	11	18
23	11	47
23	11	35
23	12	14
23	13	48
23	13	49
24	11	17
24	12	29
24	12	50
24	13	51
24	13	52
25	13	53
25	12	54
26	6	55
26	6	4
26	6	5
26	5	6
27	6	56
27	14	46
28	6	57
28	6	18
29	11	58
29	13	42
30	31	21
30	20	59
30	20	60
30	20	61
30	19	19
30	23	62
31	82	63
31	83	29
31	83	64
32	23	54
32	20	65
33	13	66
33	13	56
33	11	67
34	6	57
34	14	25
35	43	37
35	6	8
35	14	11
35	14	10
35	14	39
35	5	11
36	5	68
36	6	18
37	13	58
37	12	15
38	14	59
38	14	60
38	14	61
38	6	19
38	5	62
39	27	14
40	49	69
40	49	34
41	20	65
42	6	70
43	10	71
43	9	72
44	48	8
44	41	11
45	13	73
45	13	74
46	28	18
46	71	0
47	64	34
48	13	75
48	13	76
49	13	10
49	12	11
50	13	2
51	11	18
51	12	12
51	13	13
52	6	77
53	42	57
53	46	78
55	27	18
56	28	79
57	10	80
57	3	26
