71	0	123
123	1	71
71	0	114
114	1	71
71	0	121
121	1	71
71	0	103
103	1	71
71	0	112
112	1	71
71	0	75
75	1	71
71	0	77
77	1	71
71	0	95
95	1	71
71	0	76
76	1	71
71	0	106
106	1	71
71	0	129
129	1	71
71	0	81
81	1	71
71	0	115
115	1	71
71	0	109
109	1	71
71	0	120
120	1	71
71	0	78
78	1	71
71	0	117
117	1	71
71	0	94
94	1	71
71	0	130
130	1	71
71	0	119
119	1	71
71	0	100
100	1	71
71	0	98
98	1	71
71	0	126
126	1	71
71	0	72
72	1	71
71	0	104
104	1	71
71	0	102
102	1	71
71	0	118
118	1	71
71	0	122
122	1	71
71	0	124
124	1	71
71	0	73
73	1	71
71	0	79
79	1	71
71	0	125
125	1	71
71	0	116
116	1	71
71	0	128
128	1	71
71	0	127
127	1	71
71	0	89
89	1	71
71	0	99
99	1	71
71	0	101
101	1	71
71	0	110
110	1	71
71	0	80
80	1	71
71	0	74
74	1	71
58	0	123
123	1	58
58	0	114
114	1	58
58	0	109
109	1	58
58	0	71
71	1	58
58	0	103
103	1	58
58	0	112
112	1	58
58	0	70
70	1	58
58	0	81
81	1	58
58	0	95
95	1	58
58	0	106
106	1	58
58	0	76
76	1	58
58	0	129
129	1	58
58	0	115
115	1	58
58	0	120
120	1	58
58	0	65
65	1	58
58	0	78
78	1	58
58	0	64
64	1	58
58	0	117
117	1	58
58	0	130
130	1	58
58	0	121
121	1	58
58	0	59
59	1	58
58	0	100
100	1	58
58	0	98
98	1	58
58	0	110
110	1	58
58	0	126
126	1	58
58	0	101
101	1	58
58	0	67
67	1	58
58	0	102
102	1	58
58	0	118
118	1	58
58	0	122
122	1	58
58	0	124
124	1	58
58	0	73
73	1	58
58	0	68
68	1	58
58	0	61
61	1	58
58	0	125
125	1	58
58	0	69
69	1	58
58	0	116
116	1	58
58	0	99
99	1	58
58	0	128
128	1	58
58	0	127
127	1	58
58	0	119
119	1	58
58	0	60
60	1	58
58	0	66
66	1	58
58	0	63
63	1	58
58	0	89
89	1	58
58	0	62
62	1	58
109	0	123
123	1	109
109	0	114
114	1	109
109	0	120
120	1	109
109	0	130
130	1	109
109	0	126
126	1	109
109	0	124
124	1	109
109	0	116
116	1	109
109	0	128
128	1	109
109	0	127
127	1	109
109	0	121
121	1	109
109	0	110
110	1	109
109	0	118
118	1	109
109	0	122
122	1	109
109	0	125
125	1	109
109	0	117
117	1	109
109	0	119
119	1	109
109	0	129
129	1	109
70	0	123
123	1	70
70	0	114
114	1	70
70	0	75
75	1	70
70	0	129
129	1	70
70	0	115
115	1	70
70	0	120
120	1	70
70	0	117
117	1	70
70	0	81
81	1	70
70	0	130
130	1	70
70	0	121
121	1	70
70	0	126
126	1	70
70	0	102
102	1	70
70	0	122
122	1	70
70	0	116
116	1	70
70	0	71
71	1	70
70	0	79
79	1	70
70	0	128
128	1	70
70	0	127
127	1	70
70	0	77
77	1	70
70	0	124
124	1	70
70	0	106
106	1	70
70	0	118
118	1	70
70	0	109
109	1	70
70	0	125
125	1	70
70	0	100
100	1	70
70	0	98
98	1	70
70	0	119
119	1	70
70	0	80
80	1	70
70	0	95
95	1	70
70	0	72
72	1	70
70	0	101
101	1	70
70	0	110
110	1	70
70	0	99
99	1	70
70	0	76
76	1	70
68	0	123
123	1	68
68	0	114
114	1	68
68	0	129
129	1	68
68	0	109
109	1	68
68	0	71
71	1	68
68	0	117
117	1	68
68	0	130
130	1	68
68	0	121
121	1	68
68	0	119
119	1	68
68	0	126
126	1	68
68	0	118
118	1	68
68	0	122
122	1	68
68	0	124
124	1	68
68	0	81
81	1	68
68	0	128
128	1	68
68	0	127
127	1	68
68	0	120
120	1	68
68	0	103
103	1	68
68	0	125
125	1	68
68	0	102
102	1	68
68	0	112
112	1	68
68	0	115
115	1	68
68	0	116
116	1	68
68	0	106
106	1	68
68	0	100
100	1	68
68	0	101
101	1	68
110	0	123
123	1	110
110	0	114
114	1	110
110	0	126
126	1	110
110	0	128
128	1	110
110	0	129
129	1	110
110	0	122
122	1	110
110	0	118
118	1	110
110	0	120
120	1	110
110	0	127
127	1	110
110	0	125
125	1	110
110	0	111
111	1	110
110	0	116
116	1	110
110	0	112
112	1	110
110	0	124
124	1	110
59	0	123
123	1	59
59	0	114
114	1	59
59	0	95
95	1	59
59	0	76
76	1	59
59	0	106
106	1	59
59	0	129
129	1	59
59	0	81
81	1	59
59	0	109
109	1	59
59	0	120
120	1	59
59	0	71
71	1	59
59	0	117
117	1	59
59	0	130
130	1	59
59	0	121
121	1	59
59	0	98
98	1	59
59	0	110
110	1	59
59	0	126
126	1	59
59	0	102
102	1	59
59	0	118
118	1	59
59	0	122
122	1	59
59	0	124
124	1	59
59	0	125
125	1	59
59	0	116
116	1	59
59	0	128
128	1	59
59	0	127
127	1	59
59	0	112
112	1	59
59	0	100
100	1	59
59	0	101
101	1	59
59	0	103
103	1	59
59	0	78
78	1	59
59	0	64
64	1	59
59	0	66
66	1	59
59	0	60
60	1	59
59	0	68
68	1	59
59	0	62
62	1	59
59	0	119
119	1	59
59	0	115
115	1	59
59	0	67
67	1	59
59	0	99
99	1	59
59	0	69
69	1	59
59	0	63
63	1	59
56	0	123
123	1	56
56	0	114
114	1	56
56	0	112
112	1	56
56	0	70
70	1	56
56	0	71
71	1	56
56	0	106
106	1	56
56	0	129
129	1	56
56	0	115
115	1	56
56	0	109
109	1	56
56	0	81
81	1	56
56	0	120
120	1	56
56	0	58
58	1	56
56	0	117
117	1	56
56	0	130
130	1	56
56	0	121
121	1	56
56	0	126
126	1	56
56	0	102
102	1	56
56	0	118
118	1	56
56	0	122
122	1	56
56	0	124
124	1	56
56	0	125
125	1	56
56	0	128
128	1	56
56	0	127
127	1	56
56	0	119
119	1	56
56	0	98
98	1	56
56	0	110
110	1	56
56	0	103
103	1	56
56	0	99
99	1	56
56	0	78
78	1	56
56	0	73
73	1	56
56	0	101
101	1	56
56	0	116
116	1	56
56	0	89
89	1	56
56	0	95
95	1	56
56	0	68
68	1	56
56	0	100
100	1	56
56	0	76
76	1	56
56	0	61
61	1	56
56	0	69
69	1	56
56	0	66
66	1	56
56	0	65
65	1	56
56	0	59
59	1	56
56	0	57
57	1	56
56	0	63
63	1	56
56	0	64
64	1	56
61	0	123
123	1	61
61	0	114
114	1	61
61	0	81
81	1	61
61	0	103
103	1	61
61	0	71
71	1	61
61	0	129
129	1	61
61	0	109
109	1	61
61	0	120
120	1	61
61	0	117
117	1	61
61	0	130
130	1	61
61	0	121
121	1	61
61	0	126
126	1	61
61	0	118
118	1	61
61	0	122
122	1	61
61	0	125
125	1	61
61	0	128
128	1	61
61	0	127
127	1	61
61	0	112
112	1	61
61	0	106
106	1	61
61	0	119
119	1	61
61	0	102
102	1	61
61	0	124
124	1	61
61	0	100
100	1	61
61	0	115
115	1	61
61	0	116
116	1	61
61	0	101
101	1	61
61	0	78
78	1	61
61	0	98
98	1	61
61	0	95
95	1	61
61	0	110
110	1	61
61	0	68
68	1	61
61	0	64
64	1	61
61	0	63
63	1	61
61	0	99
99	1	61
61	0	66
66	1	61
61	0	76
76	1	61
61	0	69
69	1	61
112	0	123
123	1	112
112	0	114
114	1	112
112	0	129
129	1	112
112	0	120
120	1	112
112	0	130
130	1	112
112	0	126
126	1	112
112	0	115
115	1	112
112	0	121
121	1	112
112	0	128
128	1	112
112	0	122
122	1	112
112	0	124
124	1	112
112	0	125
125	1	112
65	0	123
123	1	65
65	0	114
114	1	65
65	0	76
76	1	65
65	0	106
106	1	65
65	0	129
129	1	65
65	0	81
81	1	65
65	0	109
109	1	65
65	0	120
120	1	65
65	0	71
71	1	65
65	0	78
78	1	65
65	0	117
117	1	65
65	0	130
130	1	65
65	0	121
121	1	65
65	0	98
98	1	65
65	0	126
126	1	65
65	0	102
102	1	65
65	0	118
118	1	65
65	0	122
122	1	65
65	0	124
124	1	65
65	0	128
128	1	65
65	0	127
127	1	65
65	0	99
99	1	65
65	0	112
112	1	65
65	0	119
119	1	65
65	0	100
100	1	65
65	0	116
116	1	65
65	0	125
125	1	65
65	0	95
95	1	65
65	0	103
103	1	65
65	0	110
110	1	65
65	0	101
101	1	65
65	0	115
115	1	65
65	0	73
73	1	65
65	0	68
68	1	65
65	0	66
66	1	65
65	0	67
67	1	65
76	0	106
106	1	76
76	0	112
112	1	76
76	0	81
81	1	76
76	0	129
129	1	76
76	0	115
115	1	76
76	0	114
114	1	76
76	0	109
109	1	76
76	0	120
120	1	76
76	0	78
78	1	76
76	0	117
117	1	76
76	0	130
130	1	76
76	0	121
121	1	76
76	0	110
110	1	76
76	0	126
126	1	76
76	0	118
118	1	76
76	0	122
122	1	76
76	0	123
123	1	76
76	0	124
124	1	76
76	0	128
128	1	76
76	0	98
98	1	76
76	0	100
100	1	76
76	0	127
127	1	76
76	0	103
103	1	76
76	0	101
101	1	76
76	0	125
125	1	76
76	0	116
116	1	76
76	0	119
119	1	76
76	0	102
102	1	76
76	0	99
99	1	76
81	0	115
115	1	81
81	0	82
82	1	81
81	0	104
104	1	81
81	0	118
118	1	81
81	0	122
122	1	81
81	0	107
107	1	81
81	0	125
125	1	81
81	0	108
108	1	81
81	0	120
120	1	81
81	0	121
121	1	81
81	0	83
83	1	81
81	0	84
84	1	81
81	0	97
97	1	81
81	0	85
85	1	81
81	0	86
86	1	81
81	0	103
103	1	81
81	0	112
112	1	81
81	0	129
129	1	81
81	0	87
87	1	81
81	0	130
130	1	81
81	0	119
119	1	81
81	0	126
126	1	81
81	0	102
102	1	81
81	0	113
113	1	81
81	0	128
128	1	81
81	0	127
127	1	81
81	0	106
106	1	81
81	0	114
114	1	81
81	0	109
109	1	81
81	0	88
88	1	81
81	0	117
117	1	81
81	0	98
98	1	81
81	0	111
111	1	81
81	0	95
95	1	81
81	0	124
124	1	81
81	0	100
100	1	81
81	0	123
123	1	81
81	0	89
89	1	81
81	0	116
116	1	81
81	0	94
94	1	81
81	0	110
110	1	81
81	0	101
101	1	81
81	0	99
99	1	81
81	0	90
90	1	81
81	0	91
91	1	81
81	0	92
92	1	81
81	0	93
93	1	81
114	0	115
115	1	114
114	0	120
120	1	114
114	0	117
117	1	114
114	0	130
130	1	114
114	0	121
121	1	114
114	0	126
126	1	114
114	0	123
123	1	114
114	0	124
124	1	114
114	0	128
128	1	114
114	0	127
127	1	114
114	0	122
122	1	114
114	0	116
116	1	114
114	0	125
125	1	114
114	0	118
118	1	114
114	0	129
129	1	114
39	0	48
48	1	39
39	0	74
74	1	39
39	0	126
126	1	39
39	0	71
71	1	39
39	0	49
49	1	39
39	0	81
81	1	39
39	0	103
103	1	39
39	0	50
50	1	39
39	0	51
51	1	39
35	0	121
121	1	35
35	0	81
81	1	35
35	0	71
71	1	35
43	0	72
72	1	43
40	0	81
81	1	40
40	0	107
107	1	40
40	0	97
97	1	40
40	0	102
102	1	40
55	0	81
81	1	55
55	0	71
71	1	55
55	0	103
103	1	55
55	0	112
112	1	55
55	0	95
95	1	55
55	0	76
76	1	55
55	0	106
106	1	55
55	0	129
129	1	55
55	0	115
115	1	55
55	0	114
114	1	55
55	0	109
109	1	55
55	0	120
120	1	55
55	0	65
65	1	55
55	0	78
78	1	55
55	0	117
117	1	55
55	0	130
130	1	55
55	0	121
121	1	55
55	0	119
119	1	55
55	0	59
59	1	55
55	0	100
100	1	55
55	0	98
98	1	55
55	0	126
126	1	55
55	0	101
101	1	55
55	0	102
102	1	55
55	0	118
118	1	55
55	0	122
122	1	55
55	0	123
123	1	55
55	0	124
124	1	55
55	0	73
73	1	55
55	0	89
89	1	55
55	0	125
125	1	55
55	0	116
116	1	55
55	0	99
99	1	55
55	0	128
128	1	55
55	0	127
127	1	55
55	0	58
58	1	55
55	0	68
68	1	55
55	0	60
60	1	55
55	0	66
66	1	55
55	0	56
56	1	55
55	0	69
69	1	55
55	0	70
70	1	55
55	0	110
110	1	55
55	0	67
67	1	55
55	0	63
63	1	55
55	0	61
61	1	55
55	0	62
62	1	55
55	0	57
57	1	55
55	0	64
64	1	55
44	0	79
79	1	44
44	0	129
129	1	44
44	0	71
71	1	44
44	0	103
103	1	44
44	0	112
112	1	44
44	0	81
81	1	44
44	0	95
95	1	44
44	0	76
76	1	44
44	0	106
106	1	44
44	0	115
115	1	44
44	0	114
114	1	44
44	0	109
109	1	44
44	0	120
120	1	44
44	0	58
58	1	44
44	0	78
78	1	44
44	0	117
117	1	44
44	0	130
130	1	44
44	0	121
121	1	44
44	0	100
100	1	44
44	0	98
98	1	44
44	0	110
110	1	44
44	0	126
126	1	44
44	0	101
101	1	44
44	0	67
67	1	44
44	0	102
102	1	44
44	0	118
118	1	44
44	0	122
122	1	44
44	0	123
123	1	44
44	0	124
124	1	44
44	0	73
73	1	44
44	0	89
89	1	44
44	0	68
68	1	44
44	0	125
125	1	44
44	0	116
116	1	44
44	0	99
99	1	44
44	0	128
128	1	44
44	0	127
127	1	44
44	0	61
61	1	44
44	0	69
69	1	44
44	0	54
54	1	44
44	0	59
59	1	44
44	0	70
70	1	44
44	0	57
57	1	44
44	0	55
55	1	44
44	0	65
65	1	44
44	0	64
64	1	44
44	0	60
60	1	44
44	0	63
63	1	44
44	0	66
66	1	44
44	0	56
56	1	44
44	0	119
119	1	44
44	0	62
62	1	44
44	0	52
52	1	44
66	0	126
126	1	66
66	0	106
106	1	66
66	0	129
129	1	66
66	0	71
71	1	66
66	0	81
81	1	66
66	0	89
89	1	66
66	0	128
128	1	66
66	0	127
127	1	66
66	0	125
125	1	66
66	0	120
120	1	66
66	0	103
103	1	66
66	0	123
123	1	66
66	0	73
73	1	66
66	0	76
76	1	66
66	0	117
117	1	66
66	0	99
99	1	66
66	0	116
116	1	66
66	0	130
130	1	66
66	0	112
112	1	66
66	0	109
109	1	66
66	0	124
124	1	66
66	0	118
118	1	66
66	0	115
115	1	66
66	0	101
101	1	66
66	0	121
121	1	66
66	0	69
69	1	66
66	0	110
110	1	66
66	0	122
122	1	66
66	0	114
114	1	66
66	0	95
95	1	66
66	0	78
78	1	66
66	0	102
102	1	66
4	0	38
38	1	4
31	0	106
106	1	31
31	0	108
108	1	31
31	0	76
76	1	31
36	0	71
71	1	36
36	0	47
47	1	36
12	0	130
130	1	12
12	0	71
71	1	12
15	0	83
83	1	15
15	0	81
81	1	15
15	0	42
42	1	15
42	0	83
83	1	42
42	0	81
81	1	42
2	0	126
126	1	2
49	0	53
53	1	49
17	0	43
43	1	17
17	0	72
72	1	17
6	0	81
81	1	6
6	0	40
40	1	6
60	0	118
118	1	60
60	0	81
81	1	60
60	0	106
106	1	60
60	0	129
129	1	60
60	0	109
109	1	60
60	0	120
120	1	60
60	0	71
71	1	60
60	0	121
121	1	60
60	0	126
126	1	60
60	0	122
122	1	60
60	0	124
124	1	60
60	0	73
73	1	60
60	0	125
125	1	60
60	0	116
116	1	60
60	0	128
128	1	60
60	0	127
127	1	60
60	0	117
117	1	60
60	0	123
123	1	60
60	0	103
103	1	60
60	0	99
99	1	60
60	0	130
130	1	60
60	0	112
112	1	60
60	0	76
76	1	60
60	0	102
102	1	60
60	0	110
110	1	60
60	0	101
101	1	60
60	0	100
100	1	60
60	0	95
95	1	60
60	0	89
89	1	60
60	0	115
115	1	60
60	0	66
66	1	60
60	0	69
69	1	60
60	0	68
68	1	60
60	0	61
61	1	60
60	0	114
114	1	60
60	0	119
119	1	60
60	0	62
62	1	60
62	0	69
69	1	62
62	0	71
71	1	62
62	0	103
103	1	62
62	0	81
81	1	62
62	0	106
106	1	62
62	0	129
129	1	62
62	0	115
115	1	62
62	0	114
114	1	62
62	0	109
109	1	62
62	0	120
120	1	62
62	0	117
117	1	62
62	0	130
130	1	62
62	0	121
121	1	62
62	0	119
119	1	62
62	0	100
100	1	62
62	0	126
126	1	62
62	0	118
118	1	62
62	0	122
122	1	62
62	0	123
123	1	62
62	0	125
125	1	62
62	0	116
116	1	62
62	0	99
99	1	62
62	0	128
128	1	62
62	0	127
127	1	62
62	0	78
78	1	62
62	0	101
101	1	62
62	0	102
102	1	62
62	0	66
66	1	62
62	0	124
124	1	62
62	0	76
76	1	62
62	0	112
112	1	62
62	0	73
73	1	62
62	0	95
95	1	62
62	0	110
110	1	62
62	0	67
67	1	62
62	0	70
70	1	62
62	0	98
98	1	62
62	0	64
64	1	62
62	0	68
68	1	62
3	0	96
96	1	3
57	0	71
71	1	57
57	0	103
103	1	57
57	0	112
112	1	57
57	0	81
81	1	57
57	0	106
106	1	57
57	0	129
129	1	57
57	0	109
109	1	57
57	0	120
120	1	57
57	0	117
117	1	57
57	0	130
130	1	57
57	0	121
121	1	57
57	0	119
119	1	57
57	0	100
100	1	57
57	0	126
126	1	57
57	0	101
101	1	57
57	0	102
102	1	57
57	0	118
118	1	57
57	0	122
122	1	57
57	0	123
123	1	57
57	0	124
124	1	57
57	0	125
125	1	57
57	0	116
116	1	57
57	0	128
128	1	57
57	0	127
127	1	57
57	0	115
115	1	57
57	0	110
110	1	57
57	0	98
98	1	57
57	0	76
76	1	57
57	0	73
73	1	57
57	0	99
99	1	57
57	0	58
58	1	57
57	0	67
67	1	57
57	0	114
114	1	57
57	0	68
68	1	57
57	0	65
65	1	57
57	0	66
66	1	57
57	0	69
69	1	57
57	0	95
95	1	57
57	0	61
61	1	57
57	0	59
59	1	57
57	0	70
70	1	57
57	0	60
60	1	57
67	0	71
71	1	67
67	0	103
103	1	67
67	0	106
106	1	67
67	0	129
129	1	67
67	0	81
81	1	67
67	0	120
120	1	67
67	0	126
126	1	67
67	0	102
102	1	67
67	0	118
118	1	67
67	0	122
122	1	67
67	0	123
123	1	67
67	0	124
124	1	67
67	0	125
125	1	67
67	0	128
128	1	67
67	0	127
127	1	67
67	0	116
116	1	67
67	0	68
68	1	67
67	0	99
99	1	67
67	0	76
76	1	67
67	0	100
100	1	67
67	0	109
109	1	67
67	0	130
130	1	67
67	0	117
117	1	67
67	0	101
101	1	67
67	0	112
112	1	67
67	0	73
73	1	67
67	0	121
121	1	67
67	0	110
110	1	67
67	0	69
69	1	67
67	0	115
115	1	67
67	0	70
70	1	67
67	0	95
95	1	67
67	0	89
89	1	67
67	0	78
78	1	67
67	0	114
114	1	67
69	0	71
71	1	69
69	0	103
103	1	69
69	0	112
112	1	69
69	0	81
81	1	69
69	0	76
76	1	69
69	0	106
106	1	69
69	0	129
129	1	69
69	0	109
109	1	69
69	0	120
120	1	69
69	0	117
117	1	69
69	0	130
130	1	69
69	0	121
121	1	69
69	0	126
126	1	69
69	0	118
118	1	69
69	0	123
123	1	69
69	0	128
128	1	69
69	0	127
127	1	69
69	0	115
115	1	69
69	0	124
124	1	69
69	0	122
122	1	69
69	0	102
102	1	69
69	0	114
114	1	69
69	0	125
125	1	69
69	0	116
116	1	69
69	0	119
119	1	69
69	0	100
100	1	69
69	0	101
101	1	69
69	0	73
73	1	69
69	0	95
95	1	69
69	0	99
99	1	69
69	0	110
110	1	69
19	0	71
71	1	19
19	0	103
103	1	19
19	0	56
56	1	19
19	0	112
112	1	19
19	0	70
70	1	19
19	0	81
81	1	19
19	0	95
95	1	19
19	0	76
76	1	19
19	0	106
106	1	19
19	0	129
129	1	19
19	0	115
115	1	19
19	0	114
114	1	19
19	0	109
109	1	19
19	0	120
120	1	19
19	0	65
65	1	19
19	0	78
78	1	19
19	0	64
64	1	19
19	0	117
117	1	19
19	0	130
130	1	19
19	0	57
57	1	19
19	0	121
121	1	19
19	0	119
119	1	19
19	0	63
63	1	19
19	0	59
59	1	19
19	0	100
100	1	19
19	0	98
98	1	19
19	0	110
110	1	19
19	0	126
126	1	19
19	0	101
101	1	19
19	0	102
102	1	19
19	0	60
60	1	19
19	0	118
118	1	19
19	0	122
122	1	19
19	0	123
123	1	19
19	0	124
124	1	19
19	0	73
73	1	19
19	0	89
89	1	19
19	0	52
52	1	19
19	0	68
68	1	19
19	0	125
125	1	19
19	0	69
69	1	19
19	0	54
54	1	19
19	0	66
66	1	19
19	0	116
116	1	19
19	0	99
99	1	19
19	0	128
128	1	19
19	0	127
127	1	19
19	0	58
58	1	19
19	0	61
61	1	19
19	0	62
62	1	19
19	0	67
67	1	19
19	0	55
55	1	19
19	0	44
44	1	19
103	0	129
129	1	103
103	0	130
130	1	103
103	0	126
126	1	103
103	0	106
106	1	103
103	0	127
127	1	103
103	0	112
112	1	103
103	0	122
122	1	103
103	0	115
115	1	103
103	0	120
120	1	103
103	0	128
128	1	103
103	0	121
121	1	103
103	0	109
109	1	103
103	0	125
125	1	103
103	0	123
123	1	103
103	0	110
110	1	103
103	0	114
114	1	103
64	0	103
103	1	64
64	0	112
112	1	64
64	0	81
81	1	64
64	0	106
106	1	64
64	0	129
129	1	64
64	0	109
109	1	64
64	0	120
120	1	64
64	0	71
71	1	64
64	0	130
130	1	64
64	0	121
121	1	64
64	0	110
110	1	64
64	0	126
126	1	64
64	0	102
102	1	64
64	0	118
118	1	64
64	0	122
122	1	64
64	0	123
123	1	64
64	0	124
124	1	64
64	0	128
128	1	64
64	0	127
127	1	64
64	0	117
117	1	64
64	0	119
119	1	64
64	0	98
98	1	64
64	0	115
115	1	64
64	0	125
125	1	64
64	0	116
116	1	64
64	0	76
76	1	64
64	0	100
100	1	64
64	0	101
101	1	64
64	0	73
73	1	64
64	0	114
114	1	64
64	0	69
69	1	64
64	0	99
99	1	64
64	0	67
67	1	64
64	0	65
65	1	64
63	0	103
103	1	63
63	0	112
112	1	63
63	0	76
76	1	63
63	0	106
106	1	63
63	0	129
129	1	63
63	0	115
115	1	63
63	0	109
109	1	63
63	0	120
120	1	63
63	0	71
71	1	63
63	0	81
81	1	63
63	0	117
117	1	63
63	0	130
130	1	63
63	0	121
121	1	63
63	0	119
119	1	63
63	0	126
126	1	63
63	0	102
102	1	63
63	0	118
118	1	63
63	0	122
122	1	63
63	0	124
124	1	63
63	0	125
125	1	63
63	0	128
128	1	63
63	0	127
127	1	63
63	0	114
114	1	63
63	0	110
110	1	63
63	0	123
123	1	63
63	0	98
98	1	63
63	0	95
95	1	63
63	0	78
78	1	63
63	0	73
73	1	63
63	0	65
65	1	63
63	0	116
116	1	63
63	0	100
100	1	63
63	0	67
67	1	63
63	0	101
101	1	63
63	0	89
89	1	63
63	0	99
99	1	63
63	0	66
66	1	63
63	0	68
68	1	63
63	0	69
69	1	63
63	0	70
70	1	63
102	0	103
103	1	102
102	0	112
112	1	102
102	0	129
129	1	102
102	0	109
109	1	102
102	0	120
120	1	102
102	0	121
121	1	102
102	0	126
126	1	102
102	0	104
104	1	102
102	0	107
107	1	102
102	0	124
124	1	102
102	0	106
106	1	102
102	0	130
130	1	102
102	0	123
123	1	102
102	0	105
105	1	102
102	0	128
128	1	102
102	0	127
127	1	102
102	0	115
115	1	102
102	0	122
122	1	102
102	0	110
110	1	102
102	0	118
118	1	102
102	0	117
117	1	102
102	0	114
114	1	102
73	0	103
103	1	73
73	0	112
112	1	73
73	0	81
81	1	73
73	0	76
76	1	73
73	0	106
106	1	73
73	0	129
129	1	73
73	0	109
109	1	73
73	0	120
120	1	73
73	0	117
117	1	73
73	0	130
130	1	73
73	0	121
121	1	73
73	0	126
126	1	73
73	0	118
118	1	73
73	0	123
123	1	73
73	0	124
124	1	73
73	0	128
128	1	73
73	0	127
127	1	73
73	0	101
101	1	73
73	0	100
100	1	73
73	0	115
115	1	73
73	0	122
122	1	73
73	0	110
110	1	73
73	0	114
114	1	73
73	0	116
116	1	73
73	0	99
99	1	73
73	0	125
125	1	73
73	0	102
102	1	73
73	0	95
95	1	73
52	0	103
103	1	52
52	0	112
112	1	52
52	0	76
76	1	52
52	0	106
106	1	52
52	0	129
129	1	52
52	0	109
109	1	52
52	0	120
120	1	52
52	0	71
71	1	52
52	0	78
78	1	52
52	0	117
117	1	52
52	0	130
130	1	52
52	0	121
121	1	52
52	0	59
59	1	52
52	0	126
126	1	52
52	0	81
81	1	52
52	0	118
118	1	52
52	0	123
123	1	52
52	0	124
124	1	52
52	0	125
125	1	52
52	0	128
128	1	52
52	0	127
127	1	52
52	0	95
95	1	52
52	0	115
115	1	52
52	0	102
102	1	52
52	0	116
116	1	52
52	0	122
122	1	52
52	0	99
99	1	52
52	0	119
119	1	52
52	0	68
68	1	52
52	0	110
110	1	52
52	0	73
73	1	52
52	0	61
61	1	52
52	0	114
114	1	52
52	0	58
58	1	52
52	0	100
100	1	52
52	0	65
65	1	52
52	0	70
70	1	52
52	0	69
69	1	52
52	0	54
54	1	52
52	0	101
101	1	52
52	0	62
62	1	52
52	0	66
66	1	52
52	0	60
60	1	52
54	0	103
103	1	54
54	0	112
112	1	54
54	0	71
71	1	54
54	0	76
76	1	54
54	0	106
106	1	54
54	0	129
129	1	54
54	0	115
115	1	54
54	0	114
114	1	54
54	0	81
81	1	54
54	0	109
109	1	54
54	0	120
120	1	54
54	0	78
78	1	54
54	0	117
117	1	54
54	0	130
130	1	54
54	0	121
121	1	54
54	0	119
119	1	54
54	0	59
59	1	54
54	0	100
100	1	54
54	0	98
98	1	54
54	0	126
126	1	54
54	0	101
101	1	54
54	0	102
102	1	54
54	0	118
118	1	54
54	0	122
122	1	54
54	0	123
123	1	54
54	0	125
125	1	54
54	0	99
99	1	54
54	0	128
128	1	54
54	0	127
127	1	54
54	0	95
95	1	54
54	0	124
124	1	54
54	0	116
116	1	54
54	0	58
58	1	54
54	0	65
65	1	54
54	0	66
66	1	54
54	0	70
70	1	54
54	0	55
55	1	54
54	0	64
64	1	54
54	0	73
73	1	54
54	0	69
69	1	54
54	0	110
110	1	54
54	0	68
68	1	54
54	0	67
67	1	54
54	0	62
62	1	54
54	0	63
63	1	54
54	0	89
89	1	54
54	0	57
57	1	54
54	0	56
56	1	54
50	0	75
75	1	50
50	0	71
71	1	50
50	0	77
77	1	50
50	0	79
79	1	50
50	0	127
127	1	50
50	0	72
72	1	50
50	0	70
70	1	50
50	0	103
103	1	50
78	0	112
112	1	78
78	0	81
81	1	78
78	0	129
129	1	78
78	0	109
109	1	78
78	0	120
120	1	78
78	0	117
117	1	78
78	0	130
130	1	78
78	0	121
121	1	78
78	0	110
110	1	78
78	0	126
126	1	78
78	0	102
102	1	78
78	0	122
122	1	78
78	0	123
123	1	78
78	0	128
128	1	78
78	0	127
127	1	78
78	0	116
116	1	78
78	0	99
99	1	78
78	0	101
101	1	78
78	0	124
124	1	78
78	0	98
98	1	78
78	0	119
119	1	78
78	0	100
100	1	78
78	0	118
118	1	78
78	0	125
125	1	78
78	0	103
103	1	78
8	0	81
81	1	8
8	0	111
111	1	8
8	0	113
113	1	8
8	0	41
41	1	8
16	0	81
81	1	16
16	0	88
88	1	16
41	0	81
81	1	41
41	0	83
83	1	41
41	0	111
111	1	41
41	0	113
113	1	41
77	0	79
79	1	77
77	0	127
127	1	77
77	0	80
80	1	77
5	0	81
81	1	5
5	0	39
39	1	5
95	0	106
106	1	95
95	0	129
129	1	95
95	0	115
115	1	95
95	0	114
114	1	95
95	0	109
109	1	95
95	0	120
120	1	95
95	0	117
117	1	95
95	0	130
130	1	95
95	0	121
121	1	95
95	0	126
126	1	95
95	0	118
118	1	95
95	0	122
122	1	95
95	0	123
123	1	95
95	0	124
124	1	95
95	0	128
128	1	95
95	0	102
102	1	95
95	0	127
127	1	95
95	0	112
112	1	95
95	0	103
103	1	95
95	0	119
119	1	95
95	0	125
125	1	95
95	0	100
100	1	95
95	0	101
101	1	95
95	0	116
116	1	95
95	0	110
110	1	95
95	0	98
98	1	95
106	0	129
129	1	106
106	0	115
115	1	106
106	0	117
117	1	106
106	0	130
130	1	106
106	0	120
120	1	106
106	0	126
126	1	106
106	0	108
108	1	106
106	0	121
121	1	106
106	0	109
109	1	106
106	0	128
128	1	106
106	0	118
118	1	106
106	0	112
112	1	106
106	0	124
124	1	106
106	0	123
123	1	106
106	0	122
122	1	106
106	0	114
114	1	106
100	0	129
129	1	100
100	0	126
126	1	100
100	0	122
122	1	100
100	0	124
124	1	100
100	0	125
125	1	100
100	0	128
128	1	100
100	0	127
127	1	100
100	0	109
109	1	100
100	0	102
102	1	100
100	0	118
118	1	100
100	0	123
123	1	100
100	0	130
130	1	100
100	0	120
120	1	100
100	0	103
103	1	100
100	0	121
121	1	100
100	0	119
119	1	100
100	0	110
110	1	100
100	0	101
101	1	100
100	0	115
115	1	100
101	0	129
129	1	101
101	0	130
130	1	101
101	0	126
126	1	101
101	0	102
102	1	101
101	0	122
122	1	101
101	0	124
124	1	101
101	0	125
125	1	101
101	0	128
128	1	101
101	0	127
127	1	101
101	0	109
109	1	101
101	0	120
120	1	101
101	0	112
112	1	101
101	0	123
123	1	101
101	0	118
118	1	101
101	0	103
103	1	101
101	0	115
115	1	101
101	0	121
121	1	101
101	0	106
106	1	101
101	0	117
117	1	101
101	0	116
116	1	101
89	0	129
129	1	89
89	0	126
126	1	89
89	0	116
116	1	89
89	0	99
99	1	89
89	0	128
128	1	89
89	0	127
127	1	89
89	0	112
112	1	89
89	0	120
120	1	89
89	0	130
130	1	89
89	0	103
103	1	89
89	0	100
100	1	89
89	0	106
106	1	89
89	0	121
121	1	89
89	0	109
109	1	89
89	0	117
117	1	89
89	0	125
125	1	89
89	0	119
119	1	89
89	0	115
115	1	89
89	0	98
98	1	89
89	0	118
118	1	89
89	0	122
122	1	89
89	0	102
102	1	89
89	0	114
114	1	89
89	0	101
101	1	89
89	0	124
124	1	89
89	0	95
95	1	89
116	0	129
129	1	116
116	0	128
128	1	116
116	0	127
127	1	116
116	0	130
130	1	116
116	0	120
120	1	116
116	0	118
118	1	116
116	0	122
122	1	116
116	0	126
126	1	116
116	0	117
117	1	116
116	0	121
121	1	116
116	0	124
124	1	116
116	0	125
125	1	116
27	0	71
71	1	27
117	0	130
130	1	117
117	0	121
121	1	117
117	0	126
126	1	117
117	0	118
118	1	117
117	0	122
122	1	117
117	0	123
123	1	117
117	0	124
124	1	117
117	0	128
128	1	117
117	0	127
127	1	117
117	0	129
129	1	117
117	0	125
125	1	117
117	0	119
119	1	117
117	0	120
120	1	117
99	0	117
117	1	99
99	0	128
128	1	99
99	0	127
127	1	99
99	0	129
129	1	99
99	0	109
109	1	99
99	0	126
126	1	99
99	0	120
120	1	99
99	0	130
130	1	99
99	0	121
121	1	99
99	0	112
112	1	99
99	0	123
123	1	99
99	0	103
103	1	99
99	0	102
102	1	99
99	0	100
100	1	99
99	0	125
125	1	99
99	0	115
115	1	99
99	0	122
122	1	99
99	0	124
124	1	99
99	0	116
116	1	99
94	0	107
107	1	94
94	0	104
104	1	94
94	0	102
102	1	94
94	0	117
117	1	94
94	0	97
97	1	94
84	0	104
104	1	84
84	0	102
102	1	84
84	0	107
107	1	84
84	0	94
94	1	84
84	0	97
97	1	84
98	0	110
110	1	98
98	0	126
126	1	98
98	0	102
102	1	98
98	0	118
118	1	98
98	0	122
122	1	98
98	0	123
123	1	98
98	0	124
124	1	98
98	0	125
125	1	98
98	0	128
128	1	98
98	0	127
127	1	98
98	0	129
129	1	98
98	0	99
99	1	98
98	0	120
120	1	98
98	0	109
109	1	98
98	0	116
116	1	98
98	0	101
101	1	98
98	0	130
130	1	98
98	0	103
103	1	98
98	0	121
121	1	98
111	0	113
113	1	111
72	0	79
79	1	72
72	0	127
127	1	72
72	0	75
75	1	72
72	0	77
77	1	72
97	0	104
104	1	97
97	0	107
107	1	97
97	0	102
102	1	97
104	0	107
107	1	104
118	0	122
122	1	118
118	0	124
124	1	118
118	0	126
126	1	118
118	0	128
128	1	118
118	0	127
127	1	118
118	0	125
125	1	118
118	0	123
123	1	118
122	0	126
126	1	122
122	0	124
124	1	122
122	0	123
123	1	122
122	0	128
128	1	122
122	0	127
127	1	122
122	0	129
129	1	122
122	0	125
125	1	122
123	0	126
126	1	123
123	0	127
127	1	123
123	0	128
128	1	123
123	0	124
124	1	123
123	0	125
125	1	123
123	0	129
129	1	123
115	0	120
120	1	115
115	0	130
130	1	115
115	0	126
126	1	115
115	0	121
121	1	115
115	0	123
123	1	115
115	0	117
117	1	115
115	0	128
128	1	115
115	0	127
127	1	115
115	0	129
129	1	115
115	0	124
124	1	115
115	0	122
122	1	115
121	0	126
126	1	121
121	0	128
128	1	121
121	0	122
122	1	121
121	0	124
124	1	121
121	0	123
123	1	121
21	0	81
81	1	21
125	0	128
128	1	125
125	0	127
127	1	125
125	0	126
126	1	125
125	0	129
129	1	125
33	0	71
71	1	33
33	0	47
47	1	33
124	0	128
128	1	124
124	0	129
129	1	124
124	0	126
126	1	124
124	0	130
130	1	124
124	0	127
127	1	124
126	0	128
128	1	126
126	0	127
127	1	126
126	0	129
129	1	126
126	0	130
130	1	126
119	0	126
126	1	119
119	0	128
128	1	119
120	0	126
126	1	120
120	0	130
130	1	120
120	0	121
121	1	120
120	0	128
128	1	120
92	0	96
96	1	92
129	0	130
130	1	129
23	0	45
45	1	23
48	0	74
74	1	48
127	0	128
128	1	127
127	0	129
129	1	127
75	0	77
77	1	75
26	0	81
81	1	26
34	0	46
46	1	34
