2	10	0
2	9	1
2	18	2
3	14	3
3	5	4
3	6	5
4	14	6
4	6	7
5	96	8
6	70	9
7	6	10
7	14	11
7	5	12
7	5	13
8	10	14
8	3	15
9	6	16
9	14	17
10	46	18
10	42	19
10	48	20
11	18	21
11	9	22
12	10	23
12	9	24
13	18	25
13	9	24
14	2	26
15	4	27
15	10	28
15	9	29
17	36	30
18	13	10
18	13	31
18	11	10
18	12	11
19	10	32
19	10	33
19	9	34
19	9	13
20	28	16
21	10	23
21	9	13
21	18	23
22	34	35
23	57	30
24	10	32
25	11	25
25	13	2
25	13	25
25	13	36
25	13	28
25	12	24
25	12	37
26	18	38
26	3	13
27	49	2
28	25	39
28	25	40
28	25	41
28	25	42
28	25	43
28	25	44
28	16	45
28	16	46
28	16	47
28	16	48
28	16	8
28	16	49
28	16	50
28	16	51
28	16	52
28	16	53
28	16	34
28	24	2
28	24	54
28	24	16
28	24	55
28	26	41
28	26	42
28	15	56
28	15	57
28	15	32
28	15	58
28	15	59
28	15	2
28	15	29
28	15	60
28	15	1
28	15	24
28	15	37
28	15	61
29	20	62
30	36	63
30	37	64
31	11	28
31	13	32
34	11	16
34	13	65
34	13	66
34	13	67
34	13	68
35	10	32
35	9	13
36	34	69
36	34	61
37	34	61
38	14	70
38	5	48
39	34	59
40	10	71
40	18	25
40	9	46
41	13	72
41	13	73
41	11	25
42	11	16
42	13	74
43	2	75
44	2	76
45	13	77
46	10	62
46	9	78
47	11	28
47	13	79
48	6	16
48	14	47
48	5	47
49	18	80
49	10	81
49	9	34
50	10	82
50	9	8
52	4	83
52	4	84
52	4	85
52	9	1
52	9	46
52	10	0
53	28	86
54	49	87
54	49	25
55	28	16
56	13	88
57	34	89
58	52	90
58	53	78
59	18	80
59	9	34
59	10	91
59	3	92
60	18	93
60	4	84
60	9	1
61	9	1
62	6	23
62	14	16
63	6	94
64	13	95
64	13	96
64	13	87
64	13	97
64	13	93
64	13	98
64	13	56
64	13	71
64	12	60
64	12	52
64	12	46
64	12	99
64	11	2
64	11	25
64	11	36
65	4	100
65	9	1
67	37	64
67	36	63
67	36	23
68	32	101
68	32	102
69	27	103
69	27	104
69	27	105
69	27	106
70	11	2
70	12	1
70	13	0
70	13	107
71	2	108
71	2	50
71	104	50
72	14	109
72	5	46
73	10	93
73	9	110
74	10	111
74	9	22
75	10	112
75	4	84
76	87	98
76	72	93
77	49	93
77	49	98
78	18	93
78	9	52
