301	0	308
308	1	301
301	0	305
305	1	301
301	0	307
307	1	301
301	0	585
585	1	301
301	0	623
623	1	301
301	0	527
527	1	301
301	0	596
596	1	301
301	0	587
587	1	301
301	0	540
540	1	301
301	0	566
566	1	301
301	0	302
302	1	301
301	0	543
543	1	301
301	0	303
303	1	301
301	0	304
304	1	301
542	0	564
564	1	542
302	0	308
308	1	302
302	0	305
305	1	302
302	0	307
307	1	302
302	0	623
623	1	302
302	0	587
587	1	302
302	0	596
596	1	302
302	0	356
356	1	302
302	0	470
470	1	302
302	0	507
507	1	302
302	0	410
410	1	302
302	0	387
387	1	302
302	0	566
566	1	302
302	0	392
392	1	302
302	0	543
543	1	302
357	0	456
456	1	357
357	0	500
500	1	357
357	0	457
457	1	357
297	0	308
308	1	297
297	0	368
368	1	297
297	0	584
584	1	297
297	0	527
527	1	297
297	0	299
299	1	297
297	0	300
300	1	297
297	0	573
573	1	297
297	0	500
500	1	297
241	0	308
308	1	241
293	0	308
308	1	293
293	0	297
297	1	293
293	0	294
294	1	293
293	0	300
300	1	293
293	0	295
295	1	293
293	0	296
296	1	293
293	0	368
368	1	293
293	0	527
527	1	293
237	0	308
308	1	237
42	0	308
308	1	42
42	0	573
573	1	42
42	0	648
648	1	42
42	0	581
581	1	42
42	0	540
540	1	42
42	0	527
527	1	42
254	0	308
308	1	254
254	0	623
623	1	254
254	0	468
468	1	254
254	0	505
505	1	254
254	0	278
278	1	254
305	0	308
308	1	305
305	0	483
483	1	305
305	0	596
596	1	305
305	0	587
587	1	305
305	0	431
431	1	305
305	0	307
307	1	305
305	0	566
566	1	305
305	0	543
543	1	305
305	0	611
611	1	305
277	0	308
308	1	277
74	0	308
308	1	74
74	0	623
623	1	74
74	0	391
391	1	74
74	0	301
301	1	74
74	0	209
209	1	74
74	0	210
210	1	74
74	0	211
211	1	74
294	0	308
308	1	294
294	0	368
368	1	294
304	0	308
308	1	304
304	0	306
306	1	304
304	0	656
656	1	304
300	0	308
308	1	300
300	0	368
368	1	300
300	0	584
584	1	300
300	0	500
500	1	300
295	0	308
308	1	295
295	0	368
368	1	295
295	0	527
527	1	295
295	0	297
297	1	295
295	0	296
296	1	295
122	0	308
308	1	122
122	0	648
648	1	122
122	0	623
623	1	122
122	0	587
587	1	122
122	0	595
595	1	122
122	0	285
285	1	122
122	0	635
635	1	122
122	0	527
527	1	122
122	0	268
268	1	122
122	0	227
227	1	122
307	0	308
308	1	307
307	0	582
582	1	307
307	0	587
587	1	307
213	0	308
308	1	213
213	0	306
306	1	213
213	0	628
628	1	213
143	0	308
308	1	143
143	0	237
237	1	143
296	0	308
308	1	296
296	0	368
368	1	296
296	0	297
297	1	296
296	0	527
527	1	296
296	0	298
298	1	296
296	0	301
301	1	296
227	0	308
308	1	227
227	0	648
648	1	227
227	0	623
623	1	227
227	0	587
587	1	227
227	0	595
595	1	227
227	0	285
285	1	227
227	0	635
635	1	227
227	0	268
268	1	227
227	0	572
572	1	227
227	0	527
527	1	227
101	0	218
218	1	101
101	0	527
527	1	101
101	0	623
623	1	101
152	0	623
623	1	152
501	0	523
523	1	501
461	0	523
523	1	461
461	0	501
501	1	461
239	0	308
308	1	239
239	0	623
623	1	239
308	0	309
309	1	308
308	0	446
446	1	308
308	0	462
462	1	308
308	0	492
492	1	308
308	0	310
310	1	308
308	0	623
623	1	308
308	0	587
587	1	308
308	0	605
605	1	308
308	0	311
311	1	308
308	0	454
454	1	308
308	0	527
527	1	308
308	0	658
658	1	308
308	0	656
656	1	308
308	0	312
312	1	308
308	0	648
648	1	308
308	0	512
512	1	308
308	0	313
313	1	308
308	0	573
573	1	308
308	0	474
474	1	308
308	0	314
314	1	308
308	0	315
315	1	308
308	0	316
316	1	308
308	0	579
579	1	308
308	0	481
481	1	308
308	0	317
317	1	308
308	0	318
318	1	308
308	0	319
319	1	308
308	0	320
320	1	308
308	0	321
321	1	308
308	0	507
507	1	308
308	0	621
621	1	308
308	0	322
322	1	308
308	0	478
478	1	308
308	0	323
323	1	308
308	0	626
626	1	308
308	0	662
662	1	308
308	0	664
664	1	308
308	0	324
324	1	308
308	0	666
666	1	308
308	0	325
325	1	308
308	0	448
448	1	308
308	0	519
519	1	308
308	0	326
326	1	308
308	0	327
327	1	308
308	0	449
449	1	308
308	0	497
497	1	308
308	0	496
496	1	308
308	0	328
328	1	308
308	0	520
520	1	308
308	0	490
490	1	308
308	0	577
577	1	308
308	0	549
549	1	308
308	0	571
571	1	308
308	0	329
329	1	308
308	0	450
450	1	308
308	0	540
540	1	308
308	0	330
330	1	308
308	0	331
331	1	308
308	0	643
643	1	308
308	0	332
332	1	308
308	0	596
596	1	308
308	0	513
513	1	308
308	0	640
640	1	308
308	0	585
585	1	308
308	0	333
333	1	308
308	0	628
628	1	308
308	0	334
334	1	308
308	0	335
335	1	308
308	0	629
629	1	308
308	0	336
336	1	308
308	0	337
337	1	308
308	0	338
338	1	308
308	0	661
661	1	308
308	0	339
339	1	308
308	0	501
501	1	308
308	0	523
523	1	308
308	0	461
461	1	308
308	0	340
340	1	308
308	0	341
341	1	308
308	0	451
451	1	308
308	0	533
533	1	308
308	0	342
342	1	308
308	0	452
452	1	308
308	0	343
343	1	308
308	0	453
453	1	308
308	0	344
344	1	308
308	0	484
484	1	308
308	0	569
569	1	308
308	0	613
613	1	308
308	0	345
345	1	308
308	0	346
346	1	308
308	0	347
347	1	308
308	0	348
348	1	308
308	0	349
349	1	308
308	0	350
350	1	308
308	0	570
570	1	308
308	0	646
646	1	308
308	0	636
636	1	308
308	0	659
659	1	308
308	0	638
638	1	308
308	0	530
530	1	308
308	0	526
526	1	308
308	0	503
503	1	308
308	0	465
465	1	308
308	0	351
351	1	308
308	0	352
352	1	308
308	0	353
353	1	308
308	0	354
354	1	308
308	0	466
466	1	308
308	0	355
355	1	308
308	0	637
637	1	308
308	0	356
356	1	308
308	0	529
529	1	308
308	0	535
535	1	308
308	0	357
357	1	308
308	0	358
358	1	308
308	0	603
603	1	308
308	0	359
359	1	308
308	0	360
360	1	308
308	0	495
495	1	308
308	0	361
361	1	308
308	0	521
521	1	308
308	0	532
532	1	308
308	0	660
660	1	308
308	0	362
362	1	308
308	0	458
458	1	308
308	0	472
472	1	308
308	0	363
363	1	308
308	0	498
498	1	308
308	0	364
364	1	308
308	0	591
591	1	308
308	0	627
627	1	308
308	0	365
365	1	308
308	0	578
578	1	308
308	0	653
653	1	308
308	0	612
612	1	308
308	0	483
483	1	308
308	0	582
582	1	308
308	0	366
366	1	308
308	0	575
575	1	308
308	0	367
367	1	308
308	0	592
592	1	308
308	0	630
630	1	308
308	0	368
368	1	308
308	0	369
369	1	308
308	0	370
370	1	308
308	0	371
371	1	308
308	0	555
555	1	308
308	0	610
610	1	308
308	0	372
372	1	308
308	0	373
373	1	308
308	0	374
374	1	308
308	0	464
464	1	308
308	0	524
524	1	308
308	0	375
375	1	308
308	0	376
376	1	308
308	0	525
525	1	308
308	0	493
493	1	308
308	0	463
463	1	308
308	0	377
377	1	308
308	0	542
542	1	308
308	0	378
378	1	308
308	0	379
379	1	308
308	0	380
380	1	308
308	0	381
381	1	308
308	0	382
382	1	308
308	0	383
383	1	308
308	0	384
384	1	308
308	0	385
385	1	308
308	0	647
647	1	308
308	0	467
467	1	308
308	0	386
386	1	308
308	0	387
387	1	308
308	0	500
500	1	308
308	0	388
388	1	308
308	0	584
584	1	308
308	0	468
468	1	308
308	0	389
389	1	308
308	0	505
505	1	308
308	0	390
390	1	308
308	0	470
470	1	308
308	0	391
391	1	308
308	0	392
392	1	308
308	0	393
393	1	308
308	0	514
514	1	308
308	0	609
609	1	308
308	0	618
618	1	308
308	0	394
394	1	308
308	0	395
395	1	308
308	0	396
396	1	308
308	0	397
397	1	308
308	0	598
598	1	308
308	0	608
608	1	308
308	0	398
398	1	308
308	0	581
581	1	308
308	0	595
595	1	308
308	0	651
651	1	308
308	0	635
635	1	308
308	0	602
602	1	308
308	0	539
539	1	308
308	0	560
560	1	308
308	0	399
399	1	308
308	0	400
400	1	308
308	0	401
401	1	308
308	0	518
518	1	308
308	0	473
473	1	308
308	0	402
402	1	308
308	0	477
477	1	308
308	0	403
403	1	308
308	0	475
475	1	308
308	0	588
588	1	308
308	0	404
404	1	308
308	0	476
476	1	308
308	0	405
405	1	308
308	0	551
551	1	308
308	0	406
406	1	308
308	0	550
550	1	308
308	0	407
407	1	308
308	0	482
482	1	308
308	0	408
408	1	308
308	0	508
508	1	308
308	0	409
409	1	308
308	0	410
410	1	308
308	0	566
566	1	308
308	0	543
543	1	308
308	0	559
559	1	308
308	0	604
604	1	308
308	0	611
611	1	308
308	0	411
411	1	308
308	0	567
567	1	308
308	0	544
544	1	308
308	0	457
457	1	308
308	0	412
412	1	308
308	0	509
509	1	308
308	0	600
600	1	308
308	0	413
413	1	308
308	0	414
414	1	308
308	0	487
487	1	308
308	0	415
415	1	308
308	0	416
416	1	308
308	0	417
417	1	308
308	0	418
418	1	308
308	0	419
419	1	308
308	0	420
420	1	308
308	0	421
421	1	308
308	0	469
469	1	308
308	0	502
502	1	308
308	0	422
422	1	308
308	0	423
423	1	308
308	0	485
485	1	308
308	0	486
486	1	308
308	0	424
424	1	308
308	0	425
425	1	308
308	0	554
554	1	308
308	0	426
426	1	308
308	0	601
601	1	308
308	0	427
427	1	308
308	0	479
479	1	308
308	0	428
428	1	308
308	0	429
429	1	308
308	0	430
430	1	308
308	0	564
564	1	308
308	0	488
488	1	308
308	0	556
556	1	308
308	0	431
431	1	308
308	0	432
432	1	308
308	0	515
515	1	308
308	0	506
506	1	308
308	0	433
433	1	308
308	0	434
434	1	308
308	0	435
435	1	308
308	0	436
436	1	308
308	0	437
437	1	308
308	0	438
438	1	308
308	0	439
439	1	308
308	0	440
440	1	308
308	0	441
441	1	308
308	0	442
442	1	308
308	0	443
443	1	308
308	0	444
444	1	308
308	0	445
445	1	308
55	0	308
308	1	55
55	0	446
446	1	55
55	0	376
376	1	55
55	0	533
533	1	55
55	0	375
375	1	55
55	0	202
202	1	55
55	0	306
306	1	55
202	0	446
446	1	202
202	0	533
533	1	202
202	0	376
376	1	202
202	0	308
308	1	202
202	0	375
375	1	202
202	0	306
306	1	202
181	0	464
464	1	181
181	0	376
376	1	181
181	0	308
308	1	181
181	0	446
446	1	181
181	0	375
375	1	181
181	0	306
306	1	181
153	0	240
240	1	153
19	0	190
190	1	19
19	0	277
277	1	19
19	0	409
409	1	19
19	0	253
253	1	19
19	0	191
191	1	19
141	0	236
236	1	141
141	0	527
527	1	141
141	0	569
569	1	141
141	0	547
547	1	141
75	0	308
308	1	75
26	0	195
195	1	26
26	0	623
623	1	26
16	0	188
188	1	16
16	0	189
189	1	16
16	0	308
308	1	16
557	0	649
649	1	557
557	0	650
650	1	557
557	0	642
642	1	557
557	0	623
623	1	557
642	0	649
649	1	642
642	0	650
650	1	642
8	0	633
633	1	8
8	0	634
634	1	8
8	0	510
510	1	8
8	0	614
614	1	8
8	0	573
573	1	8
8	0	605
605	1	8
15	0	435
435	1	15
15	0	485
485	1	15
15	0	436
436	1	15
15	0	486
486	1	15
15	0	308
308	1	15
15	0	187
187	1	15
605	0	613
613	1	605
605	0	632
632	1	605
605	0	614
614	1	605
605	0	658
658	1	605
605	0	615
615	1	605
605	0	656
656	1	605
605	0	645
645	1	605
345	0	623
623	1	345
345	0	573
573	1	345
349	0	454
454	1	349
94	0	527
527	1	94
94	0	623
623	1	94
94	0	308
308	1	94
636	0	646
646	1	636
84	0	540
540	1	84
84	0	298
298	1	84
247	0	308
308	1	247
247	0	321
321	1	247
247	0	573
573	1	247
247	0	512
512	1	247
247	0	482
482	1	247
247	0	430
430	1	247
166	0	321
321	1	166
166	0	573
573	1	166
166	0	308
308	1	166
166	0	512
512	1	166
166	0	482
482	1	166
166	0	247
247	1	166
166	0	430
430	1	166
658	0	659
659	1	658
658	0	660
660	1	658
658	0	661
661	1	658
658	0	663
663	1	658
658	0	662
662	1	658
658	0	666
666	1	658
599	0	668
668	1	599
665	0	668
668	1	665
665	0	667
667	1	665
667	0	668
668	1	667
125	0	308
308	1	125
125	0	313
313	1	125
125	0	230
230	1	125
230	0	308
308	1	230
230	0	313
313	1	230
230	0	623
623	1	230
543	0	565
565	1	543
543	0	616
616	1	543
543	0	575
575	1	543
543	0	585
585	1	543
543	0	620
620	1	543
543	0	596
596	1	543
543	0	587
587	1	543
543	0	606
606	1	543
543	0	566
566	1	543
176	0	638
638	1	176
176	0	623
623	1	176
176	0	308
308	1	176
587	0	605
605	1	587
587	0	588
588	1	587
587	0	621
621	1	587
587	0	619
619	1	587
587	0	668
668	1	587
587	0	623
623	1	587
587	0	589
589	1	587
587	0	632
632	1	587
587	0	615
615	1	587
587	0	590
590	1	587
587	0	658
658	1	587
587	0	591
591	1	587
587	0	612
612	1	587
587	0	592
592	1	587
587	0	593
593	1	587
587	0	656
656	1	587
587	0	648
648	1	587
587	0	594
594	1	587
587	0	645
645	1	587
587	0	654
654	1	587
587	0	652
652	1	587
587	0	657
657	1	587
587	0	655
655	1	587
587	0	595
595	1	587
587	0	635
635	1	587
587	0	596
596	1	587
587	0	661
661	1	587
587	0	597
597	1	587
587	0	617
617	1	587
587	0	598
598	1	587
587	0	610
610	1	587
587	0	607
607	1	587
587	0	667
667	1	587
587	0	639
639	1	587
587	0	599
599	1	587
587	0	665
665	1	587
587	0	618
618	1	587
587	0	600
600	1	587
587	0	609
609	1	587
587	0	601
601	1	587
587	0	602
602	1	587
587	0	603
603	1	587
587	0	604
604	1	587
515	0	658
658	1	515
515	0	656
656	1	515
515	0	529
529	1	515
515	0	573
573	1	515
515	0	645
645	1	515
515	0	615
615	1	515
515	0	605
605	1	515
515	0	632
632	1	515
515	0	530
530	1	515
515	0	588
588	1	515
645	0	658
658	1	645
645	0	656
656	1	645
503	0	526
526	1	503
465	0	526
526	1	465
465	0	503
503	1	465
204	0	308
308	1	204
204	0	402
402	1	204
204	0	474
474	1	204
204	0	258
258	1	204
204	0	281
281	1	204
57	0	308
308	1	57
57	0	474
474	1	57
57	0	402
402	1	57
57	0	204
204	1	57
527	0	534
534	1	527
527	0	535
535	1	527
527	0	623
623	1	527
527	0	581
581	1	527
527	0	573
573	1	527
527	0	536
536	1	527
527	0	537
537	1	527
527	0	649
649	1	527
527	0	633
633	1	527
527	0	650
650	1	527
527	0	634
634	1	527
527	0	538
538	1	527
527	0	577
577	1	527
527	0	587
587	1	527
527	0	648
648	1	527
527	0	572
572	1	527
527	0	539
539	1	527
527	0	540
540	1	527
527	0	541
541	1	527
527	0	569
569	1	527
527	0	570
570	1	527
527	0	542
542	1	527
527	0	543
543	1	527
527	0	616
616	1	527
527	0	595
595	1	527
527	0	544
544	1	527
527	0	635
635	1	527
527	0	642
642	1	527
527	0	666
666	1	527
527	0	564
564	1	527
527	0	545
545	1	527
527	0	614
614	1	527
527	0	546
546	1	527
527	0	620
620	1	527
527	0	571
571	1	527
527	0	547
547	1	527
527	0	548
548	1	527
527	0	560
560	1	527
527	0	563
563	1	527
527	0	549
549	1	527
527	0	550
550	1	527
527	0	551
551	1	527
527	0	552
552	1	527
527	0	553
553	1	527
527	0	606
606	1	527
527	0	554
554	1	527
527	0	664
664	1	527
527	0	555
555	1	527
527	0	556
556	1	527
527	0	557
557	1	527
527	0	558
558	1	527
527	0	611
611	1	527
527	0	662
662	1	527
527	0	559
559	1	527
623	0	624
624	1	623
623	0	651
651	1	623
623	0	625
625	1	623
623	0	644
644	1	623
623	0	626
626	1	623
623	0	627
627	1	623
623	0	648
648	1	623
623	0	628
628	1	623
623	0	629
629	1	623
623	0	630
630	1	623
623	0	631
631	1	623
623	0	646
646	1	623
623	0	632
632	1	623
623	0	633
633	1	623
623	0	634
634	1	623
623	0	635
635	1	623
623	0	636
636	1	623
623	0	637
637	1	623
623	0	638
638	1	623
623	0	639
639	1	623
623	0	649
649	1	623
623	0	650
650	1	623
623	0	640
640	1	623
623	0	641
641	1	623
623	0	642
642	1	623
623	0	643
643	1	623
136	0	308
308	1	136
114	0	266
266	1	114
114	0	222
222	1	114
219	0	265
265	1	219
219	0	308
308	1	219
110	0	314
314	1	110
110	0	484
484	1	110
110	0	308
308	1	110
46	0	538
538	1	46
46	0	527
527	1	46
46	0	200
200	1	46
200	0	538
538	1	200
200	0	527
527	1	200
157	0	385
385	1	157
157	0	308
308	1	157
157	0	647
647	1	157
157	0	241
241	1	157
145	0	504
504	1	145
145	0	467
467	1	145
91	0	308
308	1	91
91	0	587
587	1	91
91	0	387
387	1	91
191	0	308
308	1	191
191	0	409
409	1	191
191	0	253
253	1	191
97	0	215
215	1	97
97	0	527
527	1	97
97	0	308
308	1	97
97	0	261
261	1	97
318	0	587
587	1	318
128	0	286
286	1	128
128	0	269
269	1	128
128	0	231
231	1	128
128	0	590
590	1	128
154	0	319
319	1	154
154	0	320
320	1	154
154	0	308
308	1	154
255	0	623
623	1	255
278	0	505
505	1	278
17	0	527
527	1	17
17	0	552
552	1	17
17	0	553
553	1	17
469	0	506
506	1	469
173	0	308
308	1	173
173	0	302
302	1	173
132	0	479
479	1	132
132	0	308
308	1	132
132	0	411
411	1	132
132	0	271
271	1	132
132	0	233
233	1	132
132	0	288
288	1	132
132	0	391
391	1	132
211	0	623
623	1	211
211	0	391
391	1	211
211	0	308
308	1	211
211	0	288
288	1	211
210	0	358
358	1	210
210	0	301
301	1	210
210	0	308
308	1	210
484	0	514
514	1	484
484	0	527
527	1	484
484	0	623
623	1	484
484	0	528
528	1	484
484	0	637
637	1	484
79	0	514
514	1	79
79	0	528
528	1	79
79	0	484
484	1	79
439	0	613
613	1	439
439	0	573
573	1	439
600	0	621
621	1	600
600	0	618
618	1	600
600	0	609
609	1	600
408	0	658
658	1	408
408	0	573
573	1	408
408	0	478
478	1	408
85	0	666
666	1	85
85	0	664
664	1	85
85	0	662
662	1	85
85	0	324
324	1	85
85	0	527
527	1	85
85	0	658
658	1	85
85	0	308
308	1	85
96	0	495
495	1	96
96	0	519
519	1	96
96	0	308
308	1	96
96	0	520
520	1	96
88	0	308
308	1	88
88	0	328
328	1	88
88	0	520
520	1	88
161	0	516
516	1	161
161	0	489
489	1	161
161	0	517
517	1	161
549	0	577
577	1	549
549	0	571
571	1	549
120	0	267
267	1	120
120	0	226
226	1	120
226	0	267
267	1	226
459	0	540
540	1	459
459	0	587
587	1	459
459	0	573
573	1	459
177	0	315
315	1	177
177	0	308
308	1	177
177	0	573
573	1	177
35	0	308
308	1	35
142	0	587
587	1	142
142	0	573
573	1	142
142	0	330
330	1	142
142	0	591
591	1	142
142	0	308
308	1	142
229	0	527
527	1	229
124	0	527
527	1	124
124	0	229
229	1	124
540	0	623
623	1	540
540	0	573
573	1	540
540	0	655
655	1	540
540	0	654
654	1	540
540	0	648
648	1	540
540	0	578
578	1	540
540	0	653
653	1	540
540	0	587
587	1	540
540	0	652
652	1	540
540	0	656
656	1	540
540	0	579
579	1	540
540	0	657
657	1	540
540	0	561
561	1	540
540	0	639
639	1	540
540	0	661
661	1	540
540	0	562
562	1	540
573	0	578
578	1	573
573	0	648
648	1	573
573	0	653
653	1	573
573	0	632
632	1	573
573	0	615
615	1	573
573	0	658
658	1	573
573	0	591
591	1	573
573	0	587
587	1	573
573	0	656
656	1	573
573	0	579
579	1	573
573	0	657
657	1	573
573	0	580
580	1	573
573	0	581
581	1	573
573	0	582
582	1	573
573	0	639
639	1	573
573	0	645
645	1	573
573	0	583
583	1	573
573	0	661
661	1	573
573	0	633
633	1	573
573	0	634
634	1	573
573	0	613
613	1	573
573	0	584
584	1	573
573	0	654
654	1	573
573	0	652
652	1	573
573	0	655
655	1	573
573	0	585
585	1	573
544	0	612
612	1	544
544	0	567
567	1	544
544	0	604
604	1	544
544	0	568
568	1	544
544	0	619
619	1	544
544	0	648
648	1	544
544	0	623
623	1	544
544	0	643
643	1	544
544	0	587
587	1	544
483	0	513
513	1	483
483	0	582
582	1	483
483	0	540
540	1	483
611	0	623
623	1	611
611	0	640
640	1	611
184	0	623
623	1	184
184	0	587
587	1	184
83	0	658
658	1	83
83	0	213
213	1	83
83	0	573
573	1	83
83	0	308
308	1	83
83	0	478
478	1	83
147	0	666
666	1	147
147	0	664
664	1	147
147	0	662
662	1	147
147	0	334
334	1	147
147	0	527
527	1	147
147	0	658
658	1	147
147	0	308
308	1	147
198	0	256
256	1	198
198	0	279
279	1	198
133	0	629
629	1	133
133	0	308
308	1	133
133	0	623
623	1	133
235	0	623
623	1	235
235	0	630
630	1	235
140	0	623
623	1	140
140	0	235
235	1	140
140	0	630
630	1	140
140	0	308
308	1	140
49	0	308
308	1	49
49	0	369
369	1	49
49	0	246
246	1	49
49	0	263
263	1	49
49	0	217
217	1	49
10	0	399
399	1	10
10	0	308
308	1	10
163	0	244
244	1	163
163	0	245
245	1	163
163	0	559
559	1	163
163	0	246
246	1	163
163	0	308
308	1	163
245	0	559
559	1	245
245	0	527
527	1	245
245	0	308
308	1	245
123	0	623
623	1	123
123	0	228
228	1	123
151	0	494
494	1	151
151	0	315
315	1	151
151	0	447
447	1	151
477	0	527
527	1	477
477	0	555
555	1	477
477	0	545
545	1	477
477	0	614
614	1	477
477	0	510
510	1	477
477	0	511
511	1	477
422	0	597
597	1	422
422	0	545
545	1	422
422	0	587
587	1	422
422	0	617
617	1	422
422	0	607
607	1	422
218	0	527
527	1	218
218	0	264
264	1	218
218	0	563
563	1	218
127	0	541
541	1	127
372	0	501
501	1	372
372	0	523
523	1	372
372	0	461
461	1	372
306	0	374
374	1	306
306	0	308
308	1	306
306	0	446
446	1	306
463	0	524
524	1	463
463	0	525
525	1	463
463	0	502
502	1	463
139	0	569
569	1	139
139	0	586
586	1	139
139	0	576
576	1	139
139	0	547
547	1	139
547	0	586
586	1	547
547	0	576
576	1	547
547	0	569
569	1	547
20	0	192
192	1	20
20	0	193
193	1	20
20	0	642
642	1	20
20	0	557
557	1	20
22	0	453
453	1	22
22	0	344
344	1	22
22	0	348
348	1	22
22	0	557
557	1	22
22	0	642
642	1	22
113	0	221
221	1	113
437	0	569
569	1	437
437	0	613
613	1	437
437	0	573
573	1	437
437	0	605
605	1	437
43	0	197
197	1	43
350	0	455
455	1	350
37	0	623
623	1	37
249	0	295
295	1	249
249	0	297
297	1	249
249	0	293
293	1	249
249	0	527
527	1	249
249	0	296
296	1	249
249	0	276
276	1	249
249	0	291
291	1	249
249	0	292
292	1	249
172	0	297
297	1	172
172	0	276
276	1	172
172	0	295
295	1	172
172	0	527
527	1	172
172	0	293
293	1	172
172	0	249
249	1	172
185	0	623
623	1	185
185	0	308
308	1	185
298	0	540
540	1	298
298	0	308
308	1	298
298	0	527
527	1	298
298	0	301
301	1	298
312	0	658
658	1	312
312	0	656
656	1	312
312	0	648
648	1	312
430	0	512
512	1	430
430	0	482
482	1	430
430	0	573
573	1	430
512	0	658
658	1	512
512	0	659
659	1	512
482	0	658
658	1	482
482	0	659
659	1	482
482	0	512
512	1	482
663	0	668
668	1	663
663	0	667
667	1	663
663	0	665
665	1	663
86	0	623
623	1	86
86	0	308
308	1	86
86	0	587
587	1	86
86	0	230
230	1	86
137	0	378
378	1	137
622	0	623
623	1	622
620	0	623
623	1	620
620	0	622
622	1	620
588	0	632
632	1	588
588	0	658
658	1	588
588	0	615
615	1	588
588	0	656
656	1	588
588	0	645
645	1	588
588	0	605
605	1	588
632	0	658
658	1	632
632	0	656
656	1	632
632	0	645
645	1	632
615	0	658
658	1	615
615	0	656
656	1	615
615	0	632
632	1	615
615	0	645
645	1	615
379	0	526
526	1	379
379	0	503
503	1	379
379	0	465
465	1	379
242	0	290
290	1	242
242	0	273
273	1	242
144	0	573
573	1	144
144	0	352
352	1	144
144	0	308
308	1	144
144	0	527
527	1	144
556	0	573
573	1	556
258	0	308
308	1	258
258	0	402
402	1	258
258	0	281
281	1	258
281	0	402
402	1	281
281	0	308
308	1	281
402	0	474
474	1	402
234	0	289
289	1	234
234	0	272
272	1	234
138	0	289
289	1	138
138	0	272
272	1	138
138	0	234
234	1	138
129	0	534
534	1	129
129	0	527
527	1	129
382	0	623
623	1	382
382	0	466
466	1	382
11	0	308
308	1	11
206	0	289
289	1	206
206	0	272
272	1	206
67	0	289
289	1	67
67	0	272
272	1	67
67	0	206
206	1	67
116	0	224
224	1	116
386	0	467
467	1	386
467	0	504
504	1	467
579	0	587
587	1	579
579	0	655
655	1	579
579	0	654
654	1	579
579	0	652
652	1	579
579	0	656
656	1	579
579	0	657
657	1	579
579	0	648
648	1	579
579	0	639
639	1	579
481	0	587
587	1	481
481	0	579
579	1	481
481	0	648
648	1	481
488	0	658
658	1	488
488	0	573
573	1	488
488	0	529
529	1	488
488	0	515
515	1	488
215	0	527
527	1	215
215	0	261
261	1	215
283	0	297
297	1	283
283	0	299
299	1	283
283	0	300
300	1	283
283	0	308
308	1	283
283	0	500
500	1	283
28	0	308
308	1	28
28	0	623
623	1	28
28	0	196
196	1	28
28	0	588
588	1	28
28	0	605
605	1	28
28	0	530
530	1	28
28	0	573
573	1	28
28	0	254
254	1	28
28	0	587
587	1	28
203	0	308
308	1	203
203	0	389
389	1	203
56	0	203
203	1	56
56	0	389
389	1	56
56	0	468
468	1	56
56	0	308
308	1	56
56	0	505
505	1	56
56	0	254
254	1	56
390	0	506
506	1	390
390	0	469
469	1	390
392	0	470
470	1	392
392	0	471
471	1	392
392	0	507
507	1	392
103	0	308
308	1	103
404	0	507
507	1	404
271	0	308
308	1	271
271	0	507
507	1	271
271	0	288
288	1	271
271	0	391
391	1	271
233	0	308
308	1	233
233	0	507
507	1	233
233	0	288
288	1	233
233	0	271
271	1	233
233	0	391
391	1	233
233	0	479
479	1	233
288	0	623
623	1	288
288	0	391
391	1	288
288	0	308
308	1	288
438	0	569
569	1	438
438	0	613
613	1	438
438	0	573
573	1	438
438	0	605
605	1	438
359	0	626
626	1	359
60	0	360
360	1	60
60	0	308
308	1	60
60	0	521
521	1	60
443	0	517
517	1	443
443	0	489
489	1	443
443	0	490
490	1	443
107	0	623
623	1	107
107	0	308
308	1	107
107	0	220
220	1	107
220	0	623
623	1	220
220	0	308
308	1	220
427	0	660
660	1	427
427	0	658
658	1	427
427	0	587
587	1	427
395	0	577
577	1	395
395	0	571
571	1	395
395	0	549
549	1	395
364	0	540
540	1	364
364	0	459
459	1	364
598	0	608
608	1	598
259	0	330
330	1	259
259	0	623
623	1	259
259	0	308
308	1	259
259	0	397
397	1	259
259	0	598
598	1	259
259	0	608
608	1	259
259	0	560
560	1	259
259	0	539
539	1	259
259	0	282
282	1	259
282	0	330
330	1	282
282	0	623
623	1	282
282	0	308
308	1	282
62	0	573
573	1	62
365	0	623
623	1	365
80	0	623
623	1	80
635	0	651
651	1	635
635	0	648
648	1	635
268	0	648
648	1	268
268	0	527
527	1	268
268	0	544
544	1	268
268	0	623
623	1	268
268	0	587
587	1	268
268	0	285
285	1	268
332	0	658
658	1	332
332	0	656
656	1	332
332	0	648
648	1	332
431	0	483
483	1	431
513	0	582
582	1	513
513	0	540
540	1	513
13	0	308
308	1	13
13	0	186
186	1	13
61	0	337
337	1	61
61	0	308
308	1	61
338	0	592
592	1	338
216	0	284
284	1	216
216	0	308
308	1	216
216	0	262
262	1	216
262	0	284
284	1	262
491	0	518
518	1	491
491	0	531
531	1	491
250	0	537
537	1	250
250	0	623
623	1	250
250	0	527
527	1	250
182	0	537
537	1	182
182	0	623
623	1	182
182	0	250
250	1	182
182	0	527
527	1	182
201	0	257
257	1	201
201	0	280
280	1	201
257	0	280
280	1	257
130	0	270
270	1	130
130	0	232
232	1	130
232	0	270
270	1	232
175	0	264
264	1	175
264	0	563
563	1	264
287	0	442
442	1	287
287	0	641
641	1	287
54	0	280
280	1	54
54	0	201
201	1	54
54	0	257
257	1	54
446	0	492
492	1	446
446	0	493
493	1	446
375	0	533
533	1	375
375	0	493
493	1	375
375	0	464
464	1	375
376	0	533
533	1	376
376	0	463
463	1	376
376	0	464
464	1	376
44	0	277
277	1	44
44	0	308
308	1	44
236	0	569
569	1	236
236	0	547
547	1	236
236	0	527
527	1	236
569	0	586
586	1	569
569	0	576
576	1	569
27	0	349
349	1	27
27	0	454
454	1	27
27	0	308
308	1	27
73	0	455
455	1	73
73	0	499
499	1	73
73	0	522
522	1	73
178	0	455
455	1	178
548	0	570
570	1	548
276	0	293
293	1	276
276	0	527
527	1	276
276	0	297
297	1	276
276	0	295
295	1	276
276	0	296
296	1	276
276	0	291
291	1	276
291	0	297
297	1	291
291	0	293
293	1	291
291	0	527
527	1	291
291	0	296
296	1	291
291	0	292
292	1	291
292	0	297
297	1	292
292	0	293
293	1	292
292	0	527
527	1	292
71	0	308
308	1	71
71	0	312
312	1	71
378	0	527
527	1	378
378	0	543
543	1	378
378	0	616
616	1	378
378	0	620
620	1	378
378	0	546
546	1	378
378	0	606
606	1	378
33	0	594
594	1	33
606	0	620
620	1	606
606	0	616
616	1	606
616	0	620
620	1	616
530	0	605
605	1	530
530	0	588
588	1	530
530	0	632
632	1	530
530	0	615
615	1	530
530	0	658
658	1	530
530	0	656
656	1	530
530	0	645
645	1	530
530	0	573
573	1	530
530	0	587
587	1	530
134	0	308
308	1	134
222	0	308
308	1	222
222	0	266
266	1	222
64	0	308
308	1	64
106	0	308
308	1	106
106	0	219
219	1	106
102	0	308
308	1	102
158	0	484
484	1	158
158	0	314
314	1	158
53	0	484
484	1	53
53	0	308
308	1	53
637	0	647
647	1	637
317	0	579
579	1	317
317	0	587
587	1	317
317	0	648
648	1	317
317	0	573
573	1	317
317	0	655
655	1	317
317	0	654
654	1	317
317	0	652
652	1	317
317	0	562
562	1	317
317	0	656
656	1	317
317	0	540
540	1	317
317	0	639
639	1	317
317	0	657
657	1	317
648	0	655
655	1	648
648	0	654
654	1	648
648	0	652
652	1	648
648	0	656
656	1	648
648	0	657
657	1	648
648	0	653
653	1	648
529	0	587
587	1	529
529	0	658
658	1	529
529	0	573
573	1	529
441	0	573
573	1	441
441	0	658
658	1	441
441	0	529
529	1	441
441	0	515
515	1	441
441	0	488
488	1	441
655	0	657
657	1	655
655	0	656
656	1	655
654	0	657
657	1	654
654	0	656
656	1	654
654	0	655
655	1	654
48	0	308
308	1	48
48	0	317
317	1	48
48	0	302
302	1	48
652	0	656
656	1	652
652	0	657
657	1	652
652	0	655
655	1	652
652	0	654
654	1	652
562	0	656
656	1	562
562	0	579
579	1	562
562	0	657
657	1	562
562	0	573
573	1	562
562	0	574
574	1	562
562	0	587
587	1	562
562	0	655
655	1	562
562	0	639
639	1	562
562	0	654
654	1	562
656	0	657
657	1	656
656	0	658
658	1	656
639	0	657
657	1	639
639	0	655
655	1	639
639	0	648
648	1	639
639	0	656
656	1	639
639	0	654
654	1	639
260	0	297
297	1	260
260	0	300
300	1	260
260	0	308
308	1	260
260	0	500
500	1	260
260	0	283
283	1	260
260	0	457
457	1	260
214	0	297
297	1	214
214	0	500
500	1	214
214	0	300
300	1	214
214	0	283
283	1	214
214	0	457
457	1	214
214	0	260
260	1	214
500	0	584
584	1	500
388	0	584
584	1	388
388	0	500
500	1	388
89	0	308
308	1	89
89	0	457
457	1	89
89	0	260
260	1	89
89	0	214
214	1	89
196	0	308
308	1	196
196	0	623
623	1	196
196	0	254
254	1	196
196	0	255
255	1	196
389	0	505
505	1	389
389	0	468
468	1	389
609	0	621
621	1	609
609	0	618
618	1	609
618	0	621
621	1	618
323	0	626
626	1	323
415	0	623
623	1	415
38	0	658
658	1	38
38	0	587
587	1	38
38	0	308
308	1	38
38	0	421
421	1	38
450	0	587
587	1	450
450	0	598
598	1	450
450	0	498
498	1	450
363	0	573
573	1	363
498	0	587
587	1	498
498	0	598
598	1	498
117	0	308
308	1	117
117	0	573
573	1	117
117	0	598
598	1	117
117	0	587
587	1	117
117	0	498
498	1	117
117	0	450
450	1	117
397	0	598
598	1	397
397	0	608
608	1	397
581	0	648
648	1	581
285	0	648
648	1	285
285	0	527
527	1	285
285	0	544
544	1	285
285	0	623
623	1	285
285	0	587
587	1	285
82	0	648
648	1	82
82	0	587
587	1	82
82	0	623
623	1	82
82	0	527
527	1	82
82	0	635
635	1	82
82	0	308
308	1	82
82	0	595
595	1	82
82	0	227
227	1	82
554	0	648
648	1	554
554	0	623
623	1	554
554	0	595
595	1	554
554	0	635
635	1	554
554	0	572
572	1	554
554	0	587
587	1	554
595	0	648
648	1	595
595	0	623
623	1	595
566	0	596
596	1	566
566	0	575
575	1	566
566	0	587
587	1	566
333	0	628
628	1	333
199	0	308
308	1	199
68	0	308
308	1	68
68	0	207
207	1	68
68	0	539
539	1	68
68	0	560
560	1	68
68	0	259
259	1	68
207	0	539
539	1	207
207	0	560
560	1	207
207	0	308
308	1	207
207	0	259
259	1	207
171	0	592
592	1	171
171	0	308
308	1	171
98	0	308
308	1	98
98	0	216
216	1	98
98	0	217
217	1	98
36	0	308
308	1	36
263	0	308
308	1	263
263	0	434
434	1	263
246	0	308
308	1	246
246	0	369
369	1	246
92	0	308
308	1	92
92	0	243
243	1	92
275	0	308
308	1	275
275	0	518
518	1	275
275	0	400
400	1	275
248	0	400
400	1	248
248	0	518
518	1	248
248	0	308
308	1	248
248	0	274
274	1	248
248	0	275
275	1	248
160	0	400
400	1	160
160	0	518
518	1	160
160	0	308
308	1	160
160	0	275
275	1	160
160	0	274
274	1	160
160	0	248
248	1	160
160	0	243
243	1	160
400	0	518
518	1	400
243	0	518
518	1	243
243	0	531
531	1	243
243	0	308
308	1	243
243	0	275
275	1	243
63	0	301
301	1	63
63	0	308
308	1	63
63	0	401
401	1	63
63	0	508
508	1	63
47	0	527
527	1	47
47	0	614
614	1	47
47	0	406
406	1	47
47	0	555
555	1	47
47	0	545
545	1	47
47	0	510
510	1	47
47	0	477
477	1	47
406	0	527
527	1	406
406	0	545
545	1	406
406	0	614
614	1	406
406	0	510
510	1	406
406	0	477
477	1	406
165	0	527
527	1	165
165	0	623
623	1	165
165	0	308
308	1	165
510	0	614
614	1	510
510	0	527
527	1	510
105	0	308
308	1	105
105	0	587
587	1	105
105	0	444
444	1	105
502	0	524
524	1	502
502	0	525
525	1	502
525	0	533
533	1	525
253	0	277
277	1	253
12	0	547
547	1	12
159	0	308
308	1	159
159	0	273
273	1	159
159	0	242
242	1	159
231	0	590
590	1	231
231	0	269
269	1	231
231	0	286
286	1	231
58	0	288
288	1	58
58	0	271
271	1	58
495	0	519
519	1	495
495	0	520
520	1	495
604	0	619
619	1	604
604	0	612
612	1	604
604	0	643
643	1	604
551	0	623
623	1	551
337	0	623
623	1	337
597	0	617
617	1	597
597	0	607
607	1	597
421	0	658
658	1	421
217	0	308
308	1	217
217	0	294
294	1	217
217	0	263
263	1	217
342	0	452
452	1	342
180	0	480
480	1	180
168	0	480
480	1	168
335	0	648
648	1	335
335	0	587
587	1	335
170	0	400
400	1	170
170	0	573
573	1	170
170	0	248
248	1	170
170	0	274
274	1	170
121	0	308
308	1	121
121	0	380
380	1	121
360	0	516
516	1	360
473	0	508
508	1	473
310	0	446
446	1	310
539	0	560
560	1	539
464	0	524
524	1	464
643	0	651
651	1	643
478	0	658
658	1	478
478	0	573
573	1	478
252	0	308
308	1	252
424	0	480
480	1	424
269	0	590
590	1	269
269	0	286
286	1	269
387	0	587
587	1	387
468	0	505
505	1	468
565	0	616
616	1	565
565	0	620
620	1	565
279	0	308
308	1	279
457	0	500
500	1	457
224	0	623
623	1	224
315	0	623
623	1	315
315	0	494
494	1	315
315	0	447
447	1	315
315	0	484
484	1	315
536	0	573
573	1	536
78	0	623
623	1	78
272	0	289
289	1	272
187	0	485
485	1	187
187	0	486
486	1	187
187	0	435
435	1	187
187	0	436
436	1	187
187	0	308
308	1	187
356	0	623
623	1	356
356	0	587
587	1	356
601	0	610
610	1	601
341	0	492
492	1	341
341	0	451
451	1	341
341	0	493
493	1	341
330	0	573
573	1	330
330	0	587
587	1	330
65	0	205
205	1	65
447	0	494
494	1	447
571	0	577
577	1	571
429	0	579
579	1	429
429	0	481
481	1	429
534	0	623
623	1	534
273	0	290
290	1	273
589	0	606
606	1	589
186	0	252
252	1	186
186	0	308
308	1	186
314	0	484
484	1	314
325	0	495
495	1	325
325	0	448
448	1	325
521	0	532
532	1	521
244	0	559
559	1	244
270	0	287
287	1	270
362	0	458
458	1	362
327	0	449
449	1	327
445	0	491
491	1	445
45	0	256
256	1	45
45	0	198
198	1	45
45	0	199
199	1	45
567	0	619
619	1	567
567	0	643
643	1	567
567	0	612
612	1	567
499	0	522
522	1	499
449	0	496
496	1	449
449	0	497
497	1	449
256	0	279
279	1	256
455	0	499
499	1	455
403	0	475
475	1	403
403	0	509
509	1	403
405	0	476
476	1	405
411	0	479
479	1	411
612	0	619
619	1	612
274	0	308
308	1	274
109	0	308
308	1	109
433	0	484
484	1	433
433	0	623
623	1	433
261	0	308
308	1	261
383	0	484
484	1	383
7	0	308
308	1	7
497	0	521
521	1	497
541	0	563
563	1	541
23	0	194
194	1	23
324	0	664
664	1	324
324	0	666
666	1	324
334	0	664
664	1	334
334	0	666
666	1	334
150	0	308
308	1	150
150	0	238
238	1	150
150	0	239
239	1	150
87	0	308
308	1	87
87	0	239
239	1	87
385	0	647
647	1	385
470	0	507
507	1	470
344	0	453
453	1	344
348	0	453
453	1	348
66	0	308
308	1	66
496	0	521
521	1	496
77	0	212
212	1	77
396	0	472
472	1	396
21	0	511
511	1	21
183	0	251
251	1	183
413	0	530
530	1	413
374	0	462
462	1	374
475	0	509
509	1	475
435	0	485
485	1	435
436	0	486
486	1	436
448	0	495
495	1	448
321	0	512
512	1	321
321	0	573
573	1	321
115	0	223
223	1	115
561	0	655
655	1	561
561	0	654
654	1	561
561	0	573
573	1	561
518	0	531
531	1	518
572	0	623
623	1	572
24	0	308
308	1	24
568	0	612
612	1	568
568	0	604
604	1	568
576	0	586
586	1	576
489	0	516
516	1	489
489	0	517
517	1	489
286	0	590
590	1	286
440	0	487
487	1	440
401	0	473
473	1	401
401	0	508
508	1	401
607	0	617
617	1	607
545	0	614
614	1	545
580	0	623
623	1	580
625	0	644
644	1	625
188	0	308
308	1	188
189	0	308
308	1	189
195	0	623
623	1	195
664	0	666
666	1	664
72	0	208
208	1	72
368	0	460
460	1	368
602	0	611
611	1	602
119	0	225
225	1	119
583	0	656
656	1	583
514	0	528
528	1	514
578	0	653
653	1	578
329	0	450
450	1	329
659	0	663
663	1	659
662	0	664
664	1	662
