4	0	6
6	1	4
4	0	7
7	1	4
4	0	10
10	1	4
4	0	11
11	1	4
4	0	9
9	1	4
4	0	12
12	1	4
4	0	14
14	1	4
4	0	15
15	1	4
4	0	8
8	1	4
4	0	5
5	1	4
3	0	7
7	1	3
3	0	4
4	1	3
3	0	10
10	1	3
3	0	6
6	1	3
8	0	11
11	1	8
7	0	9
9	1	7
7	0	12
12	1	7
7	0	10
10	1	7
6	0	7
7	1	6
6	0	11
11	1	6
6	0	15
15	1	6
6	0	13
13	1	6
6	0	14
14	1	6
6	0	8
8	1	6
9	0	14
14	1	9
9	0	12
12	1	9
9	0	15
15	1	9
5	0	6
6	1	5
5	0	13
13	1	5
5	0	14
14	1	5
5	0	15
15	1	5
5	0	11
11	1	5
11	0	14
14	1	11
11	0	15
15	1	11
11	0	13
13	1	11
13	0	15
15	1	13
13	0	14
14	1	13
2	0	13
13	1	2
12	0	14
14	1	12
12	0	15
15	1	12
14	0	15
15	1	14
