2	6	0
2	5	1
3	42	2
4	13	3
4	12	4
5	14	5
6	5	1
6	14	6
6	14	7
7	43	8
7	5	9
7	5	10
8	5	1
8	14	11
8	14	12
9	43	13
9	5	14
10	18	15
10	3	1
11	18	16
11	3	1
13	16	17
13	16	18
13	16	19
13	16	20
13	16	14
13	16	1
13	16	21
13	16	22
13	16	23
13	16	24
13	16	25
13	16	26
13	16	27
13	16	28
13	16	29
13	16	30
13	16	31
13	16	32
13	26	33
13	26	34
13	15	5
13	15	35
13	15	36
13	15	37
13	15	14
13	15	38
13	15	39
13	15	40
13	15	41
13	15	42
13	15	43
13	15	44
13	15	45
13	15	46
13	15	47
13	25	33
13	25	48
13	25	49
13	25	34
13	25	50
13	25	13
13	25	51
13	25	52
13	25	53
13	24	1
13	24	54
13	24	55
14	43	56
14	14	57
16	13	58
16	13	59
16	12	14
17	12	60
17	13	61
18	20	39
19	20	47
20	12	37
20	13	45
20	13	62
21	5	1
22	13	63
22	12	64
23	47	1
24	23	22
24	20	65
25	20	44
26	31	56
26	23	57
26	20	66
27	49	67
27	49	55
28	12	14
28	12	57
28	12	28
28	12	68
28	12	42
28	13	69
28	13	36
28	13	70
28	13	71
28	13	72
29	20	73
30	3	28
30	10	74
31	31	34
31	23	30
31	20	75
