13	0	30
30	1	13
13	0	32
32	1	13
13	0	31
31	1	13
13	0	36
36	1	13
13	0	35
35	1	13
13	0	15
15	1	13
13	0	16
16	1	13
13	0	17
17	1	13
13	0	26
26	1	13
13	0	29
29	1	13
13	0	18
18	1	13
13	0	19
19	1	13
13	0	37
37	1	13
13	0	39
39	1	13
13	0	20
20	1	13
13	0	28
28	1	13
13	0	33
33	1	13
13	0	21
21	1	13
13	0	38
38	1	13
13	0	22
22	1	13
13	0	23
23	1	13
13	0	34
34	1	13
13	0	24
24	1	13
13	0	27
27	1	13
13	0	25
25	1	13
2	0	13
13	1	2
2	0	16
16	1	2
2	0	39
39	1	2
2	0	30
30	1	2
2	0	15
15	1	2
2	0	32
32	1	2
2	0	34
34	1	2
7	0	13
13	1	7
7	0	36
36	1	7
7	0	35
35	1	7
7	0	30
30	1	7
7	0	33
33	1	7
7	0	23
23	1	7
7	0	21
21	1	7
16	0	30
30	1	16
16	0	39
39	1	16
16	0	37
37	1	16
16	0	38
38	1	16
16	0	32
32	1	16
16	0	34
34	1	16
3	0	13
13	1	3
3	0	16
16	1	3
3	0	39
39	1	3
3	0	38
38	1	3
3	0	32
32	1	3
3	0	30
30	1	3
3	0	34
34	1	3
4	0	13
13	1	4
4	0	35
35	1	4
4	0	30
30	1	4
4	0	33
33	1	4
4	0	36
36	1	4
4	0	23
23	1	4
4	0	21
21	1	4
4	0	7
7	1	4
15	0	30
30	1	15
15	0	37
37	1	15
30	0	37
37	1	30
30	0	32
32	1	30
30	0	35
35	1	30
30	0	39
39	1	30
30	0	38
38	1	30
30	0	36
36	1	30
30	0	33
33	1	30
30	0	34
34	1	30
21	0	35
35	1	21
21	0	30
30	1	21
21	0	29
29	1	21
21	0	33
33	1	21
37	0	39
39	1	37
37	0	38
38	1	37
23	0	35
35	1	23
23	0	30
30	1	23
23	0	33
33	1	23
23	0	36
36	1	23
34	0	39
39	1	34
17	0	26
26	1	17
33	0	35
35	1	33
33	0	36
36	1	33
19	0	31
31	1	19
19	0	28
28	1	19
8	0	13
13	1	8
10	0	13
13	1	10
28	0	31
31	1	28
32	0	39
39	1	32
18	0	27
27	1	18
25	0	36
36	1	25
35	0	37
37	1	35
24	0	36
36	1	24
5	0	12
12	1	5
5	0	8
8	1	5
5	0	9
9	1	5
6	0	14
14	1	6
6	0	10
10	1	6
6	0	11
11	1	6
38	0	39
39	1	38
9	0	12
12	1	9
11	0	14
14	1	11
