22	0	25
25	1	22
22	0	27
27	1	22
24	0	29
29	1	24
24	0	30
30	1	24
24	0	31
31	1	24
24	0	28
28	1	24
24	0	27
27	1	24
24	0	26
26	1	24
2	0	26
26	1	2
11	0	20
20	1	11
20	0	23
23	1	20
20	0	24
24	1	20
12	0	21
21	1	12
18	0	25
25	1	18
18	0	22
22	1	18
26	0	28
28	1	26
26	0	29
29	1	26
26	0	30
30	1	26
26	0	31
31	1	26
26	0	27
27	1	26
28	0	31
31	1	28
28	0	29
29	1	28
28	0	30
30	1	28
27	0	29
29	1	27
27	0	31
31	1	27
27	0	30
30	1	27
27	0	28
28	1	27
25	0	27
27	1	25
13	0	28
28	1	13
3	0	15
15	1	3
3	0	16
16	1	3
29	0	31
31	1	29
4	0	17
17	1	4
4	0	21
21	1	4
17	0	21
21	1	17
6	0	18
18	1	6
9	0	19
19	1	9
