17	0	29
29	1	17
17	0	25
25	1	17
33	0	39
39	1	33
33	0	41
41	1	33
19	0	40
40	1	19
19	0	31
31	1	19
19	0	36
36	1	19
22	0	33
33	1	22
22	0	28
28	1	22
6	0	33
33	1	6
6	0	28
28	1	6
6	0	22
22	1	6
15	0	34
34	1	15
15	0	28
28	1	15
44	0	48
48	1	44
44	0	49
49	1	44
44	0	46
46	1	44
44	0	50
50	1	44
44	0	47
47	1	44
20	0	42
42	1	20
27	0	32
32	1	27
21	0	32
32	1	21
21	0	27
27	1	21
18	0	46
46	1	18
18	0	35
35	1	18
18	0	42
42	1	18
18	0	31
31	1	18
18	0	37
37	1	18
18	0	26
26	1	18
46	0	48
48	1	46
46	0	49
49	1	46
46	0	47
47	1	46
48	0	50
50	1	48
47	0	50
50	1	47
47	0	48
48	1	47
47	0	49
49	1	47
49	0	50
50	1	49
26	0	30
30	1	26
26	0	31
31	1	26
26	0	45
45	1	26
26	0	37
37	1	26
26	0	42
42	1	26
26	0	46
46	1	26
3	0	39
39	1	3
31	0	42
42	1	31
31	0	46
46	1	31
31	0	40
40	1	31
31	0	35
35	1	31
31	0	36
36	1	31
31	0	41
41	1	31
31	0	37
37	1	31
32	0	40
40	1	32
32	0	38
38	1	32
32	0	49
49	1	32
32	0	48
48	1	32
32	0	50
50	1	32
32	0	44
44	1	32
40	0	48
48	1	40
40	0	44
44	1	40
40	0	49
49	1	40
40	0	50
50	1	40
37	0	46
46	1	37
37	0	42
42	1	37
37	0	43
43	1	37
12	0	24
24	1	12
43	0	45
45	1	43
28	0	33
33	1	28
28	0	34
34	1	28
25	0	29
29	1	25
7	0	23
23	1	7
35	0	42
42	1	35
42	0	46
46	1	42
36	0	40
40	1	36
36	0	41
41	1	36
