2	13	0
2	13	1
2	11	2
4	72	2
5	68	3
6	68	4
7	7	5
7	68	6
7	8	7
8	14	8
8	6	9
9	13	10
9	13	11
11	11	2
11	13	14
12	20	15
14	13	16
14	11	17
14	12	18
15	6	19
16	13	20
16	12	21
17	20	22
18	13	23
18	13	24
19	14	25
19	6	2
21	6	27
21	14	28
22	14	29
26	10	35
26	9	21
29	5	27
32	13	40
33	13	41
34	5	42
34	6	43
36	43	46
36	43	47
39	10	51
39	9	52
40	11	27
43	29	56
43	30	57
44	78	48
45	20	58
46	20	59
46	20	60
46	20	61
46	20	62
47	18	51
48	9	63
49	13	64
49	13	65
50	10	66
50	10	67
50	9	68
51	11	69
51	13	70
52	49	71
52	49	72
52	49	73
53	10	74
53	3	75
53	3	76
54	14	77
55	35	78
56	87	27
56	72	79
57	10	80
57	9	81
58	13	82
59	14	83
60	12	84
60	13	85
60	11	86
61	18	87
61	9	88
65	14	94
65	6	95
67	42	97
67	42	98
68	84	2
69	13	99
69	12	27
70	42	100
70	48	101
71	85	102
72	68	103
72	68	104
72	68	105
72	68	106
72	68	107
72	68	108
72	68	3
72	7	109
72	7	110
72	7	111
72	7	112
72	7	113
72	8	114
73	68	115
74	13	8
74	11	9
75	6	116
76	18	117
76	3	118
76	9	27
76	10	117
77	72	2
78	13	29
79	38	119
79	38	2
80	6	120
80	14	27
81	20	22
82	50	121
83	11	122
83	13	123
83	12	124
84	13	125
85	10	51
85	9	52
86	10	126
86	9	127
87	17	62
88	92	86
88	92	128
88	50	129
89	6	130
90	27	72
91	87	27
91	72	79
92	20	94
93	18	98
93	9	131
94	10	98
94	18	98
94	3	132
95	18	2
95	10	133
95	10	134
95	4	135
95	3	48
95	3	114
95	9	136
95	9	114
96	49	137
96	49	138
97	42	100
97	48	101
98	85	139
99	85	110
99	85	111
99	85	113
100	2	3
101	3	107
102	27	109
103	13	140
103	11	98
104	50	141
105	6	142
105	14	143
106	72	144
107	20	145
108	49	146
108	49	147
108	49	35
108	49	148
108	49	149
109	6	27
110	27	150
110	44	151
111	5	42
111	6	43
112	6	125
113	18	152
114	92	128
114	50	130
115	6	2
115	6	98
115	14	153
116	49	154
117	42	155
118	6	98
118	14	140
119	37	156
119	36	157
120	10	145
120	9	158
122	13	122
122	12	124
123	6	43
124	10	152
124	18	159
126	10	160
126	10	87
126	10	161
126	10	98
126	10	162
126	10	163
126	9	164
126	9	165
126	9	166
126	9	114
126	9	167
126	9	168
126	9	169
126	9	136
126	9	21
126	18	170
126	18	2
126	18	171
126	18	172
126	18	163
127	28	173
127	28	174
128	14	175
128	6	43
129	18	159
129	10	176
130	49	2
130	49	160
131	13	175
131	11	43
132	3	21
132	18	2
132	10	19
132	9	81
133	13	177
133	11	43
134	13	178
134	12	179
135	18	19
135	10	80
135	9	81
136	49	180
136	49	178
136	59	179
137	15	181
137	15	182
137	15	2
137	15	74
137	15	183
137	15	184
137	15	146
137	15	185
137	15	186
137	15	187
137	15	188
137	15	189
137	15	190
137	15	0
137	15	191
137	15	192
137	15	193
137	15	194
137	15	195
137	15	196
137	15	58
137	15	197
137	15	198
137	15	199
137	15	200
137	15	201
137	15	160
137	15	202
137	15	203
137	15	204
137	15	205
137	15	206
137	15	207
137	15	208
137	15	209
137	15	210
137	15	211
137	15	212
137	15	213
137	15	84
137	15	214
137	15	215
137	15	216
137	15	87
137	15	217
137	15	218
137	15	119
137	15	219
137	15	220
137	15	221
137	15	222
137	15	223
137	15	224
137	15	20
137	15	225
137	15	226
137	15	227
137	15	228
137	15	94
137	15	229
137	15	230
137	15	231
137	15	232
137	15	71
137	15	233
137	15	234
137	15	235
137	15	236
137	15	132
137	15	98
137	15	237
137	15	238
137	15	239
137	15	240
137	15	21
137	15	241
137	15	242
137	15	243
137	15	244
137	15	245
137	15	246
137	15	247
137	15	248
137	15	167
137	15	249
137	15	250
137	15	251
137	15	252
137	15	15
137	15	253
137	15	254
137	15	255
137	15	256
137	15	257
137	15	258
137	15	259
137	15	260
137	16	261
137	16	107
137	16	262
137	16	263
137	16	224
137	16	264
137	16	265
137	16	266
137	16	248
137	16	267
137	16	250
137	16	21
137	16	114
137	16	268
137	16	269
137	16	270
137	16	271
137	24	2
137	24	272
137	24	273
137	24	184
137	24	274
137	24	275
137	24	222
137	24	276
137	24	277
137	24	225
137	24	278
137	24	279
137	24	163
137	24	27
137	24	280
137	24	281
137	24	207
137	24	161
137	24	172
137	24	282
137	24	120
137	24	283
137	24	19
137	24	98
137	24	86
137	24	284
137	16	285
137	16	286
137	16	265
137	16	287
137	16	288
137	16	21
137	16	262
137	16	224
137	16	289
137	16	271
137	16	261
137	16	290
137	16	291
137	16	292
137	16	114
137	16	236
137	16	48
137	16	293
137	16	294
137	16	295
137	26	296
137	26	297
137	26	298
137	26	299
137	26	300
137	26	301
137	25	302
137	25	303
137	25	304
137	25	305
137	25	306
137	25	307
138	14	308
139	10	309
139	3	310
139	9	311
140	27	312
140	27	313
141	20	314
142	20	213
142	20	315
142	20	316
143	18	317
143	3	264
144	14	318
144	6	319
144	5	217
144	5	320
145	19	211
145	23	21
145	20	321
146	48	322
146	42	323
147	29	98
148	20	324
149	84	109
150	20	325
151	18	326
151	3	268
153	28	327
153	28	328
154	6	329
154	6	27
154	14	330
154	14	87
155	10	331
155	9	332
157	38	277
157	38	333
158	27	334
158	27	27
158	44	335
159	14	336
160	20	194
160	20	181
161	18	87
161	9	290
161	9	27
162	28	337
162	28	243
163	20	98
163	31	338
164	72	163
164	73	339
164	73	27
165	48	148
165	42	146
166	13	234
167	3	132
168	10	98
168	3	340
169	20	341
169	20	181
170	14	15
171	20	181
172	27	277
173	11	95
173	13	188
174	50	2
174	50	342
174	92	128
175	64	163
176	72	343
180	20	344
181	51	345
181	50	346
182	10	35
183	13	347
184	13	348
185	49	349
186	10	222
186	9	114
186	3	350
187	13	316
187	13	351
188	18	352
188	10	353
189	85	354
189	85	100
189	85	109
189	85	2
189	85	187
189	85	272
189	85	98
189	93	355
190	20	325
191	28	327
191	28	328
192	86	356
193	22	27
194	5	357
194	5	358
194	5	27
194	5	359
195	14	335
196	10	243
196	4	360
197	85	163
198	20	361
199	49	362
199	49	98
199	59	340
200	27	128
201	50	363
201	50	364
202	40	365
202	35	366
202	17	367
203	13	368
205	72	2
205	72	369
205	73	370
206	49	2
206	49	207
206	59	114
207	94	98
208	10	100
208	9	371
209	72	109
210	72	243
210	87	372
211	72	163
212	10	98
212	9	340
213	51	345
213	50	364
213	50	346
214	23	114
214	20	368
214	20	373
215	10	374
215	9	375
216	28	2
217	38	100
218	21	181
218	21	376
218	21	377
218	21	188
218	21	378
218	21	379
218	21	380
218	21	381
218	21	382
218	21	94
218	22	383
218	22	384
219	6	385
219	5	114
219	14	386
220	38	387
220	38	388
220	38	87
220	38	389
220	38	128
220	38	380
220	38	390
220	38	391
220	39	21
221	95	392
222	38	393
222	38	128
223	28	394
223	28	128
224	72	2
224	72	272
225	10	2
225	9	395
226	85	2
227	38	2
227	38	396
227	38	397
228	50	2
228	50	398
228	50	276
228	50	399
228	50	400
228	50	243
228	50	5
228	50	401
228	50	402
228	50	95
228	50	403
228	50	163
228	50	404
228	50	405
228	50	100
228	50	406
228	50	19
228	50	407
228	50	408
228	51	339
228	51	5
228	51	409
228	51	288
228	51	410
228	51	411
228	92	86
228	92	412
228	92	413
228	92	128
229	50	2
229	92	86
230	10	87
230	9	414
231	49	2
231	49	415
231	49	416
231	49	163
231	49	176
231	49	417
231	59	131
231	59	418
231	59	419
232	28	243
233	28	19
234	28	420
235	38	2
235	38	421
236	27	422
236	44	128
237	28	423
237	28	2
238	10	2
238	9	48
239	9	419
240	28	2
241	10	176
241	9	424
242	10	2
242	4	425
242	9	81
243	27	2
243	78	48
244	85	2
245	18	426
245	10	102
245	9	419
246	50	2
247	49	427
247	49	87
247	59	424
248	3	428
248	9	429
248	10	176
