4	0	83
83	1	4
4	0	155
155	1	4
4	0	55
55	1	4
4	0	154
154	1	4
4	0	167
167	1	4
4	0	172
172	1	4
4	0	152
152	1	4
4	0	169
169	1	4
4	0	97
97	1	4
4	0	132
132	1	4
4	0	145
145	1	4
4	0	114
114	1	4
4	0	89
89	1	4
4	0	109
109	1	4
76	0	83
83	1	76
76	0	170
170	1	76
76	0	178
178	1	76
76	0	168
168	1	76
76	0	165
165	1	76
45	0	83
83	1	45
45	0	158
158	1	45
45	0	149
149	1	45
45	0	182
182	1	45
45	0	157
157	1	45
45	0	169
169	1	45
45	0	176
176	1	45
45	0	179
179	1	45
45	0	127
127	1	45
45	0	142
142	1	45
45	0	66
66	1	45
57	0	83
83	1	57
83	0	158
158	1	83
83	0	160
160	1	83
83	0	165
165	1	83
83	0	168
168	1	83
83	0	161
161	1	83
83	0	135
135	1	83
83	0	169
169	1	83
83	0	164
164	1	83
83	0	85
85	1	83
83	0	132
132	1	83
83	0	86
86	1	83
83	0	118
118	1	83
83	0	157
157	1	83
83	0	171
171	1	83
83	0	87
87	1	83
83	0	134
134	1	83
83	0	159
159	1	83
83	0	88
88	1	83
83	0	149
149	1	83
83	0	174
174	1	83
83	0	127
127	1	83
83	0	89
89	1	83
83	0	90
90	1	83
83	0	156
156	1	83
83	0	140
140	1	83
83	0	178
178	1	83
83	0	91
91	1	83
83	0	175
175	1	83
83	0	119
119	1	83
83	0	92
92	1	83
83	0	128
128	1	83
83	0	181
181	1	83
83	0	93
93	1	83
83	0	94
94	1	83
83	0	95
95	1	83
83	0	120
120	1	83
83	0	96
96	1	83
83	0	162
162	1	83
83	0	167
167	1	83
83	0	97
97	1	83
83	0	154
154	1	83
83	0	152
152	1	83
83	0	148
148	1	83
83	0	173
173	1	83
83	0	98
98	1	83
83	0	176
176	1	83
83	0	179
179	1	83
83	0	99
99	1	83
83	0	170
170	1	83
83	0	144
144	1	83
83	0	153
153	1	83
83	0	100
100	1	83
83	0	151
151	1	83
83	0	180
180	1	83
83	0	177
177	1	83
83	0	163
163	1	83
83	0	172
172	1	83
83	0	101
101	1	83
83	0	141
141	1	83
83	0	182
182	1	83
83	0	142
142	1	83
83	0	131
131	1	83
83	0	102
102	1	83
83	0	103
103	1	83
83	0	104
104	1	83
83	0	105
105	1	83
83	0	106
106	1	83
83	0	107
107	1	83
83	0	122
122	1	83
83	0	108
108	1	83
83	0	109
109	1	83
83	0	133
133	1	83
83	0	110
110	1	83
83	0	129
129	1	83
83	0	111
111	1	83
83	0	112
112	1	83
83	0	145
145	1	83
83	0	113
113	1	83
83	0	114
114	1	83
83	0	115
115	1	83
83	0	116
116	1	83
83	0	117
117	1	83
158	0	160
160	1	158
158	0	175
175	1	158
158	0	167
167	1	158
158	0	181
181	1	158
158	0	170
170	1	158
158	0	165
165	1	158
158	0	178
178	1	158
158	0	161
161	1	158
158	0	180
180	1	158
158	0	169
169	1	158
158	0	172
172	1	158
158	0	176
176	1	158
158	0	179
179	1	158
158	0	182
182	1	158
158	0	162
162	1	158
158	0	163
163	1	158
158	0	168
168	1	158
158	0	177
177	1	158
158	0	164
164	1	158
158	0	173
173	1	158
43	0	168
168	1	43
43	0	83
83	1	43
27	0	60
60	1	27
27	0	78
78	1	27
27	0	151
151	1	27
71	0	153
153	1	71
71	0	144
144	1	71
71	0	151
151	1	71
71	0	81
81	1	71
71	0	83
83	1	71
71	0	78
78	1	71
71	0	129
129	1	71
71	0	79
79	1	71
2	0	83
83	1	2
2	0	161
161	1	2
2	0	164
164	1	2
2	0	181
181	1	2
2	0	169
169	1	2
2	0	157
157	1	2
2	0	67
67	1	2
74	0	169
169	1	74
74	0	83
83	1	74
74	0	119
119	1	74
74	0	92
92	1	74
74	0	180
180	1	74
74	0	110
110	1	74
3	0	127
127	1	3
3	0	83
83	1	3
3	0	134
134	1	3
3	0	108
108	1	3
3	0	116
116	1	3
23	0	83
83	1	23
23	0	85
85	1	23
23	0	110
110	1	23
10	0	167
167	1	10
10	0	169
169	1	10
10	0	154
154	1	10
10	0	157
157	1	10
10	0	57
57	1	10
10	0	83
83	1	10
10	0	132
132	1	10
14	0	83
83	1	14
14	0	154
154	1	14
14	0	58
58	1	14
58	0	83
83	1	58
58	0	154
154	1	58
28	0	83
83	1	28
28	0	169
169	1	28
28	0	67
67	1	28
101	0	167
167	1	101
101	0	169
169	1	101
101	0	163
163	1	101
101	0	172
172	1	101
101	0	158
158	1	101
55	0	155
155	1	55
55	0	167
167	1	55
55	0	172
172	1	55
55	0	154
154	1	55
55	0	152
152	1	55
162	0	167
167	1	162
133	0	167
167	1	133
133	0	162
162	1	133
115	0	167
167	1	115
115	0	162
162	1	115
115	0	154
154	1	115
115	0	133
133	1	115
152	0	154
154	1	152
152	0	169
169	1	152
152	0	157
157	1	152
152	0	167
167	1	152
114	0	154
154	1	114
114	0	152
152	1	114
114	0	169
169	1	114
114	0	167
167	1	114
114	0	157
157	1	114
114	0	145
145	1	114
114	0	132
132	1	114
157	0	169
169	1	157
157	0	158
158	1	157
157	0	171
171	1	157
157	0	173
173	1	157
157	0	159
159	1	157
157	0	176
176	1	157
157	0	182
182	1	157
157	0	179
179	1	157
157	0	181
181	1	157
157	0	167
167	1	157
97	0	121
121	1	97
97	0	137
137	1	97
97	0	122
122	1	97
97	0	123
123	1	97
36	0	83
83	1	36
36	0	72
72	1	36
36	0	63
63	1	36
50	0	83
83	1	50
50	0	79
79	1	50
127	0	157
157	1	127
127	0	169
169	1	127
127	0	176
176	1	127
127	0	179
179	1	127
127	0	182
182	1	127
127	0	140
140	1	127
127	0	173
173	1	127
127	0	170
170	1	127
127	0	165
165	1	127
127	0	168
168	1	127
127	0	178
178	1	127
127	0	158
158	1	127
127	0	159
159	1	127
127	0	149
149	1	127
127	0	148
148	1	127
127	0	141
141	1	127
127	0	142
142	1	127
127	0	143
143	1	127
127	0	160
160	1	127
98	0	124
124	1	98
54	0	167
167	1	54
54	0	75
75	1	54
66	0	169
169	1	66
66	0	157
157	1	66
66	0	176
176	1	66
66	0	179
179	1	66
66	0	182
182	1	66
66	0	83
83	1	66
66	0	127
127	1	66
66	0	158
158	1	66
15	0	158
158	1	15
15	0	149
149	1	15
15	0	157
157	1	15
15	0	169
169	1	15
15	0	176
176	1	15
15	0	179
179	1	15
15	0	182
182	1	15
15	0	127
127	1	15
15	0	83
83	1	15
15	0	142
142	1	15
15	0	66
66	1	15
142	0	158
158	1	142
142	0	169
169	1	142
142	0	157
157	1	142
142	0	176
176	1	142
142	0	179
179	1	142
142	0	182
182	1	142
142	0	149
149	1	142
35	0	169
169	1	35
35	0	127
127	1	35
35	0	182
182	1	35
154	0	174
174	1	154
154	0	167
167	1	154
154	0	169
169	1	154
154	0	157
157	1	154
154	0	155
155	1	154
154	0	156
156	1	154
154	0	162
162	1	154
52	0	83
83	1	52
42	0	82
82	1	42
42	0	80
80	1	42
42	0	73
73	1	42
42	0	64
64	1	42
42	0	156
156	1	42
59	0	70
70	1	59
59	0	77
77	1	59
69	0	170
170	1	69
69	0	83
83	1	69
69	0	160
160	1	69
69	0	165
165	1	69
69	0	168
168	1	69
69	0	178
178	1	69
69	0	76
76	1	69
69	0	127
127	1	69
51	0	165
165	1	51
51	0	127
127	1	51
51	0	160
160	1	51
51	0	170
170	1	51
51	0	83
83	1	51
51	0	168
168	1	51
51	0	178
178	1	51
51	0	76
76	1	51
51	0	69
69	1	51
51	0	158
158	1	51
79	0	144
144	1	79
79	0	151
151	1	79
79	0	153
153	1	79
79	0	83
83	1	79
79	0	150
150	1	79
79	0	129
129	1	79
79	0	106
106	1	79
79	0	130
130	1	79
79	0	81
81	1	79
79	0	100
100	1	79
144	0	150
150	1	144
144	0	153
153	1	144
144	0	151
151	1	144
78	0	153
153	1	78
67	0	169
169	1	67
67	0	83
83	1	67
67	0	91
91	1	67
67	0	93
93	1	67
67	0	96
96	1	67
67	0	90
90	1	67
67	0	89
89	1	67
67	0	131
131	1	67
67	0	113
113	1	67
67	0	74
74	1	67
25	0	119
119	1	25
25	0	92
92	1	25
25	0	74
74	1	25
25	0	83
83	1	25
117	0	135
135	1	117
26	0	128
128	1	26
26	0	83
83	1	26
7	0	94
94	1	7
7	0	112
112	1	7
7	0	83
83	1	7
61	0	83
83	1	61
61	0	154
154	1	61
44	0	65
65	1	44
44	0	83
83	1	44
24	0	169
169	1	24
24	0	158
158	1	24
24	0	83
83	1	24
24	0	67
67	1	24
163	0	166
166	1	163
163	0	169
169	1	163
163	0	167
167	1	163
163	0	172
172	1	163
39	0	131
131	1	39
39	0	113
113	1	39
39	0	83
83	1	39
39	0	169
169	1	39
118	0	169
169	1	118
155	0	167
167	1	155
155	0	172
172	1	155
155	0	169
169	1	155
169	0	171
171	1	169
169	0	172
172	1	169
169	0	173
173	1	169
169	0	179
179	1	169
169	0	182
182	1	169
169	0	174
174	1	169
169	0	175
175	1	169
169	0	176
176	1	169
169	0	177
177	1	169
169	0	180
180	1	169
17	0	97
97	1	17
17	0	121
121	1	17
17	0	83
83	1	17
132	0	154
154	1	132
132	0	169
169	1	132
132	0	167
167	1	132
132	0	152
152	1	132
132	0	157
157	1	132
132	0	145
145	1	132
141	0	157
157	1	141
141	0	158
158	1	141
141	0	169
169	1	141
141	0	173
173	1	141
141	0	148
148	1	141
141	0	154
154	1	141
75	0	167
167	1	75
48	0	138
138	1	48
48	0	68
68	1	48
9	0	56
56	1	9
88	0	159
159	1	88
88	0	127
127	1	88
102	0	176
176	1	102
102	0	179
179	1	102
102	0	157
157	1	102
102	0	169
169	1	102
102	0	127
127	1	102
102	0	158
158	1	102
102	0	149
149	1	102
102	0	182
182	1	102
102	0	142
142	1	102
37	0	157
157	1	37
16	0	157
157	1	16
16	0	83
83	1	16
30	0	174
174	1	30
30	0	83
83	1	30
30	0	169
169	1	30
30	0	154
154	1	30
80	0	82
82	1	80
73	0	82
82	1	73
73	0	80
80	1	73
64	0	82
82	1	64
64	0	80
80	1	64
64	0	73
73	1	64
104	0	127
127	1	104
160	0	170
170	1	160
160	0	165
165	1	160
160	0	178
178	1	160
160	0	168
168	1	160
168	0	178
178	1	168
168	0	170
170	1	168
34	0	83
83	1	34
34	0	79
79	1	34
34	0	129
129	1	34
34	0	100
100	1	34
34	0	144
144	1	34
34	0	153
153	1	34
34	0	106
106	1	34
34	0	62
62	1	34
34	0	71
71	1	34
34	0	151
151	1	34
34	0	81
81	1	34
81	0	83
83	1	81
81	0	144
144	1	81
81	0	84
84	1	81
81	0	153
153	1	81
81	0	129
129	1	81
81	0	151
151	1	81
106	0	144
144	1	106
106	0	153
153	1	106
106	0	151
151	1	106
106	0	129
129	1	106
106	0	130
130	1	106
129	0	144
144	1	129
129	0	153
153	1	129
62	0	144
144	1	62
62	0	153
153	1	62
62	0	126
126	1	62
62	0	83
83	1	62
62	0	151
151	1	62
62	0	79
79	1	62
62	0	81
81	1	62
62	0	100
100	1	62
62	0	71
71	1	62
100	0	144
144	1	100
100	0	153
153	1	100
100	0	126
126	1	100
100	0	151
151	1	100
32	0	144
144	1	32
32	0	153
153	1	32
32	0	151
151	1	32
32	0	83
83	1	32
32	0	107
107	1	32
32	0	81
81	1	32
32	0	71
71	1	32
32	0	129
129	1	32
32	0	79
79	1	32
32	0	62
62	1	32
32	0	106
106	1	32
95	0	136
136	1	95
95	0	120
120	1	95
167	0	169
169	1	167
167	0	172
172	1	167
145	0	169
169	1	145
145	0	154
154	1	145
145	0	167
167	1	145
145	0	152
152	1	145
148	0	169
169	1	148
148	0	157
157	1	148
148	0	158
158	1	148
148	0	173
173	1	148
124	0	138
138	1	124
149	0	169
169	1	149
149	0	182
182	1	149
149	0	157
157	1	149
149	0	179
179	1	149
149	0	176
176	1	149
156	0	157
157	1	156
21	0	77
77	1	21
21	0	59
59	1	21
13	0	83
83	1	13
13	0	88
88	1	13
151	0	153
153	1	151
29	0	83
83	1	29
29	0	154
154	1	29
29	0	61
61	1	29
113	0	169
169	1	113
113	0	131
131	1	113
5	0	124
124	1	5
40	0	83
83	1	40
53	0	83
83	1	53
53	0	85
85	1	53
165	0	178
178	1	165
165	0	168
168	1	165
86	0	118
118	1	86
105	0	128
128	1	105
105	0	135
135	1	105
109	0	155
155	1	109
109	0	154
154	1	109
138	0	147
147	1	138
176	0	182
182	1	176
176	0	179
179	1	176
123	0	146
146	1	123
123	0	137
137	1	123
46	0	83
83	1	46
46	0	67
67	1	46
179	0	182
182	1	179
164	0	167
167	1	164
164	0	180
180	1	164
164	0	177
177	1	164
63	0	83
83	1	63
63	0	72
72	1	63
33	0	83
83	1	33
19	0	130
130	1	19
131	0	169
169	1	131
161	0	175
175	1	161
68	0	75
75	1	68
72	0	83
83	1	72
92	0	119
119	1	92
99	0	125
125	1	99
120	0	136
136	1	120
177	0	180
180	1	177
177	0	181
181	1	177
137	0	146
146	1	137
90	0	127
127	1	90
121	0	137
137	1	121
8	0	146
146	1	8
70	0	77
77	1	70
116	0	134
134	1	116
87	0	171
171	1	87
170	0	178
178	1	170
60	0	78
78	1	60
125	0	139
139	1	125
