8	0	18
18	1	8
6	0	18
18	1	6
18	0	19
19	1	18
18	0	25
25	1	18
18	0	30
30	1	18
18	0	20
20	1	18
18	0	21
21	1	18
18	0	26
26	1	18
18	0	35
35	1	18
18	0	22
22	1	18
18	0	24
24	1	18
18	0	23
23	1	18
11	0	17
17	1	11
11	0	18
18	1	11
11	0	22
22	1	11
11	0	33
33	1	11
11	0	29
29	1	11
11	0	15
15	1	11
11	0	16
16	1	11
11	0	14
14	1	11
11	0	12
12	1	11
11	0	13
13	1	11
28	0	31
31	1	28
28	0	32
32	1	28
20	0	26
26	1	20
7	0	14
14	1	7
7	0	18
18	1	7
7	0	17
17	1	7
7	0	13
13	1	7
7	0	16
16	1	7
7	0	22
22	1	7
7	0	12
12	1	7
7	0	29
29	1	7
7	0	33
33	1	7
7	0	10
10	1	7
7	0	11
11	1	7
7	0	15
15	1	7
15	0	18
18	1	15
15	0	22
22	1	15
15	0	33
33	1	15
15	0	17
17	1	15
15	0	29
29	1	15
3	0	18
18	1	3
22	0	27
27	1	22
22	0	31
31	1	22
22	0	28
28	1	22
22	0	32
32	1	22
22	0	33
33	1	22
22	0	29
29	1	22
2	0	26
26	1	2
2	0	20
20	1	2
35	0	37
37	1	35
35	0	38
38	1	35
10	0	18
18	1	10
12	0	22
22	1	12
12	0	17
17	1	12
12	0	33
33	1	12
12	0	15
15	1	12
12	0	29
29	1	12
12	0	16
16	1	12
4	0	8
8	1	4
4	0	18
18	1	4
23	0	37
37	1	23
23	0	30
30	1	23
17	0	22
22	1	17
17	0	33
33	1	17
17	0	18
18	1	17
13	0	18
18	1	13
13	0	16
16	1	13
13	0	17
17	1	13
13	0	33
33	1	13
13	0	22
22	1	13
13	0	14
14	1	13
13	0	29
29	1	13
13	0	15
15	1	13
29	0	33
33	1	29
29	0	34
34	1	29
34	0	36
36	1	34
27	0	31
31	1	27
27	0	32
32	1	27
19	0	24
24	1	19
19	0	25
25	1	19
33	0	36
36	1	33
30	0	35
35	1	30
14	0	16
16	1	14
14	0	17
17	1	14
9	0	12
12	1	9
37	0	38
38	1	37
5	0	9
9	1	5
16	0	22
22	1	16
16	0	18
18	1	16
