13	0	25
25	1	13
15	0	23
23	1	15
18	0	27
27	1	18
18	0	29
29	1	18
18	0	24
24	1	18
18	0	25
25	1	18
3	0	16
16	1	3
3	0	29
29	1	3
3	0	17
17	1	3
3	0	18
18	1	3
11	0	23
23	1	11
11	0	24
24	1	11
7	0	19
19	1	7
7	0	22
22	1	7
7	0	20
20	1	7
7	0	33
33	1	7
7	0	28
28	1	7
7	0	32
32	1	7
7	0	31
31	1	7
10	0	28
28	1	10
10	0	31
31	1	10
10	0	22
22	1	10
10	0	30
30	1	10
10	0	32
32	1	10
27	0	29
29	1	27
26	0	28
28	1	26
26	0	31
31	1	26
26	0	32
32	1	26
26	0	30
30	1	26
28	0	31
31	1	28
28	0	32
32	1	28
28	0	30
30	1	28
25	0	29
29	1	25
30	0	31
31	1	30
30	0	32
32	1	30
30	0	34
34	1	30
31	0	32
32	1	31
31	0	33
33	1	31
31	0	34
34	1	31
20	0	33
33	1	20
20	0	32
32	1	20
20	0	31
31	1	20
20	0	28
28	1	20
20	0	30
30	1	20
20	0	26
26	1	20
19	0	33
33	1	19
19	0	31
31	1	19
19	0	28
28	1	19
19	0	26
26	1	19
9	0	27
27	1	9
24	0	27
27	1	24
8	0	21
21	1	8
