39	0	55
55	1	39
39	0	57
57	1	39
39	0	72
72	1	39
39	0	58
58	1	39
39	0	67
67	1	39
39	0	47
47	1	39
39	0	69
69	1	39
39	0	53
53	1	39
39	0	42
42	1	39
33	0	55
55	1	33
33	0	57
57	1	33
33	0	72
72	1	33
33	0	58
58	1	33
33	0	37
37	1	33
33	0	38
38	1	33
33	0	39
39	1	33
58	0	72
72	1	58
58	0	67
67	1	58
58	0	81
81	1	58
58	0	69
69	1	58
58	0	86
86	1	58
58	0	74
74	1	58
58	0	65
65	1	58
56	0	67
67	1	56
56	0	63
63	1	56
64	0	68
68	1	64
64	0	83
83	1	64
64	0	77
77	1	64
64	0	70
70	1	64
64	0	89
89	1	64
64	0	88
88	1	64
64	0	85
85	1	64
64	0	80
80	1	64
64	0	90
90	1	64
64	0	79
79	1	64
70	0	77
77	1	70
70	0	85
85	1	70
70	0	89
89	1	70
70	0	90
90	1	70
70	0	88
88	1	70
70	0	80
80	1	70
85	0	87
87	1	85
85	0	89
89	1	85
85	0	88
88	1	85
85	0	90
90	1	85
7	0	87
87	1	7
7	0	85
85	1	7
7	0	32
32	1	7
7	0	24
24	1	7
7	0	36
36	1	7
32	0	87
87	1	32
32	0	85
85	1	32
32	0	36
36	1	32
24	0	87
87	1	24
24	0	85
85	1	24
24	0	36
36	1	24
24	0	32
32	1	24
44	0	49
49	1	44
44	0	50
50	1	44
37	0	45
45	1	37
37	0	51
51	1	37
37	0	41
41	1	37
35	0	48
48	1	35
35	0	40
40	1	35
35	0	43
43	1	35
34	0	43
43	1	34
34	0	48
48	1	34
34	0	40
40	1	34
34	0	89
89	1	34
34	0	72
72	1	34
34	0	81
81	1	34
31	0	43
43	1	31
31	0	48
48	1	31
31	0	40
40	1	31
31	0	89
89	1	31
31	0	34
34	1	31
31	0	35
35	1	31
23	0	43
43	1	23
23	0	48
48	1	23
23	0	40
40	1	23
23	0	89
89	1	23
23	0	34
34	1	23
23	0	31
31	1	23
43	0	89
89	1	43
43	0	91
91	1	43
43	0	48
48	1	43
10	0	25
25	1	10
69	0	89
89	1	69
69	0	72
72	1	69
69	0	73
73	1	69
69	0	77
77	1	69
3	0	55
55	1	3
20	0	82
82	1	20
20	0	78
78	1	20
20	0	72
72	1	20
20	0	76
76	1	20
2	0	55
55	1	2
2	0	60
60	1	2
2	0	81
81	1	2
2	0	76
76	1	2
15	0	55
55	1	15
15	0	38
38	1	15
15	0	27
27	1	15
15	0	28
28	1	15
27	0	55
55	1	27
27	0	38
38	1	27
28	0	55
55	1	28
28	0	38
38	1	28
12	0	90
90	1	12
73	0	77
77	1	73
55	0	72
72	1	55
55	0	57
57	1	55
55	0	58
58	1	55
55	0	66
66	1	55
55	0	75
75	1	55
55	0	67
67	1	55
55	0	59
59	1	55
55	0	69
69	1	55
55	0	60
60	1	55
55	0	86
86	1	55
55	0	74
74	1	55
55	0	61
61	1	55
55	0	62
62	1	55
53	0	55
55	1	53
53	0	72
72	1	53
53	0	75
75	1	53
53	0	69
69	1	53
53	0	67
67	1	53
53	0	63
63	1	53
53	0	56
56	1	53
26	0	57
57	1	26
26	0	77
77	1	26
26	0	70
70	1	26
26	0	89
89	1	26
26	0	88
88	1	26
26	0	85
85	1	26
26	0	80
80	1	26
26	0	90
90	1	26
26	0	64
64	1	26
16	0	56
56	1	16
16	0	67
67	1	16
16	0	63
63	1	16
16	0	33
33	1	16
16	0	53
53	1	16
16	0	29
29	1	16
29	0	56
56	1	29
29	0	67
67	1	29
29	0	63
63	1	29
29	0	53
53	1	29
29	0	33
33	1	29
77	0	79
79	1	77
77	0	83
83	1	77
77	0	88
88	1	77
77	0	89
89	1	77
77	0	90
90	1	77
77	0	84
84	1	77
77	0	85
85	1	77
77	0	80
80	1	77
77	0	81
81	1	77
68	0	83
83	1	68
68	0	77
77	1	68
68	0	70
70	1	68
68	0	71
71	1	68
68	0	79
79	1	68
36	0	49
49	1	36
36	0	44
44	1	36
36	0	87
87	1	36
36	0	85
85	1	36
41	0	51
51	1	41
41	0	50
50	1	41
41	0	55
55	1	41
41	0	61
61	1	41
41	0	44
44	1	41
41	0	45
45	1	41
18	0	54
54	1	18
18	0	50
50	1	18
4	0	66
66	1	4
13	0	91
91	1	13
11	0	88
88	1	11
11	0	85
85	1	11
11	0	80
80	1	11
11	0	26
26	1	11
11	0	57
57	1	11
11	0	64
64	1	11
11	0	77
77	1	11
11	0	70
70	1	11
11	0	89
89	1	11
11	0	90
90	1	11
80	0	89
89	1	80
80	0	90
90	1	80
80	0	84
84	1	80
80	0	85
85	1	80
80	0	88
88	1	80
8	0	52
52	1	8
8	0	90
90	1	8
8	0	69
69	1	8
8	0	89
89	1	8
42	0	52
52	1	42
42	0	72
72	1	42
42	0	69
69	1	42
42	0	55
55	1	42
42	0	86
86	1	42
42	0	74
74	1	42
42	0	53
53	1	42
42	0	46
46	1	42
42	0	67
67	1	42
42	0	47
47	1	42
46	0	52
52	1	46
72	0	82
82	1	72
72	0	75
75	1	72
72	0	78
78	1	72
72	0	81
81	1	72
72	0	76
76	1	72
76	0	82
82	1	76
76	0	78
78	1	76
9	0	77
77	1	9
9	0	73
73	1	9
71	0	85
85	1	71
71	0	83
83	1	71
71	0	74
74	1	71
57	0	64
64	1	57
57	0	77
77	1	57
57	0	70
70	1	57
57	0	89
89	1	57
57	0	88
88	1	57
57	0	85
85	1	57
57	0	80
80	1	57
57	0	90
90	1	57
47	0	72
72	1	47
47	0	67
67	1	47
47	0	69
69	1	47
47	0	55
55	1	47
47	0	53
53	1	47
47	0	58
58	1	47
65	0	69
69	1	65
65	0	73
73	1	65
65	0	72
72	1	65
67	0	69
69	1	67
67	0	72
72	1	67
88	0	89
89	1	88
88	0	90
90	1	88
40	0	48
48	1	40
40	0	43
43	1	40
62	0	66
66	1	62
74	0	85
85	1	74
5	0	41
41	1	5
63	0	67
67	1	63
89	0	90
90	1	89
89	0	91
91	1	89
50	0	54
54	1	50
78	0	82
82	1	78
79	0	83
83	1	79
45	0	51
51	1	45
21	0	30
30	1	21
84	0	86
86	1	84
14	0	55
55	1	14
38	0	55
55	1	38
