2	13	0
2	11	1
3	13	2
3	13	3
3	12	4
5	13	5
6	20	6
7	12	4
7	13	7
7	13	8
8	6	9
8	6	10
8	14	11
8	5	12
9	6	13
9	14	14
9	14	15
9	14	16
10	20	17
11	3	18
11	3	19
12	36	20
12	37	21
13	13	22
14	43	23
14	14	24
14	14	25
15	13	26
16	6	1
16	14	27
17	12	28
17	13	29
17	13	30
18	13	31
18	13	32
19	6	33
19	14	34
20	13	35
20	11	36
21	13	37
22	6	38
23	6	39
23	5	40
23	5	41
24	14	42
24	5	28
25	13	43
28	13	44
28	11	4
29	13	45
32	37	36
32	36	49
33	6	50
34	36	51
34	37	52
35	13	53
37	13	54
39	13	55
40	11	56
40	13	57
41	14	58
42	13	59
43	11	60
43	13	61
44	36	62
45	14	63
46	13	64
48	14	65
48	5	66
49	5	18
50	13	67
53	6	69
54	9	70
55	13	71
56	13	72
56	11	73
57	13	74
57	13	75
58	13	76
59	13	77
61	14	79
62	13	80
65	14	84
65	6	1
66	4	85
66	9	86
67	36	87
67	37	88
69	13	89
74	13	96
74	12	4
77	6	100
77	5	4
78	5	12
78	5	101
78	5	102
78	5	103
78	43	104
78	43	105
78	14	106
78	14	107
78	14	108
79	6	1
79	43	109
79	14	110
80	13	111
82	64	112
83	5	18
84	13	113
85	13	114
86	27	115
88	43	116
88	14	117
88	5	18
90	27	118
91	14	60
91	6	70
92	18	1
92	10	119
92	9	120
93	6	121
93	14	122
93	14	123
93	14	124
93	14	125
94	13	126
95	13	79
96	14	127
96	43	128
96	43	129
97	119	87
98	6	130
98	14	131
99	28	1
100	13	132
101	13	133
101	12	4
102	13	134
103	13	135
103	12	4
104	6	56
104	43	109
104	5	136
105	13	137
106	18	1
106	10	138
106	9	41
107	5	4
107	5	18
108	43	116
108	14	117
108	5	18
109	6	121
110	13	139
110	12	4
111	5	140
111	43	109
113	6	141
113	5	18
113	5	142
114	13	143
115	10	144
115	3	18
115	18	145
116	15	146
116	15	147
116	15	148
116	15	149
116	15	150
116	15	151
116	15	7
116	15	143
116	15	152
116	15	60
116	15	153
116	15	154
116	15	155
116	15	156
116	15	157
116	15	158
116	15	159
116	15	160
116	15	161
116	15	162
116	15	163
116	15	135
116	15	22
116	15	132
116	15	76
116	15	164
116	15	165
116	15	166
116	15	167
116	15	168
116	15	77
116	15	169
116	15	170
116	15	171
116	15	172
116	15	53
116	15	173
116	15	174
116	15	175
116	15	176
116	15	177
116	15	178
116	15	136
116	15	179
116	15	180
116	15	181
116	15	182
116	15	80
116	15	96
116	15	12
116	15	183
116	15	184
116	15	185
116	15	186
116	15	126
116	15	187
116	15	188
116	15	189
116	15	190
116	15	191
116	15	192
116	15	193
116	15	194
116	15	195
116	15	196
116	15	197
116	15	198
116	15	199
116	15	137
116	15	84
116	15	200
116	15	201
116	15	202
116	15	59
116	15	203
116	15	0
116	15	134
116	15	204
116	15	205
116	15	206
116	15	207
116	15	208
116	15	209
116	15	2
116	15	210
116	15	211
116	15	212
116	15	35
116	15	213
116	15	214
116	15	215
116	15	216
116	15	217
116	15	42
116	15	218
116	15	219
116	15	45
116	15	220
116	15	221
116	15	222
116	15	223
116	15	224
116	15	225
116	15	226
116	15	227
116	15	228
116	15	229
116	15	230
116	15	8
116	15	13
116	15	231
116	15	232
116	15	106
116	15	233
116	15	234
116	15	103
116	15	235
116	15	26
116	15	236
116	15	29
116	15	237
116	15	238
116	15	239
116	15	4
116	15	240
116	16	241
116	16	242
116	16	149
116	16	243
116	16	244
116	16	245
116	16	246
116	16	28
116	16	247
116	16	248
116	16	249
116	16	250
116	16	251
116	16	252
116	16	233
116	16	66
116	16	12
116	16	41
116	16	253
116	16	103
116	16	254
116	16	255
116	16	256
116	16	257
116	16	258
116	16	259
116	16	260
116	16	261
116	16	262
116	16	263
116	16	264
116	16	86
116	16	265
116	16	266
116	16	101
116	16	267
116	16	268
116	16	4
116	16	269
116	16	270
116	16	271
116	16	18
116	16	136
116	24	272
116	24	100
116	24	273
116	24	1
116	24	274
116	24	275
116	24	56
116	24	60
116	24	276
116	24	277
116	24	278
116	24	279
116	24	280
116	24	281
116	24	282
116	24	112
116	24	283
116	24	284
116	24	285
116	24	170
116	24	286
116	24	4
116	24	36
116	24	70
116	26	287
116	26	116
116	26	288
116	26	289
116	26	119
116	26	290
116	26	291
116	26	292
116	26	109
116	26	128
116	26	23
116	26	293
116	26	294
116	26	295
116	26	296
116	26	297
116	26	105
116	26	298
116	26	299
116	26	300
116	26	144
116	26	301
116	26	85
116	26	302
116	26	303
116	26	304
116	26	305
116	26	306
116	26	104
116	25	307
118	49	308
118	49	272
118	59	309
120	11	36
120	12	235
120	12	201
120	13	310
121	22	311
122	12	215
122	13	312
123	23	4
123	20	313
124	85	112
124	93	243
125	57	272
126	49	314
126	49	315
127	13	316
128	13	317
129	20	200
130	13	182
130	13	176
130	13	164
130	13	166
130	13	196
131	28	318
132	13	84
132	11	1
132	12	319
133	14	170
133	14	320
133	14	321
134	18	322
134	9	28
135	13	173
135	12	153
136	20	160
137	20	156
137	23	253
138	6	1
138	43	119
138	5	120
138	14	323
139	36	324
139	37	4
140	74	325
140	62	70
140	62	326
141	13	327
141	13	240
141	11	272
142	14	42
142	5	245
144	43	109
144	5	136
145	5	245
145	5	28
146	14	187
147	13	157
148	6	36
148	43	293
148	5	328
149	13	329
150	20	330
150	31	331
152	13	332
153	20	229
154	13	333
154	12	334
155	11	279
155	12	246
155	13	151
157	14	335
157	43	144
158	20	336
159	13	337
160	13	204
160	13	177
161	13	58
162	20	338
163	13	339
164	13	24
164	13	25
165	13	340
168	13	341
171	13	342
172	13	343
173	13	344
173	13	345
174	84	112
174	99	243
175	37	223
176	38	314
177	10	346
177	9	271
178	20	216
178	19	36
179	5	233
179	14	265
180	14	196
182	20	155
182	19	1
182	31	293
183	13	170
183	13	320
184	43	299
184	14	347
184	14	322
184	5	28
185	6	348
185	14	1
186	6	70
187	14	349
187	5	245
188	27	272
188	78	350
189	20	351
189	20	187
190	11	352
190	13	353
190	13	354
191	31	331
192	6	1
192	5	86
193	31	293
193	20	229
194	53	12
194	53	18
195	10	355
195	18	356
196	9	241
197	12	4
198	28	357
198	28	1
199	20	358
200	13	359
201	6	70
202	13	360
202	13	361
202	13	224
202	13	227
202	13	362
202	13	206
202	13	13
202	13	207
202	13	150
202	13	363
202	13	364
202	13	365
202	13	209
202	13	366
202	13	367
202	13	368
202	13	152
202	13	60
202	13	234
202	13	369
202	13	210
202	13	183
202	13	370
202	13	211
202	13	127
202	13	371
202	13	372
202	13	107
202	13	373
202	13	184
202	13	374
202	13	158
202	13	159
202	13	375
202	13	376
202	13	377
202	13	378
202	13	379
202	13	187
202	13	380
202	13	163
202	13	381
202	13	190
202	13	192
202	13	112
202	13	165
202	13	382
202	13	167
202	13	383
202	13	239
202	13	199
202	13	384
202	13	220
202	13	385
202	13	386
202	13	221
202	13	387
202	13	388
202	13	389
202	12	147
202	12	242
202	12	205
202	12	232
202	12	28
202	12	181
202	12	106
202	12	233
202	12	390
202	12	391
202	12	12
202	12	392
202	12	162
202	12	191
202	12	393
202	12	266
202	12	101
202	12	268
202	12	4
202	12	18
202	12	136
202	11	280
202	11	1
202	11	281
202	11	394
202	11	395
202	11	36
203	20	330
203	31	331
204	6	4
204	5	28
205	6	36
205	43	293
205	14	396
205	5	328
206	13	397
206	13	398
207	28	358
207	28	399
208	101	359
209	6	70
210	38	400
212	27	401
212	27	402
212	27	403
213	27	404
214	27	405
215	10	406
215	3	251
215	9	407
216	20	189
216	31	128
216	23	4
217	28	408
217	28	409
218	28	410
219	20	411
220	13	171
221	20	412
222	29	273
222	30	413
222	76	12
223	31	307
223	23	181
223	20	414
224	31	299
224	20	347
224	20	209
224	20	322
224	20	415
224	20	416
224	23	136
224	23	28
224	19	1
225	13	417
225	12	390
226	13	212
227	20	418
228	20	96
228	31	287
228	23	4
229	10	33
229	10	34
229	9	243
230	57	419
231	28	420
231	28	421
232	20	422
233	15	18
233	24	1
233	25	423
233	16	18
234	20	424
235	13	425
235	11	1
235	12	4
236	13	426
237	13	427
237	11	1
237	12	4
238	11	428
238	13	429
239	6	272
239	6	223
239	14	397
240	73	4
240	72	49
241	10	406
241	3	251
241	9	407
242	3	407
242	10	430
242	9	431
243	52	413
243	53	12
244	20	416
245	31	432
245	20	433
245	23	434
245	23	28
246	28	435
247	28	436
247	28	437
248	10	34
248	9	243
248	9	65
249	6	50
250	72	419
250	87	438
251	20	439
251	20	192
251	20	216
251	20	440
253	6	441
253	14	4
254	6	442
254	14	4
255	53	12
255	53	18
256	48	443
256	48	444
256	46	445
256	42	446
257	31	432
257	20	447
257	23	434
258	14	326
259	9	448
259	10	440
260	13	449
261	6	1
261	14	42
261	5	4
262	6	1
262	14	450
262	5	4
