2	13	0
2	13	1
3	25	2
3	16	3
4	49	4
4	59	5
5	15	6
6	6	7
6	14	8
9	20	9
9	31	10
9	23	11
10	6	12
10	14	13
10	5	14
12	18	16
13	7	17
13	68	18
14	18	19
15	31	20
15	20	21
16	27	22
17	65	23
17	66	24
19	20	25
20	87	26
20	87	27
20	72	28
21	24	29
21	24	22
21	25	30
21	16	31
22	6	32
23	10	33
23	4	34
23	9	35
24	87	36
24	72	37
24	72	38
25	42	39
26	6	40
27	11	41
28	49	42
28	59	43
29	6	44
29	5	5
30	6	45
31	23	46
31	20	47
31	20	48
31	31	10
32	48	49
33	49	50
33	49	51
34	17	25
35	101	28
36	72	28
37	24	22
37	26	30
37	15	52
37	15	53
37	16	54
37	16	55
37	25	30
38	18	39
38	10	25
39	18	39
39	9	56
40	11	40
40	12	57
40	13	58
42	20	47
43	50	28
44	6	22
44	6	59
44	6	60
44	6	61
44	6	62
44	6	63
44	6	64
44	6	65
44	14	29
44	14	66
44	14	67
44	14	68
44	5	69
45	6	70
45	14	71
46	25	30
47	42	72
47	41	73
47	41	74
47	41	75
47	41	76
47	41	54
47	41	77
47	41	78
48	18	79
48	10	39
48	9	56
49	35	80
49	17	9
49	17	47
49	40	81
50	42	60
52	42	72
52	41	73
52	41	74
52	41	75
52	41	76
52	41	54
52	41	77
52	41	78
54	28	39
54	28	25
54	71	82
55	49	80
55	49	83
55	49	84
55	49	85
55	49	86
55	49	87
55	49	88
55	49	89
55	59	46
55	59	90
56	11	22
56	13	29
56	13	91
56	12	76
57	3	92
57	18	39
57	18	25
57	9	93
57	9	92
58	49	80
58	49	47
58	59	81
59	21	94
59	21	95
59	21	96
59	21	97
59	21	98
59	21	86
59	21	99
59	21	100
59	21	101
59	21	102
59	21	103
59	21	104
59	22	46
59	22	105
59	22	106
59	22	107
60	24	22
60	25	108
60	25	30
60	15	109
60	15	110
60	16	111
60	16	112
60	16	113
60	16	114
60	16	115
60	16	116
60	16	117
60	26	108
62	18	39
62	9	118
63	16	49
63	16	46
63	16	119
63	16	120
63	16	121
63	16	24
63	16	117
63	16	105
63	16	107
63	16	122
63	16	35
63	16	111
63	16	123
63	16	113
63	16	124
63	16	125
63	16	11
63	16	114
63	16	126
63	16	127
63	16	128
63	16	129
63	16	130
63	25	131
63	25	2
63	25	132
63	25	133
63	25	134
63	25	135
63	25	136
63	25	137
63	25	138
63	25	18
63	25	139
63	25	10
63	25	140
63	25	30
63	15	141
63	15	39
63	15	142
63	15	22
63	15	143
63	15	144
63	15	145
63	15	146
63	15	147
63	15	148
63	15	149
63	15	150
63	15	151
63	15	21
63	15	152
63	15	153
63	15	154
63	15	155
63	15	156
63	15	157
63	15	158
63	15	159
63	15	160
63	15	161
63	15	162
63	15	163
63	15	164
63	15	165
63	15	166
63	15	167
63	15	168
63	15	169
63	15	170
63	15	171
63	15	172
63	15	173
63	15	174
63	15	175
63	15	176
63	15	177
63	15	178
63	15	179
63	15	180
63	15	181
63	15	182
63	15	183
63	15	184
63	15	185
63	15	186
63	15	187
63	15	126
63	15	188
63	15	189
63	15	190
63	15	91
63	15	191
63	15	192
63	15	193
63	15	194
63	15	195
63	15	196
63	15	197
63	15	198
63	15	40
63	15	199
63	15	200
63	15	201
63	15	202
63	15	203
63	15	204
63	15	205
63	15	206
63	15	207
63	15	208
63	15	25
63	16	49
63	16	148
63	16	46
63	16	120
63	16	209
63	16	117
63	16	122
63	16	210
63	16	170
63	16	211
63	16	212
63	16	213
63	16	214
63	16	11
63	16	215
63	16	216
63	16	127
63	16	217
63	16	129
63	16	218
63	16	81
63	26	132
63	26	34
63	26	219
63	26	135
63	26	220
63	26	221
63	26	10
63	26	222
63	26	30
63	24	223
63	24	39
63	24	22
63	24	144
63	24	224
63	24	225
63	24	226
63	24	227
63	24	228
63	24	150
63	24	68
63	24	229
63	24	161
63	24	164
63	24	230
63	24	231
63	24	232
63	24	233
63	24	61
63	24	171
63	24	176
63	24	234
63	24	235
63	24	236
63	24	32
63	24	237
63	24	63
63	24	238
63	24	64
63	24	239
63	24	240
63	24	241
63	24	242
63	24	243
63	24	244
63	24	245
63	24	246
63	24	247
64	19	171
64	20	248
64	23	46
65	29	237
66	31	2
66	23	213
66	20	249
67	28	250
68	19	161
68	31	133
68	20	251
71	28	252
72	18	253
72	9	82
72	10	254
73	28	255
74	10	256
75	72	180
75	72	257
75	72	258
75	72	259
75	87	36
76	29	94
78	23	170
78	20	260
79	116	261
79	93	262
79	85	224
79	85	164
79	85	263
80	28	264
80	28	265
81	18	25
81	9	266
82	48	88
82	42	89
83	19	267
83	31	30
83	23	211
83	23	268
83	20	191
84	20	269
84	20	270
84	20	271
84	31	137
84	23	216
85	28	272
85	28	273
86	13	160
87	10	274
87	9	215
88	11	22
88	13	275
89	28	276
89	28	277
89	28	278
90	21	279
90	21	280
90	21	281
90	21	282
90	22	46
91	22	49
92	65	197
93	50	27
94	75	157
94	75	283
95	6	22
95	5	49
95	14	284
95	14	285
95	14	286
95	14	287
95	14	288
96	18	197
97	13	147
97	12	46
98	10	289
98	9	215
99	10	290
99	9	35
100	18	291
100	4	292
100	9	293
100	3	46
101	10	294
101	9	46
102	20	168
102	31	30
102	23	122
103	6	295
103	6	224
103	6	296
103	6	68
103	14	297
103	5	298
104	6	22
104	6	299
104	5	300
104	14	5
105	42	72
105	46	301
105	41	113
106	3	302
106	3	152
106	18	21
106	9	303
107	84	164
108	28	22
109	6	231
110	6	304
110	43	305
110	14	199
111	48	306
111	41	11
112	10	307
112	9	308
113	20	309
114	23	310
114	20	311
115	13	312
115	12	125
116	20	313
117	20	314
117	20	315
118	13	316
118	13	317
119	19	245
119	23	46
119	20	318
120	10	25
120	9	123
122	72	258
123	72	223
124	29	94
125	17	25
125	40	81
126	25	30
127	10	319
127	9	81
128	19	22
128	20	320
129	18	276
129	18	278
129	9	321
130	27	322
130	78	49
131	100	262
131	101	323
132	65	197
133	13	324
133	12	325
134	31	220
134	20	145
134	20	198
135	45	291
136	10	294
136	9	46
137	87	326
137	72	241
138	42	4
138	46	327
138	48	328
139	13	21
139	12	302
139	12	152
140	93	329
140	85	164
142	6	22
142	14	29
143	16	310
144	20	192
144	31	221
144	23	330
144	23	125
145	18	331
145	10	48
145	9	128
146	49	89
146	49	332
146	49	333
146	49	334
147	10	335
147	18	336
147	18	337
147	9	46
148	20	39
148	20	158
148	20	25
148	19	32
148	19	39
148	31	136
149	92	36
149	50	38
150	74	94
151	3	81
151	9	46
152	19	22
152	31	30
152	23	117
152	20	338
153	20	339
153	31	30
153	23	114
153	23	212
154	20	340
154	31	30
154	23	217
154	23	210
154	23	341
155	18	342
156	116	261
156	93	343
156	85	204
157	13	344
157	12	81
158	27	345
159	10	84
159	9	46
160	50	241
161	87	299
161	72	346
161	72	233
161	72	224
161	72	63
162	99	347
162	99	348
162	84	164
163	13	349
163	12	105
164	72	192
165	29	331
166	48	306
166	70	47
166	70	89
166	70	174
167	48	39
167	41	56
167	42	350
168	10	351
168	9	82
169	50	258
170	87	36
170	72	172
171	27	99
171	27	352
172	10	353
172	9	46
173	11	22
173	12	127
173	13	354
174	20	355
174	31	30
174	23	148
175	20	356
175	31	30
175	19	22
175	23	120
176	49	357
176	49	342
177	29	84
178	50	346
179	13	358
179	11	63
179	12	359
180	65	164
181	20	360
181	23	105
181	23	119
182	50	192
183	10	39
183	9	361
184	27	362
185	19	22
185	31	30
185	23	127
185	20	363
186	65	164
187	12	364
187	13	365
188	11	22
188	12	366
188	13	367
189	78	368
189	27	369
189	27	370
189	27	371
190	72	164
191	23	117
191	20	372
191	20	373
192	31	30
192	19	22
192	23	366
192	20	191
193	20	191
193	19	22
193	23	148
194	12	130
195	72	374
195	72	242
195	72	22
195	72	375
195	72	376
195	72	377
195	72	378
195	72	379
195	72	380
195	72	342
195	73	381
195	73	115
195	73	321
195	73	382
195	87	383
195	87	384
195	87	253
196	12	130
196	13	385
197	92	253
197	50	379
198	92	384
198	50	386
199	51	115
200	92	277
200	50	342
201	6	22
201	14	387
201	5	388
202	23	130
202	20	389
203	28	390
203	28	391
204	65	392
205	6	22
205	14	393
205	14	394
205	5	395
206	37	396
206	37	397
206	36	392
206	36	398
206	60	46
207	10	393
207	3	399
208	36	400
208	37	401
