81	0	139
139	1	81
81	0	106
106	1	81
81	0	107
107	1	81
81	0	108
108	1	81
81	0	229
229	1	81
81	0	266
266	1	81
81	0	267
267	1	81
81	0	268
268	1	81
81	0	127
127	1	81
81	0	118
118	1	81
81	0	93
93	1	81
81	0	110
110	1	81
81	0	109
109	1	81
81	0	94
94	1	81
81	0	95
95	1	81
81	0	96
96	1	81
81	0	97
97	1	81
81	0	98
98	1	81
138	0	139
139	1	138
138	0	242
242	1	138
138	0	217
217	1	138
138	0	140
140	1	138
138	0	209
209	1	138
119	0	139
139	1	119
119	0	128
128	1	119
119	0	159
159	1	119
119	0	138
138	1	119
119	0	129
129	1	119
119	0	130
130	1	119
119	0	131
131	1	119
36	0	139
139	1	36
128	0	139
139	1	128
128	0	271
271	1	128
128	0	137
137	1	128
42	0	139
139	1	42
42	0	80
80	1	42
42	0	171
171	1	42
42	0	81
81	1	42
104	0	112
112	1	104
104	0	113
113	1	104
104	0	139
139	1	104
104	0	146
146	1	104
104	0	127
127	1	104
104	0	212
212	1	104
104	0	271
271	1	104
104	0	132
132	1	104
104	0	120
120	1	104
104	0	171
171	1	104
104	0	122
122	1	104
104	0	133
133	1	104
104	0	136
136	1	104
104	0	166
166	1	104
104	0	245
245	1	104
104	0	272
272	1	104
104	0	225
225	1	104
104	0	169
169	1	104
104	0	137
137	1	104
104	0	230
230	1	104
104	0	125
125	1	104
104	0	114
114	1	104
104	0	128
128	1	104
104	0	115
115	1	104
104	0	116
116	1	104
139	0	141
141	1	139
139	0	218
218	1	139
139	0	241
241	1	139
139	0	239
239	1	139
139	0	142
142	1	139
139	0	223
223	1	139
139	0	236
236	1	139
139	0	143
143	1	139
139	0	144
144	1	139
139	0	237
237	1	139
139	0	281
281	1	139
139	0	220
220	1	139
139	0	145
145	1	139
139	0	274
274	1	139
139	0	146
146	1	139
139	0	147
147	1	139
139	0	271
271	1	139
139	0	148
148	1	139
139	0	149
149	1	139
139	0	244
244	1	139
139	0	150
150	1	139
139	0	151
151	1	139
139	0	152
152	1	139
139	0	279
279	1	139
139	0	153
153	1	139
139	0	275
275	1	139
139	0	276
276	1	139
139	0	154
154	1	139
139	0	221
221	1	139
139	0	155
155	1	139
139	0	156
156	1	139
139	0	284
284	1	139
139	0	233
233	1	139
139	0	225
225	1	139
139	0	222
222	1	139
139	0	157
157	1	139
139	0	254
254	1	139
139	0	158
158	1	139
139	0	159
159	1	139
139	0	229
229	1	139
139	0	266
266	1	139
139	0	160
160	1	139
139	0	240
240	1	139
139	0	161
161	1	139
139	0	269
269	1	139
139	0	265
265	1	139
139	0	162
162	1	139
139	0	226
226	1	139
139	0	267
267	1	139
139	0	268
268	1	139
139	0	163
163	1	139
139	0	224
224	1	139
139	0	164
164	1	139
139	0	165
165	1	139
139	0	166
166	1	139
139	0	255
255	1	139
139	0	277
277	1	139
139	0	232
232	1	139
139	0	270
270	1	139
139	0	234
234	1	139
139	0	167
167	1	139
139	0	238
238	1	139
139	0	283
283	1	139
139	0	280
280	1	139
139	0	278
278	1	139
139	0	230
230	1	139
139	0	168
168	1	139
139	0	253
253	1	139
139	0	169
169	1	139
139	0	256
256	1	139
139	0	170
170	1	139
139	0	171
171	1	139
139	0	172
172	1	139
139	0	173
173	1	139
139	0	174
174	1	139
139	0	175
175	1	139
139	0	227
227	1	139
139	0	176
176	1	139
139	0	219
219	1	139
139	0	243
243	1	139
139	0	177
177	1	139
139	0	228
228	1	139
139	0	178
178	1	139
139	0	179
179	1	139
139	0	180
180	1	139
139	0	181
181	1	139
139	0	182
182	1	139
139	0	263
263	1	139
139	0	183
183	1	139
139	0	184
184	1	139
139	0	185
185	1	139
139	0	260
260	1	139
139	0	186
186	1	139
139	0	187
187	1	139
139	0	188
188	1	139
139	0	189
189	1	139
139	0	190
190	1	139
139	0	191
191	1	139
139	0	192
192	1	139
139	0	193
193	1	139
139	0	194
194	1	139
139	0	195
195	1	139
139	0	196
196	1	139
139	0	282
282	1	139
139	0	197
197	1	139
139	0	242
242	1	139
139	0	198
198	1	139
139	0	199
199	1	139
139	0	231
231	1	139
139	0	235
235	1	139
139	0	200
200	1	139
139	0	201
201	1	139
139	0	202
202	1	139
139	0	203
203	1	139
139	0	258
258	1	139
139	0	251
251	1	139
139	0	204
204	1	139
139	0	205
205	1	139
139	0	206
206	1	139
139	0	207
207	1	139
139	0	208
208	1	139
139	0	209
209	1	139
139	0	210
210	1	139
139	0	211
211	1	139
139	0	212
212	1	139
139	0	213
213	1	139
139	0	214
214	1	139
139	0	247
247	1	139
139	0	252
252	1	139
139	0	261
261	1	139
139	0	262
262	1	139
139	0	215
215	1	139
139	0	216
216	1	139
117	0	135
135	1	117
117	0	226
226	1	117
117	0	139
139	1	117
117	0	172
172	1	117
117	0	126
126	1	117
130	0	139
139	1	130
130	0	159
159	1	130
4	0	139
139	1	4
4	0	159
159	1	4
4	0	130
130	1	4
20	0	269
269	1	20
241	0	271
271	1	241
205	0	271
271	1	205
205	0	241
241	1	205
11	0	139
139	1	11
11	0	203
203	1	11
23	0	139
139	1	23
23	0	183
183	1	23
23	0	71
71	1	23
111	0	139
139	1	111
111	0	119
119	1	111
44	0	139
139	1	44
44	0	99
99	1	44
44	0	119
119	1	44
44	0	111
111	1	44
44	0	200
200	1	44
44	0	142
142	1	44
44	0	82
82	1	44
44	0	83
83	1	44
29	0	92
92	1	29
29	0	75
75	1	29
29	0	139
139	1	29
29	0	204
204	1	29
29	0	258
258	1	29
210	0	243
243	1	210
100	0	177
177	1	100
100	0	228
228	1	100
100	0	139
139	1	100
100	0	265
265	1	100
51	0	177
177	1	51
51	0	228
228	1	51
51	0	139
139	1	51
51	0	265
265	1	51
51	0	100
100	1	51
51	0	84
84	1	51
51	0	145
145	1	51
32	0	269
269	1	32
206	0	271
271	1	206
206	0	241
241	1	206
19	0	70
70	1	19
14	0	269
269	1	14
207	0	271
271	1	207
207	0	241
241	1	207
110	0	127
127	1	110
110	0	136
136	1	110
110	0	139
139	1	110
110	0	224
224	1	110
110	0	118
118	1	110
211	0	244
244	1	211
220	0	255
255	1	220
13	0	151
151	1	13
13	0	139
139	1	13
271	0	277
277	1	271
271	0	283
283	1	271
271	0	278
278	1	271
271	0	279
279	1	271
271	0	284
284	1	271
271	0	280
280	1	271
271	0	281
281	1	271
271	0	282
282	1	271
54	0	139
139	1	54
54	0	271
271	1	54
54	0	277
277	1	54
54	0	104
104	1	54
54	0	212
212	1	54
234	0	270
270	1	234
234	0	275
275	1	234
234	0	276
276	1	234
64	0	87
87	1	64
64	0	139
139	1	64
3	0	139
139	1	3
3	0	62
62	1	3
3	0	63
63	1	3
78	0	271
271	1	78
235	0	284
284	1	235
235	0	271
271	1	235
235	0	281
281	1	235
28	0	139
139	1	28
28	0	181
181	1	28
28	0	74
74	1	28
48	0	131
131	1	48
202	0	238
238	1	202
24	0	238
238	1	24
24	0	202
202	1	24
24	0	139
139	1	24
2	0	271
271	1	2
2	0	139
139	1	2
2	0	283
283	1	2
2	0	280
280	1	2
2	0	182
182	1	2
182	0	271
271	1	182
182	0	283
283	1	182
182	0	280
280	1	182
280	0	283
283	1	280
6	0	102
102	1	6
6	0	231
231	1	6
6	0	230
230	1	6
6	0	139
139	1	6
6	0	123
123	1	6
6	0	187
187	1	6
6	0	185
185	1	6
6	0	66
66	1	6
6	0	88
88	1	6
6	0	134
134	1	6
66	0	102
102	1	66
66	0	231
231	1	66
66	0	187
187	1	66
66	0	88
88	1	66
66	0	134
134	1	66
66	0	139
139	1	66
157	0	222
222	1	157
157	0	256
256	1	157
257	0	273
273	1	257
218	0	254
254	1	218
218	0	271
271	1	218
113	0	139
139	1	113
113	0	171
171	1	113
113	0	121
121	1	113
94	0	229
229	1	94
94	0	269
269	1	94
94	0	266
266	1	94
94	0	106
106	1	94
214	0	248
248	1	214
214	0	249
249	1	214
214	0	250
250	1	214
160	0	223
223	1	160
99	0	119
119	1	99
99	0	139
139	1	99
99	0	111
111	1	99
99	0	200
200	1	99
99	0	142
142	1	99
82	0	119
119	1	82
82	0	200
200	1	82
82	0	139
139	1	82
82	0	111
111	1	82
82	0	99
99	1	82
8	0	139
139	1	8
8	0	68
68	1	8
8	0	227
227	1	8
8	0	176
176	1	8
9	0	219
219	1	9
9	0	271
271	1	9
90	0	284
284	1	90
90	0	139
139	1	90
90	0	119
119	1	90
95	0	229
229	1	95
95	0	269
269	1	95
95	0	267
267	1	95
95	0	107
107	1	95
114	0	133
133	1	114
114	0	122
122	1	114
96	0	229
229	1	96
96	0	269
269	1	96
96	0	268
268	1	96
96	0	108
108	1	96
127	0	136
136	1	127
127	0	139
139	1	127
127	0	224
224	1	127
98	0	127
127	1	98
98	0	118
118	1	98
98	0	139
139	1	98
98	0	110
110	1	98
137	0	139
139	1	137
137	0	271
271	1	137
125	0	139
139	1	125
116	0	139
139	1	116
116	0	125
125	1	116
27	0	139
139	1	27
27	0	153
153	1	27
27	0	192
192	1	27
153	0	270
270	1	153
153	0	275
275	1	153
153	0	234
234	1	153
192	0	270
270	1	192
192	0	234
234	1	192
192	0	275
275	1	192
5	0	139
139	1	5
5	0	87
87	1	5
5	0	64
64	1	5
5	0	65
65	1	5
65	0	139
139	1	65
55	0	246
246	1	55
213	0	246
246	1	213
213	0	247
247	1	213
213	0	271
271	1	213
41	0	246
246	1	41
41	0	213
213	1	41
41	0	271
271	1	41
62	0	156
156	1	62
62	0	271
271	1	62
62	0	139
139	1	62
37	0	271
271	1	37
37	0	78
78	1	37
15	0	139
139	1	15
195	0	284
284	1	195
195	0	235
235	1	195
194	0	259
259	1	194
226	0	259
259	1	226
226	0	260
260	1	226
226	0	261
261	1	226
226	0	262
262	1	226
38	0	259
259	1	38
38	0	139
139	1	38
38	0	79
79	1	38
38	0	226
226	1	38
12	0	138
138	1	12
12	0	129
129	1	12
12	0	131
131	1	12
12	0	119
119	1	12
12	0	181
181	1	12
12	0	139
139	1	12
7	0	103
103	1	7
7	0	139
139	1	7
7	0	89
89	1	7
7	0	67
67	1	7
115	0	185
185	1	115
115	0	139
139	1	115
115	0	230
230	1	115
115	0	123
123	1	115
115	0	124
124	1	115
59	0	86
86	1	59
217	0	253
253	1	217
140	0	253
253	1	140
140	0	217
217	1	140
61	0	253
253	1	61
61	0	217
217	1	61
61	0	140
140	1	61
222	0	256
256	1	222
222	0	257
257	1	222
121	0	139
139	1	121
21	0	139
139	1	21
21	0	171
171	1	21
126	0	139
139	1	126
126	0	135
135	1	126
135	0	139
139	1	135
135	0	226
226	1	135
109	0	226
226	1	109
109	0	172
172	1	109
109	0	139
139	1	109
109	0	135
135	1	109
109	0	126
126	1	109
109	0	117
117	1	109
83	0	139
139	1	83
83	0	142
142	1	83
83	0	160
160	1	83
83	0	99
99	1	83
10	0	139
139	1	10
10	0	198
198	1	10
71	0	139
139	1	71
71	0	90
90	1	71
71	0	119
119	1	71
144	0	219
219	1	144
144	0	284
284	1	144
144	0	269
269	1	144
144	0	259
259	1	144
219	0	284
284	1	219
219	0	269
269	1	219
84	0	139
139	1	84
84	0	145
145	1	84
84	0	177
177	1	84
84	0	228
228	1	84
84	0	265
265	1	84
84	0	100
100	1	84
57	0	139
139	1	57
57	0	226
226	1	57
244	0	277
277	1	244
150	0	255
255	1	150
150	0	220
220	1	150
43	0	139
139	1	43
91	0	104
104	1	91
123	0	230
230	1	123
123	0	139
139	1	123
123	0	185
185	1	123
123	0	134
134	1	123
185	0	230
230	1	185
88	0	230
230	1	88
88	0	139
139	1	88
88	0	123
123	1	88
88	0	185
185	1	88
88	0	134
134	1	88
88	0	187
187	1	88
88	0	102
102	1	88
102	0	139
139	1	102
102	0	187
187	1	102
102	0	123
123	1	102
102	0	231
231	1	102
102	0	134
134	1	102
102	0	185
185	1	102
134	0	139
139	1	134
134	0	187
187	1	134
134	0	185
185	1	134
245	0	272
272	1	245
56	0	101
101	1	56
56	0	139
139	1	56
56	0	226
226	1	56
56	0	85
85	1	56
129	0	138
138	1	129
141	0	218
218	1	141
191	0	271
271	1	191
191	0	233
233	1	191
40	0	139
139	1	40
189	0	232
232	1	189
67	0	103
103	1	67
67	0	89
89	1	67
169	0	225
225	1	169
33	0	248
248	1	33
33	0	76
76	1	33
26	0	249
249	1	26
26	0	73
73	1	26
17	0	250
250	1	17
17	0	69
69	1	17
79	0	139
139	1	79
79	0	226
226	1	79
53	0	139
139	1	53
97	0	139
139	1	97
97	0	109
109	1	97
122	0	133
133	1	122
120	0	132
132	1	120
118	0	139
139	1	118
118	0	127
127	1	118
118	0	136
136	1	118
118	0	224
224	1	118
180	0	271
271	1	180
80	0	139
139	1	80
181	0	260
260	1	181
229	0	266
266	1	229
229	0	267
267	1	229
229	0	268
268	1	229
229	0	269
269	1	229
204	0	240
240	1	204
101	0	139
139	1	101
270	0	275
275	1	270
270	0	276
276	1	270
203	0	239
239	1	203
46	0	184
184	1	46
209	0	242
242	1	209
30	0	139
139	1	30
16	0	236
236	1	16
16	0	139
139	1	16
18	0	139
139	1	18
18	0	201
201	1	18
22	0	261
261	1	22
22	0	262
262	1	22
22	0	226
226	1	22
22	0	139
139	1	22
199	0	237
237	1	199
199	0	282
282	1	199
228	0	264
264	1	228
228	0	265
265	1	228
187	0	231
231	1	187
215	0	251
251	1	215
176	0	227
227	1	176
176	0	263
263	1	176
172	0	226
226	1	172
223	0	258
258	1	223
89	0	103
103	1	89
112	0	132
132	1	112
112	0	120
120	1	112
188	0	235
235	1	188
269	0	284
284	1	269
25	0	190
190	1	25
25	0	72
72	1	25
233	0	271
271	1	233
75	0	139
139	1	75
75	0	258
258	1	75
75	0	204
204	1	75
75	0	92
92	1	75
92	0	139
139	1	92
92	0	258
258	1	92
92	0	204
204	1	92
212	0	272
272	1	212
212	0	245
245	1	212
85	0	101
101	1	85
74	0	139
139	1	74
74	0	91
91	1	74
34	0	77
77	1	34
152	0	279
279	1	152
76	0	248
248	1	76
73	0	249
249	1	73
69	0	250
250	1	69
281	0	284
284	1	281
177	0	228
228	1	177
174	0	229
229	1	174
174	0	266
266	1	174
178	0	229
229	1	178
178	0	267
267	1	178
179	0	229
229	1	179
179	0	268
268	1	179
264	0	274
274	1	264
52	0	144
144	1	52
72	0	190
190	1	72
197	0	236
236	1	197
145	0	265
265	1	145
163	0	224
224	1	163
216	0	252
252	1	216
154	0	221
221	1	154
227	0	263
263	1	227
93	0	105
105	1	93
