2	74	0
3	12	1
3	12	2
3	13	3
3	13	4
3	13	5
3	13	6
4	11	7
4	11	0
4	12	8
5	11	9
5	13	10
6	11	0
6	12	8
7	4	11
7	9	12
8	4	13
8	9	14
9	14	15
9	14	16
9	6	0
10	5	17
11	5	8
11	6	18
13	12	19
13	13	20
14	11	0
14	12	8
15	5	8
15	6	21
16	5	1
16	5	2
16	6	0
17	49	22
17	49	23
18	14	24
18	5	8
19	10	25
19	4	11
20	10	26
20	4	13
21	5	17
22	6	27
22	43	28
22	43	29
22	5	30
23	14	31
23	5	8
24	14	32
25	11	0
25	12	8
26	11	0
26	12	8
27	4	13
27	4	11
27	9	12
27	9	14
28	14	32
29	11	0
29	13	33
30	14	34
30	5	8
31	2	35
31	2	36
31	2	37
31	2	38
31	2	39
31	2	40
31	2	41
31	2	42
31	2	43
32	11	0
32	13	44
33	14	45
33	5	8
34	14	24
34	14	45
34	14	31
34	14	34
34	5	8
35	73	8
35	72	46
36	73	8
36	72	47
37	6	48
37	6	49
37	6	50
37	6	44
37	6	33
37	6	0
37	6	51
37	6	52
37	43	53
37	43	54
37	14	55
37	14	56
37	14	57
37	14	58
37	14	59
37	14	60
37	14	61
37	5	8
38	5	8
38	14	62
39	74	63
39	74	64
39	62	65
40	14	66
40	6	0
41	14	67
41	6	0
42	14	68
42	6	0
43	14	69
43	6	0
44	5	8
45	5	8
45	5	19
45	5	70
45	14	20
46	13	67
46	11	0
47	13	68
47	11	0
48	78	71
48	27	72
49	13	73
49	12	70
50	16	74
50	16	75
50	16	2
50	16	76
50	16	70
50	16	8
50	16	77
50	16	1
50	16	78
50	16	79
50	16	80
50	16	81
50	16	82
50	16	83
50	16	84
50	16	19
50	16	85
50	25	86
50	25	87
50	25	88
50	25	89
50	25	90
50	25	91
50	15	92
50	15	93
50	15	94
50	15	95
50	15	96
50	15	97
50	15	98
50	15	99
50	15	100
50	15	101
50	15	102
50	15	103
50	15	104
50	15	105
50	15	106
50	15	107
50	15	108
50	15	109
50	15	110
50	15	111
50	15	112
50	15	113
50	15	114
50	15	115
50	15	70
50	15	116
50	15	117
50	15	118
50	15	119
50	15	120
50	15	121
50	15	122
50	15	123
50	15	124
50	15	125
50	15	126
50	15	127
50	15	128
50	15	15
50	15	129
50	15	130
50	15	131
50	15	132
50	15	133
50	16	134
50	16	70
50	24	135
50	24	0
50	24	131
50	24	132
50	24	136
50	24	7
50	26	137
50	26	86
50	26	138
50	26	88
51	13	139
51	11	132
51	12	94
52	12	140
52	12	74
52	12	70
52	12	109
52	12	141
52	12	96
52	12	81
52	12	123
52	12	101
52	12	84
52	12	112
52	12	102
52	13	93
52	13	142
52	13	97
52	13	143
52	13	144
52	13	145
52	13	146
52	13	147
52	13	148
52	13	113
52	13	149
52	13	150
52	13	151
52	13	152
52	13	153
52	13	154
52	13	155
52	13	156
52	13	157
52	11	107
52	11	25
52	11	120
52	11	131
52	11	26
53	31	90
53	23	158
53	20	159
54	23	19
54	20	133
55	42	160
56	42	161
57	13	162
58	6	163
58	6	0
58	14	164
59	12	8
59	13	62
60	6	165
60	6	0
60	14	166
60	14	167
60	14	168
60	14	169
60	14	170
61	2	171
61	2	172
61	2	173
62	2	174
62	2	175
62	2	176
64	34	103
68	34	117
70	42	177
71	73	8
71	72	178
72	20	179
73	20	180
74	31	181
74	23	109
74	20	182
75	42	183
76	42	184
77	20	114
77	31	11
78	20	122
78	31	13
79	13	66
79	11	0
80	13	69
80	11	0
81	20	185
81	23	78
82	20	186
82	23	80
83	32	187
84	2	188
84	2	189
84	2	190
85	4	191
85	4	192
85	4	193
85	4	194
85	4	195
85	9	196
85	9	197
85	9	198
85	9	199
85	9	200
86	51	8
86	50	178
87	17	179
87	40	201
88	17	180
88	40	202
89	31	89
89	23	19
89	20	203
90	31	87
90	23	19
90	20	204
91	49	8
91	49	205
91	49	0
91	49	206
92	52	185
92	53	78
93	52	186
93	53	80
94	2	207
94	2	208
94	2	209
96	51	8
96	50	46
97	51	8
97	50	47
