2	0	197
197	1	2
2	0	110
110	1	2
2	0	347
347	1	2
2	0	349
349	1	2
110	0	197
197	1	110
110	0	169
169	1	110
110	0	141
141	1	110
110	0	142
142	1	110
110	0	196
196	1	110
110	0	354
354	1	110
110	0	167
167	1	110
110	0	347
347	1	110
110	0	277
277	1	110
110	0	280
280	1	110
110	0	195
195	1	110
110	0	168
168	1	110
110	0	349
349	1	110
110	0	282
282	1	110
110	0	143
143	1	110
110	0	144
144	1	110
110	0	145
145	1	110
7	0	197
197	1	7
7	0	329
329	1	7
7	0	381
381	1	7
7	0	419
419	1	7
91	0	197
197	1	91
91	0	130
130	1	91
196	0	197
197	1	196
196	0	354
354	1	196
196	0	421
421	1	196
130	0	197
197	1	130
17	0	197
197	1	17
17	0	214
214	1	17
17	0	134
134	1	17
17	0	100
100	1	17
31	0	197
197	1	31
31	0	110
110	1	31
31	0	339
339	1	31
31	0	182
182	1	31
31	0	252
252	1	31
139	0	197
197	1	139
139	0	285
285	1	139
140	0	197
197	1	140
140	0	285
285	1	140
21	0	197
197	1	21
197	0	435
435	1	197
197	0	436
436	1	197
197	0	327
327	1	197
197	0	437
437	1	197
197	0	369
369	1	197
197	0	329
329	1	197
197	0	381
381	1	197
197	0	198
198	1	197
197	0	330
330	1	197
197	0	199
199	1	197
197	0	421
421	1	197
197	0	200
200	1	197
197	0	331
331	1	197
197	0	362
362	1	197
197	0	201
201	1	197
197	0	346
346	1	197
197	0	202
202	1	197
197	0	203
203	1	197
197	0	370
370	1	197
197	0	332
332	1	197
197	0	354
354	1	197
197	0	204
204	1	197
197	0	314
314	1	197
197	0	205
205	1	197
197	0	351
351	1	197
197	0	315
315	1	197
197	0	410
410	1	197
197	0	206
206	1	197
197	0	207
207	1	197
197	0	373
373	1	197
197	0	316
316	1	197
197	0	408
408	1	197
197	0	208
208	1	197
197	0	461
461	1	197
197	0	402
402	1	197
197	0	209
209	1	197
197	0	210
210	1	197
197	0	318
318	1	197
197	0	211
211	1	197
197	0	411
411	1	197
197	0	319
319	1	197
197	0	212
212	1	197
197	0	374
374	1	197
197	0	213
213	1	197
197	0	320
320	1	197
197	0	214
214	1	197
197	0	340
340	1	197
197	0	215
215	1	197
197	0	321
321	1	197
197	0	412
412	1	197
197	0	216
216	1	197
197	0	322
322	1	197
197	0	376
376	1	197
197	0	217
217	1	197
197	0	323
323	1	197
197	0	218
218	1	197
197	0	413
413	1	197
197	0	219
219	1	197
197	0	324
324	1	197
197	0	377
377	1	197
197	0	220
220	1	197
197	0	459
459	1	197
197	0	422
422	1	197
197	0	378
378	1	197
197	0	221
221	1	197
197	0	398
398	1	197
197	0	222
222	1	197
197	0	366
366	1	197
197	0	223
223	1	197
197	0	224
224	1	197
197	0	225
225	1	197
197	0	396
396	1	197
197	0	417
417	1	197
197	0	452
452	1	197
197	0	438
438	1	197
197	0	395
395	1	197
197	0	226
226	1	197
197	0	227
227	1	197
197	0	328
328	1	197
197	0	228
228	1	197
197	0	460
460	1	197
197	0	433
433	1	197
197	0	416
416	1	197
197	0	229
229	1	197
197	0	380
380	1	197
197	0	353
353	1	197
197	0	431
431	1	197
197	0	230
230	1	197
197	0	430
430	1	197
197	0	445
445	1	197
197	0	231
231	1	197
197	0	382
382	1	197
197	0	232
232	1	197
197	0	383
383	1	197
197	0	233
233	1	197
197	0	234
234	1	197
197	0	420
420	1	197
197	0	428
428	1	197
197	0	409
409	1	197
197	0	427
427	1	197
197	0	456
456	1	197
197	0	235
235	1	197
197	0	443
443	1	197
197	0	236
236	1	197
197	0	455
455	1	197
197	0	237
237	1	197
197	0	429
429	1	197
197	0	238
238	1	197
197	0	357
357	1	197
197	0	372
372	1	197
197	0	239
239	1	197
197	0	342
342	1	197
197	0	240
240	1	197
197	0	241
241	1	197
197	0	352
352	1	197
197	0	242
242	1	197
197	0	243
243	1	197
197	0	244
244	1	197
197	0	245
245	1	197
197	0	246
246	1	197
197	0	247
247	1	197
197	0	355
355	1	197
197	0	248
248	1	197
197	0	335
335	1	197
197	0	249
249	1	197
197	0	356
356	1	197
197	0	404
404	1	197
197	0	250
250	1	197
197	0	406
406	1	197
197	0	251
251	1	197
197	0	415
415	1	197
197	0	317
317	1	197
197	0	252
252	1	197
197	0	418
418	1	197
197	0	397
397	1	197
197	0	453
453	1	197
197	0	439
439	1	197
197	0	462
462	1	197
197	0	253
253	1	197
197	0	254
254	1	197
197	0	255
255	1	197
197	0	358
358	1	197
197	0	375
375	1	197
197	0	256
256	1	197
197	0	344
344	1	197
197	0	257
257	1	197
197	0	258
258	1	197
197	0	259
259	1	197
197	0	260
260	1	197
197	0	341
341	1	197
197	0	463
463	1	197
197	0	434
434	1	197
197	0	261
261	1	197
197	0	389
389	1	197
197	0	464
464	1	197
197	0	262
262	1	197
197	0	263
263	1	197
197	0	264
264	1	197
197	0	265
265	1	197
197	0	266
266	1	197
197	0	267
267	1	197
197	0	268
268	1	197
197	0	447
447	1	197
197	0	472
472	1	197
197	0	446
446	1	197
197	0	269
269	1	197
197	0	270
270	1	197
197	0	379
379	1	197
197	0	444
444	1	197
197	0	271
271	1	197
197	0	272
272	1	197
197	0	393
393	1	197
197	0	343
343	1	197
197	0	273
273	1	197
197	0	345
345	1	197
197	0	274
274	1	197
197	0	275
275	1	197
197	0	276
276	1	197
197	0	442
442	1	197
197	0	333
333	1	197
197	0	414
414	1	197
197	0	384
384	1	197
197	0	347
347	1	197
197	0	277
277	1	197
197	0	278
278	1	197
197	0	385
385	1	197
197	0	279
279	1	197
197	0	280
280	1	197
197	0	339
339	1	197
197	0	281
281	1	197
197	0	349
349	1	197
197	0	282
282	1	197
197	0	350
350	1	197
197	0	283
283	1	197
197	0	390
390	1	197
197	0	394
394	1	197
197	0	284
284	1	197
197	0	432
432	1	197
197	0	449
449	1	197
197	0	458
458	1	197
197	0	465
465	1	197
197	0	325
325	1	197
197	0	285
285	1	197
197	0	326
326	1	197
197	0	419
419	1	197
197	0	286
286	1	197
197	0	401
401	1	197
197	0	287
287	1	197
197	0	288
288	1	197
197	0	289
289	1	197
197	0	290
290	1	197
197	0	371
371	1	197
197	0	291
291	1	197
197	0	403
403	1	197
197	0	292
292	1	197
197	0	334
334	1	197
197	0	293
293	1	197
197	0	294
294	1	197
197	0	295
295	1	197
197	0	296
296	1	197
197	0	297
297	1	197
197	0	298
298	1	197
197	0	299
299	1	197
197	0	466
466	1	197
197	0	467
467	1	197
197	0	468
468	1	197
197	0	300
300	1	197
197	0	301
301	1	197
197	0	302
302	1	197
197	0	303
303	1	197
197	0	363
363	1	197
197	0	304
304	1	197
197	0	454
454	1	197
197	0	305
305	1	197
197	0	306
306	1	197
197	0	359
359	1	197
197	0	307
307	1	197
197	0	308
308	1	197
197	0	309
309	1	197
197	0	310
310	1	197
197	0	471
471	1	197
197	0	311
311	1	197
197	0	312
312	1	197
197	0	313
313	1	197
197	0	457
457	1	197
402	0	421
421	1	402
402	0	452
452	1	402
402	0	438
438	1	402
402	0	453
453	1	402
402	0	439
439	1	402
402	0	422
422	1	402
402	0	436
436	1	402
402	0	442
442	1	402
402	0	423
423	1	402
402	0	424
424	1	402
29	0	197
197	1	29
29	0	421
421	1	29
29	0	302
302	1	29
29	0	363
363	1	29
29	0	105
105	1	29
29	0	174
174	1	29
226	0	395
395	1	226
226	0	362
362	1	226
226	0	327
327	1	226
226	0	393
393	1	226
228	0	328
328	1	228
362	0	391
391	1	362
362	0	392
392	1	362
362	0	393
393	1	362
362	0	394
394	1	362
362	0	395
395	1	362
41	0	327
327	1	41
41	0	229
229	1	41
41	0	380
380	1	41
41	0	395
395	1	41
41	0	226
226	1	41
41	0	197
197	1	41
41	0	175
175	1	41
41	0	152
152	1	41
41	0	121
121	1	41
310	0	437
437	1	310
369	0	431
431	1	369
369	0	454
454	1	369
369	0	401
401	1	369
369	0	420
420	1	369
369	0	448
448	1	369
369	0	402
402	1	369
369	0	403
403	1	369
369	0	425
425	1	369
369	0	426
426	1	369
369	0	404
404	1	369
369	0	440
440	1	369
369	0	441
441	1	369
369	0	405
405	1	369
369	0	406
406	1	369
369	0	407
407	1	369
369	0	408
408	1	369
401	0	431
431	1	401
401	0	420
420	1	401
367	0	430
430	1	367
367	0	419
419	1	367
367	0	445
445	1	367
367	0	446
446	1	367
367	0	399
399	1	367
305	0	430
430	1	305
305	0	419
419	1	305
305	0	445
445	1	305
305	0	446
446	1	305
305	0	381
381	1	305
305	0	366
366	1	305
305	0	367
367	1	305
305	0	368
368	1	305
82	0	197
197	1	82
82	0	155
155	1	82
82	0	123
123	1	82
84	0	183
183	1	84
84	0	190
190	1	84
84	0	197
197	1	84
84	0	124
124	1	84
68	0	197
197	1	68
68	0	148
148	1	68
68	0	117
117	1	68
183	0	197
197	1	183
183	0	233
233	1	183
183	0	262
262	1	183
183	0	190
190	1	183
183	0	191
191	1	183
4	0	197
197	1	4
4	0	233
233	1	4
4	0	262
262	1	4
4	0	362
362	1	4
4	0	131
131	1	4
4	0	132
132	1	4
4	0	191
191	1	4
4	0	183
183	1	4
4	0	92
92	1	4
4	0	93
93	1	4
420	0	431
431	1	420
85	0	125
125	1	85
6	0	292
292	1	6
6	0	197
197	1	6
6	0	95
95	1	6
86	0	407
407	1	86
86	0	454
454	1	86
86	0	441
441	1	86
86	0	426
426	1	86
441	0	454
454	1	441
426	0	454
454	1	426
426	0	441
441	1	426
185	0	347
347	1	185
185	0	349
349	1	185
185	0	239
239	1	185
146	0	410
410	1	146
146	0	197
197	1	146
146	0	315
315	1	146
146	0	206
206	1	146
146	0	316
316	1	146
146	0	373
373	1	146
146	0	207
207	1	146
146	0	170
170	1	146
51	0	410
410	1	51
51	0	197
197	1	51
51	0	315
315	1	51
51	0	316
316	1	51
51	0	206
206	1	51
51	0	146
146	1	51
51	0	373
373	1	51
51	0	207
207	1	51
51	0	115
115	1	51
51	0	170
170	1	51
59	0	410
410	1	59
59	0	197
197	1	59
59	0	315
315	1	59
59	0	206
206	1	59
59	0	316
316	1	59
59	0	146
146	1	59
59	0	373
373	1	59
59	0	207
207	1	59
59	0	170
170	1	59
59	0	115
115	1	59
115	0	410
410	1	115
115	0	206
206	1	115
115	0	197
197	1	115
115	0	315
315	1	115
115	0	316
316	1	115
115	0	146
146	1	115
115	0	373
373	1	115
115	0	207
207	1	115
206	0	410
410	1	206
206	0	315
315	1	206
170	0	373
373	1	170
170	0	410
410	1	170
170	0	316
316	1	170
170	0	207
207	1	170
170	0	197
197	1	170
291	0	352
352	1	291
291	0	353
353	1	291
291	0	354
354	1	291
291	0	355
355	1	291
291	0	356
356	1	291
291	0	357
357	1	291
291	0	358
358	1	291
245	0	431
431	1	245
44	0	336
336	1	44
44	0	386
386	1	44
44	0	337
337	1	44
22	0	402
402	1	22
22	0	197
197	1	22
22	0	362
362	1	22
22	0	369
369	1	22
22	0	102
102	1	22
90	0	197
197	1	90
90	0	415
415	1	90
90	0	182
182	1	90
90	0	280
280	1	90
90	0	129
129	1	90
279	0	348
348	1	279
182	0	197
197	1	182
182	0	362
362	1	182
182	0	280
280	1	182
182	0	415
415	1	182
182	0	339
339	1	182
182	0	252
252	1	182
78	0	388
388	1	78
78	0	339
339	1	78
27	0	197
197	1	27
27	0	403
403	1	27
27	0	103
103	1	27
127	0	197
197	1	127
127	0	158
158	1	127
87	0	197
197	1	87
87	0	421
421	1	87
87	0	303
303	1	87
87	0	363
363	1	87
87	0	126
126	1	87
87	0	174
174	1	87
87	0	127
127	1	87
107	0	211
211	1	107
107	0	411
411	1	107
107	0	197
197	1	107
107	0	318
318	1	107
107	0	319
319	1	107
107	0	138
138	1	107
107	0	374
374	1	107
107	0	212
212	1	107
138	0	411
411	1	138
138	0	197
197	1	138
138	0	318
318	1	138
138	0	211
211	1	138
138	0	319
319	1	138
138	0	374
374	1	138
138	0	212
212	1	138
138	0	166
166	1	138
30	0	411
411	1	30
30	0	197
197	1	30
30	0	318
318	1	30
30	0	211
211	1	30
30	0	319
319	1	30
30	0	138
138	1	30
30	0	374
374	1	30
30	0	212
212	1	30
30	0	166
166	1	30
30	0	107
107	1	30
43	0	411
411	1	43
43	0	197
197	1	43
43	0	318
318	1	43
43	0	319
319	1	43
43	0	211
211	1	43
43	0	138
138	1	43
43	0	374
374	1	43
43	0	212
212	1	43
43	0	107
107	1	43
43	0	166
166	1	43
211	0	411
411	1	211
211	0	318
318	1	211
166	0	374
374	1	166
166	0	411
411	1	166
166	0	319
319	1	166
166	0	212
212	1	166
166	0	197
197	1	166
57	0	405
405	1	57
57	0	454
454	1	57
57	0	440
440	1	57
57	0	425
425	1	57
425	0	454
454	1	425
425	0	440
440	1	425
440	0	454
454	1	440
100	0	214
214	1	100
100	0	197
197	1	100
100	0	134
134	1	100
258	0	395
395	1	258
258	0	362
362	1	258
258	0	340
340	1	258
258	0	394
394	1	258
260	0	341
341	1	260
74	0	340
340	1	74
74	0	261
261	1	74
74	0	389
389	1	74
74	0	395
395	1	74
74	0	258
258	1	74
74	0	197
197	1	74
74	0	176
176	1	74
74	0	153
153	1	74
74	0	121
121	1	74
149	0	412
412	1	149
149	0	197
197	1	149
149	0	321
321	1	149
149	0	216
216	1	149
149	0	322
322	1	149
149	0	376
376	1	149
149	0	217
217	1	149
149	0	172
172	1	149
118	0	412
412	1	118
118	0	216
216	1	118
118	0	197
197	1	118
118	0	321
321	1	118
118	0	322
322	1	118
118	0	149
149	1	118
118	0	376
376	1	118
118	0	217
217	1	118
56	0	412
412	1	56
56	0	197
197	1	56
56	0	321
321	1	56
56	0	322
322	1	56
56	0	216
216	1	56
56	0	149
149	1	56
56	0	376
376	1	56
56	0	217
217	1	56
56	0	118
118	1	56
56	0	172
172	1	56
70	0	412
412	1	70
70	0	197
197	1	70
70	0	321
321	1	70
70	0	216
216	1	70
70	0	322
322	1	70
70	0	149
149	1	70
70	0	376
376	1	70
70	0	217
217	1	70
70	0	172
172	1	70
70	0	118
118	1	70
216	0	412
412	1	216
216	0	321
321	1	216
172	0	376
376	1	172
172	0	412
412	1	172
172	0	322
322	1	172
172	0	217
217	1	172
172	0	197
197	1	172
116	0	218
218	1	116
116	0	413
413	1	116
116	0	197
197	1	116
116	0	323
323	1	116
116	0	324
324	1	116
116	0	147
147	1	116
116	0	377
377	1	116
116	0	219
219	1	116
147	0	413
413	1	147
147	0	197
197	1	147
147	0	323
323	1	147
147	0	218
218	1	147
147	0	324
324	1	147
147	0	377
377	1	147
147	0	219
219	1	147
147	0	171
171	1	147
218	0	413
413	1	218
218	0	323
323	1	218
62	0	413
413	1	62
62	0	197
197	1	62
62	0	323
323	1	62
62	0	218
218	1	62
62	0	324
324	1	62
62	0	147
147	1	62
62	0	377
377	1	62
62	0	219
219	1	62
62	0	171
171	1	62
62	0	116
116	1	62
63	0	413
413	1	63
63	0	197
197	1	63
63	0	323
323	1	63
63	0	324
324	1	63
63	0	218
218	1	63
63	0	147
147	1	63
63	0	377
377	1	63
63	0	219
219	1	63
63	0	116
116	1	63
63	0	171
171	1	63
171	0	377
377	1	171
171	0	413
413	1	171
171	0	324
324	1	171
171	0	219
219	1	171
171	0	197
197	1	171
20	0	197
197	1	20
20	0	459
459	1	20
20	0	465
465	1	20
20	0	432
432	1	20
20	0	135
135	1	20
20	0	449
449	1	20
20	0	220
220	1	20
20	0	101
101	1	20
154	0	197
197	1	154
154	0	220
220	1	154
154	0	378
378	1	154
154	0	437
437	1	154
154	0	325
325	1	154
154	0	187
187	1	154
154	0	177
177	1	154
154	0	194
194	1	154
154	0	178
178	1	154
154	0	188
188	1	154
65	0	359
359	1	65
65	0	298
298	1	65
65	0	197
197	1	65
108	0	429
429	1	108
108	0	197
197	1	108
108	0	414
414	1	108
108	0	285
285	1	108
108	0	384
384	1	108
108	0	385
385	1	108
108	0	139
139	1	108
108	0	140
140	1	108
285	0	429
429	1	285
101	0	459
459	1	101
101	0	197
197	1	101
101	0	135
135	1	101
101	0	465
465	1	101
101	0	194
194	1	101
194	0	290
290	1	194
194	0	197
197	1	194
194	0	378
378	1	194
194	0	437
437	1	194
194	0	449
449	1	194
194	0	325
325	1	194
194	0	459
459	1	194
194	0	220
220	1	194
53	0	197
197	1	53
53	0	378
378	1	53
53	0	220
220	1	53
53	0	194
194	1	53
53	0	437
437	1	53
53	0	325
325	1	53
53	0	154
154	1	53
53	0	187
187	1	53
53	0	177
177	1	53
325	0	378
378	1	325
325	0	437
437	1	325
187	0	221
221	1	187
187	0	197
197	1	187
187	0	220
220	1	187
187	0	378
378	1	187
187	0	437
437	1	187
187	0	194
194	1	187
187	0	325
325	1	187
177	0	221
221	1	177
177	0	197
197	1	177
177	0	220
220	1	177
177	0	378
378	1	177
177	0	437
437	1	177
177	0	194
194	1	177
177	0	325
325	1	177
177	0	187
187	1	177
471	0	472
472	1	471
133	0	197
197	1	133
133	0	162
162	1	133
105	0	197
197	1	105
105	0	436
436	1	105
105	0	421
421	1	105
105	0	165
165	1	105
105	0	164
164	1	105
105	0	136
136	1	105
105	0	137
137	1	105
165	0	197
197	1	165
165	0	436
436	1	165
137	0	197
197	1	137
137	0	436
436	1	137
137	0	165
165	1	137
66	0	421
421	1	66
66	0	197
197	1	66
66	0	272
272	1	66
66	0	184
184	1	66
164	0	421
421	1	164
164	0	452
452	1	164
164	0	438
438	1	164
164	0	197
197	1	164
164	0	402
402	1	164
163	0	184
184	1	163
163	0	197
197	1	163
152	0	328
328	1	152
152	0	228
228	1	152
152	0	395
395	1	152
152	0	226
226	1	152
152	0	197
197	1	152
152	0	327
327	1	152
152	0	459
459	1	152
152	0	175
175	1	152
459	0	460
460	1	459
459	0	461
461	1	459
459	0	462
462	1	459
459	0	463
463	1	459
459	0	464
464	1	459
459	0	465
465	1	459
459	0	466
466	1	459
459	0	467
467	1	459
459	0	468
468	1	459
13	0	362
362	1	13
13	0	391
391	1	13
13	0	392
392	1	13
13	0	226
226	1	13
13	0	197
197	1	13
13	0	258
258	1	13
13	0	393
393	1	13
13	0	394
394	1	13
151	0	197
197	1	151
151	0	174
174	1	151
121	0	151
151	1	121
121	0	395
395	1	121
121	0	226
226	1	121
121	0	197
197	1	121
121	0	327
327	1	121
121	0	258
258	1	121
121	0	340
340	1	121
121	0	261
261	1	121
121	0	389
389	1	121
121	0	175
175	1	121
121	0	176
176	1	121
121	0	152
152	1	121
121	0	153
153	1	121
174	0	431
431	1	174
174	0	454
454	1	174
174	0	186
186	1	174
174	0	396
396	1	174
174	0	397
397	1	174
174	0	417
417	1	174
174	0	418
418	1	174
174	0	363
363	1	174
174	0	302
302	1	174
174	0	303
303	1	174
399	0	430
430	1	399
73	0	329
329	1	73
73	0	230
230	1	73
368	0	430
430	1	368
368	0	400
400	1	368
231	0	330
330	1	231
33	0	197
197	1	33
35	0	435
435	1	35
35	0	199
199	1	35
35	0	197
197	1	35
128	0	421
421	1	128
128	0	197
197	1	128
124	0	190
190	1	124
124	0	197
197	1	124
232	0	331
331	1	232
83	0	197
197	1	83
311	0	409
409	1	311
311	0	370
370	1	311
12	0	98
98	1	12
12	0	197
197	1	12
25	0	402
402	1	25
25	0	427
427	1	25
25	0	197
197	1	25
97	0	197
197	1	97
97	0	459
459	1	97
10	0	197
197	1	10
10	0	402
402	1	10
10	0	459
459	1	10
10	0	97
97	1	10
384	0	429
429	1	384
384	0	414
414	1	384
80	0	196
196	1	80
407	0	454
454	1	407
407	0	441
441	1	407
407	0	426
426	1	407
167	0	347
347	1	167
167	0	197
197	1	167
167	0	277
277	1	167
167	0	185
185	1	167
315	0	410
410	1	315
207	0	410
410	1	207
207	0	373
373	1	207
207	0	316
316	1	207
316	0	410
410	1	316
316	0	373
373	1	316
36	0	431
431	1	36
36	0	245
245	1	36
36	0	246
246	1	36
385	0	429
429	1	385
385	0	414
414	1	385
94	0	208
208	1	94
94	0	362
362	1	94
94	0	197
197	1	94
113	0	197
197	1	113
55	0	197
197	1	55
55	0	113
113	1	55
129	0	435
435	1	129
129	0	251
251	1	129
129	0	197
197	1	129
129	0	415
415	1	129
129	0	182
182	1	129
129	0	280
280	1	129
129	0	159
159	1	129
159	0	435
435	1	159
159	0	251
251	1	159
159	0	197
197	1	159
159	0	339
339	1	159
159	0	182
182	1	159
159	0	252
252	1	159
251	0	435
435	1	251
251	0	387
387	1	251
251	0	338
338	1	251
50	0	197
197	1	50
50	0	110
110	1	50
145	0	197
197	1	145
145	0	280
280	1	145
338	0	415
415	1	338
338	0	387
387	1	338
32	0	362
362	1	32
69	0	197
197	1	69
69	0	182
182	1	69
69	0	339
339	1	69
69	0	252
252	1	69
69	0	159
159	1	69
40	0	106
106	1	40
40	0	197
197	1	40
23	0	197
197	1	23
23	0	103
103	1	23
158	0	197
197	1	158
157	0	197
197	1	157
157	0	436
436	1	157
157	0	181
181	1	157
181	0	197
197	1	181
181	0	436
436	1	181
126	0	197
197	1	126
126	0	436
436	1	126
126	0	421
421	1	126
126	0	181
181	1	126
126	0	180
180	1	126
126	0	156
156	1	126
126	0	157
157	1	126
19	0	421
421	1	19
19	0	197
197	1	19
19	0	281
281	1	19
19	0	189
189	1	19
180	0	421
421	1	180
180	0	453
453	1	180
180	0	439
439	1	180
180	0	197
197	1	180
180	0	402
402	1	180
179	0	189
189	1	179
179	0	197
197	1	179
42	0	197
197	1	42
42	0	362
362	1	42
42	0	300
300	1	42
318	0	411
411	1	318
319	0	411
411	1	319
319	0	374
374	1	319
212	0	411
411	1	212
212	0	374
374	1	212
212	0	319
319	1	212
192	0	421
421	1	192
192	0	195
195	1	192
192	0	197
197	1	192
61	0	421
421	1	61
405	0	454
454	1	405
405	0	440
440	1	405
405	0	425
425	1	405
168	0	349
349	1	168
168	0	197
197	1	168
168	0	282
282	1	168
168	0	185
185	1	168
28	0	256
256	1	28
28	0	104
104	1	28
153	0	260
260	1	153
153	0	341
341	1	153
153	0	395
395	1	153
153	0	258
258	1	153
153	0	197
197	1	153
153	0	340
340	1	153
153	0	459
459	1	153
153	0	176
176	1	153
34	0	197
197	1	34
34	0	362
362	1	34
34	0	301
301	1	34
92	0	197
197	1	92
92	0	362
362	1	92
92	0	160
160	1	92
92	0	131
131	1	92
92	0	183
183	1	92
131	0	197
197	1	131
131	0	362
362	1	131
131	0	160
160	1	131
321	0	412
412	1	321
322	0	412
412	1	322
322	0	376
376	1	322
217	0	412
412	1	217
217	0	376
376	1	217
217	0	322
322	1	217
323	0	413
413	1	323
219	0	413
413	1	219
219	0	377
377	1	219
219	0	324
324	1	219
324	0	413
413	1	324
324	0	377
377	1	324
122	0	197
197	1	122
122	0	188
188	1	122
122	0	178
178	1	122
122	0	154
154	1	122
75	0	197
197	1	75
75	0	188
188	1	75
75	0	178
178	1	75
75	0	122
122	1	75
75	0	154
154	1	75
421	0	457
457	1	421
421	0	449
449	1	421
421	0	432
432	1	421
421	0	450
450	1	421
421	0	451
451	1	421
421	0	433
433	1	421
421	0	434
434	1	421
421	0	435
435	1	421
421	0	436
436	1	421
421	0	437
437	1	421
432	0	457
457	1	432
432	0	465
465	1	432
432	0	449
449	1	432
432	0	459
459	1	432
449	0	458
458	1	449
449	0	459
459	1	449
449	0	465
465	1	449
449	0	457
457	1	449
135	0	197
197	1	135
135	0	459
459	1	135
14	0	197
197	1	14
14	0	133
133	1	14
14	0	99
99	1	14
14	0	162
162	1	14
14	0	414
414	1	14
14	0	173
173	1	14
150	0	197
197	1	150
150	0	414
414	1	150
150	0	173
173	1	150
71	0	197
197	1	71
71	0	414
414	1	71
71	0	150
150	1	71
71	0	173
173	1	71
71	0	119
119	1	71
93	0	197
197	1	93
93	0	362
362	1	93
93	0	161
161	1	93
93	0	132
132	1	93
93	0	183
183	1	93
132	0	197
197	1	132
132	0	362
362	1	132
132	0	161
161	1	132
67	0	400
400	1	67
67	0	230
230	1	67
81	0	224
224	1	81
81	0	197
197	1	81
136	0	197
197	1	136
136	0	423
423	1	136
136	0	163
163	1	136
136	0	164
164	1	136
184	0	197
197	1	184
184	0	272
272	1	184
175	0	395
395	1	175
175	0	197
197	1	175
175	0	327
327	1	175
175	0	391
391	1	175
175	0	226
226	1	175
391	0	416
416	1	391
419	0	445
445	1	419
419	0	446
446	1	419
419	0	430
430	1	419
430	0	445
445	1	430
430	0	446
446	1	430
233	0	362
362	1	233
370	0	409
409	1	370
370	0	427
427	1	370
370	0	455
455	1	370
370	0	442
442	1	370
3	0	409
409	1	3
3	0	427
427	1	3
3	0	442
442	1	3
3	0	197
197	1	3
3	0	455
455	1	3
3	0	408
408	1	3
3	0	369
369	1	3
3	0	326
326	1	3
3	0	130
130	1	3
3	0	95
95	1	3
3	0	91
91	1	3
3	0	370
370	1	3
3	0	224
224	1	3
3	0	120
120	1	3
409	0	427
427	1	409
409	0	442
442	1	409
409	0	455
455	1	409
409	0	428
428	1	409
427	0	455
455	1	427
427	0	442
442	1	427
427	0	443
443	1	427
427	0	444
444	1	427
427	0	456
456	1	427
427	0	459
459	1	427
442	0	455
455	1	442
442	0	459
459	1	442
39	0	197
197	1	39
39	0	333
333	1	39
39	0	414
414	1	39
39	0	384
384	1	39
39	0	429
429	1	39
39	0	237
237	1	39
39	0	108
108	1	39
109	0	197
197	1	109
237	0	429
429	1	237
237	0	414
414	1	237
237	0	384
384	1	237
237	0	385
385	1	237
237	0	333
333	1	237
333	0	429
429	1	333
333	0	414
414	1	333
333	0	384
384	1	333
333	0	385
385	1	333
141	0	197
197	1	141
141	0	347
347	1	141
141	0	167
167	1	141
141	0	277
277	1	141
141	0	169
169	1	141
186	0	454
454	1	186
186	0	192
192	1	186
186	0	193
193	1	186
186	0	238
238	1	186
186	0	255
255	1	186
186	0	197
197	1	186
96	0	454
454	1	96
9	0	454
454	1	9
9	0	96
96	1	9
277	0	347
347	1	277
72	0	197
197	1	72
72	0	369
369	1	72
72	0	291
291	1	72
72	0	408
408	1	72
72	0	120
120	1	72
45	0	197
197	1	45
45	0	333
333	1	45
45	0	414
414	1	45
45	0	385
385	1	45
45	0	429
429	1	45
45	0	237
237	1	45
45	0	108
108	1	45
114	0	197
197	1	114
102	0	197
197	1	102
102	0	362
362	1	102
106	0	435
435	1	106
106	0	197
197	1	106
156	0	197
197	1	156
156	0	424
424	1	156
156	0	179
179	1	156
156	0	180
180	1	156
189	0	197
197	1	189
189	0	281
281	1	189
142	0	197
197	1	142
142	0	349
349	1	142
142	0	168
168	1	142
142	0	282
282	1	142
142	0	169
169	1	142
195	0	421
421	1	195
195	0	197
197	1	195
282	0	349
349	1	282
283	0	390
390	1	283
283	0	350
350	1	283
304	0	364
364	1	304
304	0	365
365	1	304
176	0	395
395	1	176
176	0	197
197	1	176
176	0	340
340	1	176
176	0	392
392	1	176
176	0	258
258	1	176
392	0	416
416	1	392
262	0	362
362	1	262
262	0	459
459	1	262
220	0	378
378	1	220
220	0	437
437	1	220
220	0	325
325	1	220
220	0	459
459	1	220
431	0	447
447	1	431
431	0	448
448	1	431
99	0	197
197	1	99
99	0	133
133	1	99
99	0	414
414	1	99
99	0	173
173	1	99
162	0	197
197	1	162
224	0	326
326	1	224
224	0	427
427	1	224
224	0	442
442	1	224
326	0	427
427	1	326
326	0	442
442	1	326
326	0	379
379	1	326
241	0	342
342	1	241
254	0	342
342	1	254
264	0	342
342	1	264
266	0	342
342	1	266
173	0	197
197	1	173
173	0	414
414	1	173
302	0	396
396	1	302
302	0	417
417	1	302
302	0	363
363	1	302
193	0	421
421	1	193
193	0	196
196	1	193
193	0	197
197	1	193
249	0	336
336	1	249
249	0	337
337	1	249
249	0	386
386	1	249
387	0	415
415	1	387
303	0	397
397	1	303
303	0	418
418	1	303
303	0	363
363	1	303
467	0	470
470	1	467
468	0	471
471	1	468
351	0	410
410	1	351
351	0	411
411	1	351
351	0	413
413	1	351
351	0	412
412	1	351
350	0	390
390	1	350
284	0	412
412	1	284
284	0	351
351	1	284
188	0	197
197	1	188
178	0	197
197	1	178
178	0	188
188	1	178
204	0	314
314	1	204
204	0	372
372	1	204
213	0	320
320	1	213
213	0	375
375	1	213
414	0	429
429	1	414
123	0	197
197	1	123
123	0	155
155	1	123
117	0	197
197	1	117
117	0	148
148	1	117
240	0	342
342	1	240
253	0	342
342	1	253
263	0	342
342	1	263
265	0	342
342	1	265
373	0	410
410	1	373
374	0	411
411	1	374
376	0	412
412	1	376
377	0	413
413	1	377
203	0	428
428	1	203
203	0	409
409	1	203
119	0	197
197	1	119
119	0	414
414	1	119
119	0	173
173	1	119
119	0	150
150	1	119
223	0	379
379	1	223
223	0	326
326	1	223
458	0	459
459	1	458
8	0	344
344	1	8
8	0	273
273	1	8
8	0	274
274	1	8
8	0	197
197	1	8
300	0	360
360	1	300
300	0	362
362	1	300
301	0	361
361	1	301
301	0	362
362	1	301
298	0	359
359	1	298
24	0	306
306	1	24
24	0	197
197	1	24
313	0	371
371	1	313
235	0	456
456	1	235
235	0	443
443	1	235
235	0	427
427	1	235
271	0	456
456	1	271
271	0	444
444	1	271
271	0	427
427	1	271
230	0	400
400	1	230
230	0	329
329	1	230
466	0	469
469	1	466
363	0	396
396	1	363
363	0	397
397	1	363
363	0	417
417	1	363
363	0	418
418	1	363
160	0	197
197	1	160
160	0	183
183	1	160
161	0	197
197	1	161
161	0	183
183	1	161
52	0	289
289	1	52
52	0	111
111	1	52
54	0	289
289	1	54
54	0	112
112	1	54
191	0	197
197	1	191
423	0	452
452	1	423
423	0	438
438	1	423
424	0	453
453	1	424
424	0	439
439	1	424
11	0	197
197	1	11
155	0	197
197	1	155
148	0	197
197	1	148
76	0	465
465	1	76
76	0	459
459	1	76
76	0	135
135	1	76
88	0	128
128	1	88
88	0	197
197	1	88
433	0	450
450	1	433
434	0	451
451	1	434
247	0	369
369	1	247
250	0	404
404	1	250
250	0	369
369	1	250
248	0	335
335	1	248
95	0	292
292	1	95
95	0	197
197	1	95
111	0	289
289	1	111
112	0	289
289	1	112
120	0	197
197	1	120
120	0	291
291	1	120
252	0	339
339	1	252
60	0	197
197	1	60
15	0	197
197	1	15
143	0	197
197	1	143
144	0	197
197	1	144
308	0	369
369	1	308
346	0	431
431	1	346
346	0	420
420	1	346
295	0	399
399	1	295
296	0	399
399	1	296
398	0	419
419	1	398
327	0	380
380	1	327
340	0	389
389	1	340
222	0	398
398	1	222
222	0	366
366	1	222
366	0	398
398	1	366
366	0	430
430	1	366
339	0	388
388	1	339
5	0	94
94	1	5
134	0	214
214	1	134
443	0	456
456	1	443
444	0	456
456	1	444
236	0	332
332	1	236
332	0	455
455	1	332
275	0	346
346	1	275
336	0	386
386	1	336
273	0	344
344	1	273
273	0	343
343	1	273
274	0	344
344	1	274
274	0	345
345	1	274
229	0	431
431	1	229
229	0	380
380	1	229
261	0	431
431	1	261
261	0	389
389	1	261
380	0	431
431	1	380
389	0	431
431	1	389
396	0	417
417	1	396
397	0	418
418	1	397
378	0	437
437	1	378
314	0	372
372	1	314
320	0	375
375	1	320
438	0	452
452	1	438
439	0	453
453	1	439
89	0	369
369	1	89
329	0	381
381	1	329
244	0	334
334	1	244
46	0	109
109	1	46
58	0	114
114	1	58
18	0	298
298	1	18
18	0	359
359	1	18
457	0	458
458	1	457
79	0	248
248	1	79
280	0	415
415	1	280
209	0	317
317	1	209
381	0	430
430	1	381
330	0	382
382	1	330
331	0	383
383	1	331
