2	46	0
2	46	1
2	46	2
2	46	3
2	42	4
2	42	5
3	6	6
3	14	7
4	6	6
4	6	8
4	14	9
4	14	10
4	14	11
4	5	7
5	6	5
6	10	12
6	10	13
6	9	14
6	9	15
7	18	16
7	9	17
7	3	16
7	10	18
9	31	19
9	31	20
9	20	21
9	20	22
10	3	23
10	3	24
10	4	25
10	4	26
10	9	27
10	9	28
11	2	29
11	2	30
12	6	31
12	6	32
12	14	33
12	14	34
13	57	35
13	56	36
13	56	37
14	14	38
14	5	7
17	7	8
17	68	40
18	10	41
18	9	42
18	9	17
19	4	43
19	3	44
20	82	45
20	83	46
21	36	47
21	60	48
21	37	49
22	13	50
22	12	51
23	6	52
24	20	53
25	13	54
25	12	16
27	6	56
27	5	16
27	14	57
29	57	58
29	56	59
30	12	60
30	13	61
31	42	5
32	6	62
32	14	63
32	5	7
34	6	64
34	43	65
35	68	66
36	20	67
39	6	5
39	14	71
39	5	16
40	62	72
41	14	73
41	5	7
42	6	64
42	43	74
43	5	64
43	14	75
44	20	76
44	23	77
45	6	5
45	14	78
45	5	16
46	5	79
51	5	64
51	14	84
52	13	85
52	13	86
53	5	7
54	13	87
54	13	88
55	4	89
55	9	90
55	9	91
56	5	64
56	14	92
57	20	93
57	23	94
58	5	79
59	12	95
59	13	96
60	6	97
60	14	16
61	4	98
61	9	99
62	12	100
62	13	101
63	5	64
63	14	102
65	74	5
65	62	104
66	4	105
66	3	106
67	14	107
68	20	108
69	6	5
69	14	109
70	12	110
70	13	111
71	6	112
71	14	113
71	14	114
71	14	115
72	14	6
72	5	7
73	14	116
74	14	117
74	5	7
75	14	118
75	5	119
76	38	120
76	38	121
78	48	122
79	20	123
82	20	124
84	61	5
84	53	16
84	53	7
85	49	125
85	59	126
86	20	127
86	23	128
87	57	129
87	56	130
88	43	131
88	43	132
88	5	133
89	9	134
89	10	135
90	9	136
90	18	136
91	7	6
91	68	137
91	68	138
92	6	6
92	14	139
92	14	140
92	5	16
93	6	6
93	14	141
93	14	142
93	5	16
94	6	5
95	14	13
95	14	143
95	14	12
95	14	144
95	14	145
95	14	146
95	6	147
95	6	148
95	6	149
95	6	150
96	4	19
96	4	20
96	10	21
96	10	22
96	3	151
96	3	152
97	5	27
97	5	28
97	6	153
97	6	154
98	11	155
98	13	156
99	13	38
99	12	7
100	6	8
100	43	40
100	14	157
101	5	158
101	6	159
101	14	45
102	49	160
102	59	51
103	11	56
103	13	56
104	28	64
104	28	161
104	28	162
104	28	163
104	28	164
105	6	58
105	5	7
105	14	165
106	38	166
106	38	167
106	38	168
107	14	169
108	5	16
108	43	170
108	43	171
109	13	172
109	12	173
109	11	174
110	3	16
110	3	7
110	3	175
110	3	176
110	18	5
110	9	177
110	9	178
111	87	179
111	72	85
111	72	86
112	87	180
112	72	87
112	72	88
114	13	181
114	12	173
114	11	182
115	14	183
116	14	184
118	14	185
119	6	64
119	14	186
119	5	187
120	6	188
120	43	189
120	14	6
121	10	190
121	9	7
122	5	191
122	14	192
124	6	5
124	5	16
124	5	193
125	10	125
125	4	194
125	9	195
126	6	129
126	5	7
126	14	196
127	36	197
127	60	198
127	37	130
128	10	199
128	4	200
128	3	201
128	9	201
129	62	136
130	18	6
130	10	137
130	10	138
131	6	140
131	43	202
131	14	6
132	6	142
132	43	203
132	14	6
133	6	8
133	5	7
133	5	204
133	5	205
134	6	8
134	14	206
135	3	207
135	4	45
135	9	158
136	5	7
137	14	165
138	13	75
138	13	208
139	18	64
139	10	209
139	9	16
140	18	64
140	10	210
140	9	16
141	6	5
141	14	211
142	6	5
142	14	212
145	6	213
145	5	16
146	13	84
146	13	214
147	13	215
147	13	102
148	13	216
149	13	217
149	13	92
150	14	115
150	6	64
150	5	187
151	10	218
151	9	16
152	5	7
153	5	7
154	12	7
154	13	219
155	13	220
156	5	7
157	14	196
158	12	221
158	11	222
158	13	223
159	27	5
160	6	6
160	14	224
160	5	225
161	6	6
161	14	226
161	5	227
162	20	38
162	23	7
163	10	228
163	3	229
164	4	105
164	9	7
165	13	230
166	14	231
167	6	5
167	43	232
167	14	233
168	6	5
168	43	234
168	14	235
169	20	212
169	20	211
170	14	236
171	14	237
172	14	238
173	6	64
173	43	239
174	57	240
174	57	241
174	57	242
174	96	16
175	5	7
175	43	243
176	5	7
176	43	244
177	11	245
177	12	7
177	13	246
178	5	79
178	5	64
178	5	247
179	10	248
179	3	249
180	4	43
180	9	7
181	13	250
182	74	5
182	62	136
183	12	9
183	12	10
183	12	11
183	12	193
183	11	6
183	11	8
184	20	251
184	23	106
184	19	64
185	13	235
185	13	233
186	5	16
187	16	7
187	15	246
188	5	79
188	5	64
188	5	247
189	20	252
189	23	44
189	19	64
190	27	253
191	6	8
191	14	254
191	5	255
192	6	256
193	6	257
194	4	45
194	9	7
194	9	258
195	18	259
195	4	260
195	10	261
195	9	7
196	18	262
196	4	263
196	10	264
196	10	265
196	9	7
197	15	266
197	15	117
197	15	267
197	15	268
197	15	269
197	15	270
197	15	271
197	15	8
197	15	16
197	15	110
197	15	73
197	15	272
197	15	273
197	15	274
197	15	275
197	15	276
197	15	277
197	15	278
197	15	279
197	15	280
197	15	100
197	15	15
197	15	281
197	15	282
197	15	283
197	15	284
197	15	285
197	15	221
197	15	160
197	15	286
197	15	237
197	15	287
197	15	288
197	15	289
197	15	290
197	15	291
197	15	292
197	15	293
197	15	294
197	15	45
197	15	295
197	15	296
197	15	297
197	15	298
197	15	299
197	15	300
197	15	301
197	15	302
197	15	303
197	15	304
197	15	305
197	15	306
197	15	190
197	15	307
197	15	308
197	15	309
197	15	310
197	15	311
197	15	312
197	15	313
197	15	314
197	15	315
197	15	316
197	15	317
197	15	60
197	15	318
197	15	106
197	15	319
197	15	320
197	15	321
197	15	322
197	15	323
197	15	324
197	15	325
197	15	326
197	15	327
197	15	328
197	15	329
197	15	330
197	15	331
197	15	332
197	15	333
197	15	157
197	15	95
197	15	236
197	15	7
197	15	238
197	15	334
197	15	335
197	15	336
197	15	337
197	15	338
197	15	218
197	15	339
197	15	340
197	15	341
197	15	342
197	15	343
197	15	64
197	15	344
197	15	345
197	15	346
197	15	347
197	15	348
197	15	349
197	15	350
197	15	351
197	15	352
197	15	353
197	15	354
197	15	355
197	15	356
197	15	357
197	15	358
197	15	359
197	15	360
197	15	361
197	15	362
197	15	6
197	15	363
197	15	364
197	15	365
197	15	366
197	15	367
197	15	368
197	15	369
197	15	370
197	15	371
197	15	372
197	15	35
197	15	373
197	15	374
197	15	375
197	15	376
197	15	377
197	15	378
197	15	379
197	15	380
197	15	381
197	15	382
197	15	383
197	15	384
197	15	385
197	15	386
197	15	387
197	15	388
197	15	389
197	15	390
197	15	391
197	15	392
197	15	393
197	15	394
197	15	395
197	15	396
197	15	397
197	15	398
197	15	399
197	15	400
197	15	401
197	15	181
197	15	402
197	15	403
197	15	404
197	15	405
197	15	406
197	15	407
197	15	408
197	15	409
197	15	410
197	15	411
197	15	412
197	15	413
197	15	251
197	15	414
197	15	415
197	15	416
197	15	417
197	15	418
197	15	419
197	15	420
197	15	421
197	15	422
197	15	423
197	15	424
197	15	44
197	15	231
197	15	425
197	15	14
197	15	426
197	15	427
197	15	428
197	15	429
197	15	430
197	15	172
197	15	431
197	15	432
197	15	433
197	15	434
197	15	435
197	15	436
197	15	252
197	15	437
197	15	438
197	15	439
197	16	440
197	16	51
197	16	441
197	16	307
197	16	442
197	16	308
197	16	443
197	16	16
197	16	444
197	16	445
197	16	446
197	16	447
197	16	448
197	16	449
197	16	450
197	16	46
197	16	451
197	16	452
197	16	453
197	16	362
197	16	454
197	16	136
197	16	106
197	16	455
197	16	456
197	16	457
197	16	458
197	16	459
197	16	44
197	16	460
197	16	461
197	16	462
197	16	173
197	16	463
197	16	464
197	16	465
197	16	221
197	16	466
197	16	467
197	16	468
197	16	469
197	16	430
197	16	17
197	16	470
197	16	471
197	16	7
197	16	472
197	16	473
197	16	474
197	16	475
197	16	476
197	16	477
197	16	335
197	16	478
197	16	479
197	16	480
197	16	481
197	16	482
197	16	483
197	16	484
197	16	485
197	16	486
197	16	487
197	16	488
197	16	489
197	16	187
197	16	490
197	16	491
197	26	492
197	26	493
197	26	494
197	26	495
197	26	496
197	26	497
197	26	498
197	26	499
197	26	261
197	26	500
197	26	501
197	26	502
197	26	503
197	26	504
197	26	66
197	26	40
197	26	505
197	16	506
197	16	51
197	16	441
197	16	308
197	16	270
197	16	507
197	16	16
197	16	412
197	16	508
197	16	46
197	16	358
197	16	509
197	16	362
197	16	369
197	16	510
197	16	283
197	16	511
197	16	512
197	16	387
197	16	430
197	16	7
197	16	48
197	16	476
197	16	513
197	16	488
197	16	198
197	16	514
197	25	515
197	25	516
197	25	517
197	25	518
197	25	519
197	25	520
197	25	521
197	25	522
197	25	523
197	25	524
197	25	525
197	25	526
197	25	527
197	25	264
197	25	528
197	25	1
197	25	529
197	25	530
197	25	531
197	25	532
197	25	533
197	25	534
197	25	535
197	25	505
197	25	536
197	25	244
197	25	537
197	25	538
197	25	539
197	25	540
197	25	541
197	25	542
197	25	543
197	25	544
197	25	545
197	25	546
197	25	547
197	25	548
197	25	549
197	25	243
197	25	550
197	25	499
197	25	551
197	25	552
197	25	553
197	25	554
197	24	64
197	24	555
197	24	556
197	24	557
197	24	558
197	24	8
197	24	559
197	24	16
197	24	560
197	24	5
197	24	561
197	24	182
197	24	562
197	24	563
197	24	564
197	24	6
197	24	565
197	24	197
197	24	566
197	24	567
197	24	568
197	24	72
197	24	569
197	24	570
197	24	47
197	24	571
197	24	174
197	24	245
197	24	572
197	24	573
197	24	574
197	24	575
197	24	576
197	24	577
197	24	578
197	24	579
197	24	580
197	24	581
197	24	582
197	24	222
197	24	341
197	16	583
198	9	491
198	9	447
199	23	467
199	20	367
200	28	584
200	28	585
201	2	586
203	10	587
203	9	588
204	28	589
206	23	64
206	20	183
207	14	590
207	14	591
208	20	592
208	31	515
208	31	593
209	91	594
209	112	595
210	28	596
210	28	597
211	23	64
211	20	169
212	14	590
212	14	598
213	28	589
214	19	8
214	20	599
215	28	596
215	28	597
216	23	64
216	20	185
217	14	600
217	14	590
218	23	64
218	20	184
219	14	601
219	14	590
220	23	7
220	20	602
221	85	245
222	3	16
222	10	603
222	9	604
223	10	605
223	9	606
224	23	7
224	20	607
225	10	608
225	10	609
226	10	35
226	9	7
227	18	610
227	3	161
228	20	611
228	23	612
229	28	613
231	10	614
231	10	615
231	9	616
232	10	617
232	10	618
232	9	619
233	5	451
233	5	7
234	32	620
235	72	621
236	10	622
236	10	623
237	9	16
238	20	624
239	6	625
239	6	626
240	48	627
240	70	628
241	48	16
241	48	629
242	20	630
243	75	631
244	20	632
244	20	633
245	29	634
246	20	67
248	20	635
249	29	636
249	76	16
250	10	637
250	9	17
250	9	77
250	9	638
251	38	639
251	38	640
252	6	641
252	6	642
252	14	5
253	48	627
253	70	643
254	48	16
254	48	629
255	20	644
258	10	35
258	9	7
259	18	645
259	3	161
260	20	646
260	23	647
261	28	190
262	5	648
262	5	7
262	5	649
263	48	627
263	70	650
264	48	16
264	48	629
265	48	627
265	70	651
266	48	16
266	48	629
267	14	652
268	10	653
268	9	654
269	28	655
269	28	656
271	72	657
272	5	106
273	49	658
273	49	659
273	59	7
274	49	660
274	49	661
274	59	7
275	22	583
275	21	662
276	11	5
276	12	273
276	13	663
277	6	664
277	43	665
277	14	5
278	3	16
278	4	666
278	9	667
279	10	218
280	18	136
280	18	668
280	10	669
280	9	16
281	5	44
282	6	670
282	43	671
282	14	5
283	41	16
283	48	672
283	42	673
284	42	674
284	70	331
285	5	16
285	43	170
285	43	171
285	43	675
286	9	676
286	9	677
287	18	678
287	10	679
288	18	680
288	10	681
289	6	682
289	6	683
289	5	187
291	14	8
292	20	13
292	20	143
292	20	12
292	20	144
292	20	145
292	20	146
292	19	147
292	19	149
293	10	684
293	10	685
293	9	686
293	9	687
293	9	688
293	9	689
294	20	288
295	10	690
295	9	42
296	10	691
296	9	42
297	2	692
298	10	104
298	3	693
298	18	694
299	34	378
300	24	695
300	26	696
300	26	697
300	25	698
300	15	699
300	15	700
300	16	7
301	14	701
301	14	702
301	6	703
301	43	704
301	43	705
301	5	7
302	6	240
303	6	240
304	6	706
305	10	707
305	10	708
305	9	709
305	9	710
306	13	53
306	12	711
307	20	712
308	34	713
309	13	714
312	13	715
312	12	716
313	9	717
313	10	718
315	5	719
316	13	720
316	12	236
317	6	721
318	5	722
319	13	723
319	12	231
321	5	724
322	13	725
322	12	238
323	5	726
324	13	727
324	12	237
325	10	568
325	4	728
325	9	7
326	10	605
326	9	7
327	18	729
327	9	730
327	3	7
328	10	611
328	9	612
329	3	16
329	10	731
329	9	732
330	3	447
330	10	733
330	9	734
331	3	491
331	10	735
331	9	736
333	10	737
333	10	738
333	18	739
333	9	16
334	20	632
334	20	633
335	10	635
335	9	740
336	4	741
336	9	77
337	17	76
337	40	77
338	119	639
339	6	5
339	14	742
339	5	17
340	18	743
340	9	730
340	3	7
341	10	646
341	9	647
342	70	650
342	70	643
342	70	651
342	70	628
342	41	450
342	41	444
342	41	459
342	41	479
343	7	744
343	68	745
343	68	746
343	8	7
344	49	658
344	49	661
344	49	747
344	59	748
345	7	749
345	68	750
345	68	751
345	8	7
346	21	752
346	21	753
346	21	662
346	21	754
346	21	755
346	22	756
346	22	757
346	22	758
346	22	759
346	22	760
347	27	761
347	27	5
349	27	761
349	27	5
350	41	16
350	48	672
350	42	673
351	42	762
351	42	763
351	42	764
351	42	674
351	70	424
351	70	331
351	70	346
351	70	353
352	27	765
353	10	241
353	9	42
353	9	136
353	9	629
354	18	766
354	9	7
355	10	767
355	9	42
355	9	136
355	9	629
356	27	768
357	27	769
358	27	769
359	10	770
359	3	693
360	14	771
361	14	772
362	49	773
362	49	774
362	49	775
362	49	776
362	49	777
362	49	778
362	49	779
362	49	780
362	49	781
362	49	782
362	49	783
362	49	784
362	49	35
362	49	785
362	59	7
362	59	51
363	6	240
364	42	706
365	98	706
365	65	786
365	86	787
366	3	16
366	10	603
366	9	604
367	10	788
367	10	789
367	9	709
367	9	710
368	20	790
368	20	791
369	20	266
369	20	792
369	20	408
369	20	793
369	20	794
369	20	795
369	20	796
369	20	797
369	20	277
369	20	798
369	20	321
369	20	799
369	20	800
369	20	801
369	20	802
369	20	803
369	20	804
369	20	805
369	20	806
369	20	807
369	20	808
369	20	809
369	20	810
369	20	637
369	20	811
369	20	339
369	23	7
369	23	307
369	23	442
369	23	336
369	23	812
369	23	328
369	23	481
369	23	813
369	23	386
369	23	301
369	23	814
369	31	815
369	31	539
369	31	816
369	31	538
370	23	7
370	20	817
371	75	818
372	38	589
372	38	819
373	12	591
373	13	820
374	12	598
374	13	821
375	38	589
375	38	822
376	12	600
376	13	823
377	12	601
377	13	824
378	72	568
378	73	7
379	72	825
380	18	613
381	3	16
381	10	731
381	9	732
382	20	826
383	20	827
384	5	16
384	6	828
385	5	16
385	6	829
386	18	77
386	10	76
386	9	77
387	6	639
389	18	190
390	32	830
390	108	16
391	38	831
392	38	831
393	49	35
393	49	832
394	49	833
394	49	35
395	59	7
395	49	778
395	49	781
396	13	834
396	12	16
397	13	835
397	12	16
398	53	16
398	52	836
398	77	17
399	52	837
399	52	838
400	18	839
400	9	840
400	10	790
400	10	791
401	29	241
401	30	841
402	126	25
402	126	842
402	126	26
402	33	23
402	33	24
402	33	843
402	125	46
402	102	844
402	124	321
403	28	845
404	17	637
404	17	805
404	40	638
405	10	93
405	9	94
406	18	846
406	10	802
406	9	847
407	10	127
407	9	128
408	23	7
408	20	848
408	20	849
408	20	850
409	10	587
409	9	7
410	27	764
411	27	762
412	27	674
413	27	763
414	12	16
414	13	851
414	13	852
414	13	853
415	6	136
415	14	854
416	38	855
416	38	831
416	38	856
417	5	16
418	5	16
419	10	857
419	10	836
419	10	858
419	10	859
419	9	709
419	9	710
419	18	860
419	18	857
419	18	836
419	18	707
420	29	241
420	30	861
421	73	862
421	73	863
421	72	262
421	72	259
421	72	129
421	72	864
421	72	865
421	72	58
421	72	866
421	72	867
421	72	868
421	72	341
421	72	869
421	72	870
421	87	871
421	87	872
421	87	873
421	87	874
421	87	875
421	87	876
421	87	877
423	13	878
424	13	879
425	4	815
425	10	799
425	3	813
425	9	77
426	4	816
426	10	808
426	3	814
426	9	77
427	38	880
427	38	881
427	38	882
427	38	621
427	38	657
427	38	574
427	38	562
427	38	883
427	39	7
428	72	884
429	10	885
429	10	886
429	10	887
429	9	16
430	10	788
430	10	707
430	10	708
430	10	789
430	9	709
430	9	710
431	70	266
431	70	800
431	70	888
431	70	889
431	70	890
431	70	891
431	70	892
431	70	795
431	48	861
431	48	893
431	48	894
431	48	241
431	48	841
431	41	895
432	10	45
432	3	207
432	4	45
433	49	896
434	49	897
435	32	168
435	32	898
435	32	899
435	32	81
435	32	900
436	11	901
436	11	902
437	93	903
437	93	904
437	93	905
437	116	16
437	116	7
437	85	906
437	85	907
437	85	908
437	85	909
437	85	910
438	36	911
439	36	912
440	4	815
440	10	799
440	9	813
441	4	816
441	10	808
441	9	814
442	4	25
442	4	26
442	9	7
443	72	621
444	72	657
445	3	709
445	10	913
446	3	710
446	10	914
447	27	241
448	61	915
448	52	806
449	43	45
450	28	896
450	28	864
451	28	866
451	28	897
454	4	815
454	4	20
454	4	19
454	4	816
454	10	21
454	10	22
454	3	151
454	3	152
454	3	814
454	3	813
454	18	77
454	9	16
454	9	77
455	18	916
455	4	917
455	9	7
456	72	621
456	72	657
458	34	323
458	34	918
459	118	505
459	118	517
459	118	530
459	118	499
459	118	535
459	118	534
459	104	7
459	2	323
459	2	919
459	2	920
459	2	921
459	2	922
459	2	45
459	2	330
459	2	320
459	2	923
459	2	924
459	2	925
459	2	926
459	2	927
460	72	928
461	28	596
461	28	929
462	27	930
463	72	931
464	27	932
464	27	933
465	9	207
465	4	45
466	14	934
467	14	935
468	14	936
469	2	937
470	2	938
471	2	939
472	27	940
