9	0	13
13	1	9
13	0	14
14	1	13
13	0	15
15	1	13
4	0	14
14	1	4
4	0	13
13	1	4
4	0	12
12	1	4
4	0	10
10	1	4
4	0	5
5	1	4
4	0	6
6	1	4
4	0	11
11	1	4
4	0	8
8	1	4
4	0	7
7	1	4
10	0	13
13	1	10
10	0	14
14	1	10
10	0	12
12	1	10
10	0	11
11	1	10
7	0	13
13	1	7
7	0	14
14	1	7
7	0	12
12	1	7
7	0	11
11	1	7
7	0	10
10	1	7
11	0	13
13	1	11
11	0	14
14	1	11
11	0	12
12	1	11
6	0	13
13	1	6
6	0	10
10	1	6
6	0	14
14	1	6
6	0	7
7	1	6
6	0	11
11	1	6
6	0	12
12	1	6
6	0	8
8	1	6
6	0	9
9	1	6
12	0	13
13	1	12
12	0	14
14	1	12
8	0	13
13	1	8
8	0	14
14	1	8
8	0	12
12	1	8
8	0	11
11	1	8
2	0	13
13	1	2
