5	0	58
58	1	5
5	0	139
139	1	5
5	0	88
88	1	5
5	0	158
158	1	5
5	0	151
151	1	5
5	0	110
110	1	5
5	0	121
121	1	5
5	0	65
65	1	5
9	0	58
58	1	9
30	0	51
51	1	30
31	0	51
51	1	31
58	0	60
60	1	58
58	0	139
139	1	58
58	0	121
121	1	58
58	0	142
142	1	58
58	0	118
118	1	58
58	0	158
158	1	58
58	0	61
61	1	58
58	0	105
105	1	58
58	0	135
135	1	58
58	0	154
154	1	58
58	0	165
165	1	58
58	0	62
62	1	58
58	0	126
126	1	58
58	0	63
63	1	58
58	0	64
64	1	58
58	0	65
65	1	58
58	0	145
145	1	58
58	0	122
122	1	58
58	0	124
124	1	58
58	0	66
66	1	58
58	0	67
67	1	58
58	0	123
123	1	58
58	0	146
146	1	58
58	0	125
125	1	58
58	0	107
107	1	58
58	0	68
68	1	58
58	0	69
69	1	58
58	0	143
143	1	58
58	0	70
70	1	58
58	0	71
71	1	58
58	0	108
108	1	58
58	0	144
144	1	58
58	0	117
117	1	58
58	0	134
134	1	58
58	0	72
72	1	58
58	0	73
73	1	58
58	0	116
116	1	58
58	0	166
166	1	58
58	0	159
159	1	58
58	0	74
74	1	58
58	0	153
153	1	58
58	0	140
140	1	58
58	0	119
119	1	58
58	0	106
106	1	58
58	0	75
75	1	58
58	0	76
76	1	58
58	0	150
150	1	58
58	0	161
161	1	58
58	0	77
77	1	58
58	0	112
112	1	58
58	0	155
155	1	58
58	0	170
170	1	58
58	0	109
109	1	58
58	0	151
151	1	58
58	0	110
110	1	58
58	0	78
78	1	58
58	0	79
79	1	58
58	0	80
80	1	58
58	0	133
133	1	58
58	0	81
81	1	58
58	0	113
113	1	58
58	0	82
82	1	58
58	0	83
83	1	58
58	0	114
114	1	58
58	0	162
162	1	58
58	0	130
130	1	58
58	0	136
136	1	58
58	0	171
171	1	58
58	0	115
115	1	58
58	0	84
84	1	58
58	0	131
131	1	58
58	0	163
163	1	58
58	0	137
137	1	58
58	0	138
138	1	58
58	0	85
85	1	58
58	0	86
86	1	58
58	0	167
167	1	58
58	0	120
120	1	58
58	0	87
87	1	58
58	0	132
132	1	58
58	0	111
111	1	58
58	0	88
88	1	58
58	0	89
89	1	58
58	0	164
164	1	58
58	0	90
90	1	58
58	0	91
91	1	58
58	0	92
92	1	58
58	0	93
93	1	58
58	0	127
127	1	58
58	0	94
94	1	58
58	0	95
95	1	58
58	0	96
96	1	58
58	0	97
97	1	58
58	0	98
98	1	58
58	0	156
156	1	58
58	0	157
157	1	58
58	0	99
99	1	58
58	0	100
100	1	58
58	0	141
141	1	58
58	0	152
152	1	58
58	0	101
101	1	58
58	0	147
147	1	58
58	0	128
128	1	58
58	0	102
102	1	58
58	0	103
103	1	58
58	0	129
129	1	58
61	0	158
158	1	61
61	0	162
162	1	61
61	0	163
163	1	61
61	0	130
130	1	61
61	0	131
131	1	61
61	0	105
105	1	61
61	0	106
106	1	61
61	0	107
107	1	61
61	0	108
108	1	61
121	0	135
135	1	121
121	0	155
155	1	121
121	0	153
153	1	121
121	0	165
165	1	121
121	0	136
136	1	121
121	0	137
137	1	121
121	0	138
138	1	121
121	0	154
154	1	121
121	0	139
139	1	121
121	0	151
151	1	121
121	0	140
140	1	121
121	0	141
141	1	121
121	0	142
142	1	121
121	0	143
143	1	121
121	0	144
144	1	121
121	0	159
159	1	121
62	0	165
165	1	62
62	0	170
170	1	62
13	0	64
64	1	13
13	0	58
58	1	13
13	0	43
43	1	13
43	0	64
64	1	43
43	0	58
58	1	43
109	0	158
158	1	109
2	0	56
56	1	2
2	0	59
59	1	2
2	0	37
37	1	2
37	0	56
56	1	37
37	0	59
59	1	37
88	0	139
139	1	88
88	0	158
158	1	88
88	0	151
151	1	88
3	0	38
38	1	3
3	0	39
39	1	3
3	0	158
158	1	3
3	0	61
61	1	3
3	0	107
107	1	3
3	0	108
108	1	3
3	0	58
58	1	3
113	0	133
133	1	113
10	0	58
58	1	10
10	0	41
41	1	10
130	0	162
162	1	130
130	0	158
158	1	130
26	0	68
68	1	26
26	0	58
58	1	26
26	0	49
49	1	26
70	0	165
165	1	70
70	0	171
171	1	70
131	0	163
163	1	131
131	0	158
158	1	131
21	0	138
138	1	21
21	0	58
58	1	21
21	0	121
121	1	21
54	0	58
58	1	54
54	0	165
165	1	54
54	0	159
159	1	54
54	0	164
164	1	54
54	0	167
167	1	54
54	0	139
139	1	54
35	0	58
58	1	35
35	0	85
85	1	35
35	0	54
54	1	35
120	0	165
165	1	120
102	0	153
153	1	102
102	0	140
140	1	102
111	0	132
132	1	111
93	0	158
158	1	93
93	0	161
161	1	93
93	0	139
139	1	93
33	0	158
158	1	33
33	0	61
61	1	33
33	0	105
105	1	33
33	0	58
58	1	33
33	0	53
53	1	33
53	0	158
158	1	53
53	0	61
61	1	53
53	0	105
105	1	53
53	0	58
58	1	53
154	0	160
160	1	154
101	0	126
126	1	101
64	0	158
158	1	64
64	0	109
109	1	64
139	0	158
158	1	139
139	0	150
150	1	139
139	0	161
161	1	139
139	0	151
151	1	139
139	0	167
167	1	139
139	0	152
152	1	139
139	0	164
164	1	139
65	0	110
110	1	65
11	0	133
133	1	11
11	0	81
81	1	11
11	0	113
113	1	11
11	0	58
58	1	11
23	0	162
162	1	23
23	0	130
130	1	23
23	0	58
58	1	23
23	0	48
48	1	23
48	0	162
162	1	48
48	0	58
58	1	48
48	0	130
130	1	48
49	0	68
68	1	49
49	0	58
58	1	49
52	0	58
58	1	52
52	0	92
92	1	52
32	0	92
92	1	32
32	0	58
58	1	32
32	0	52
52	1	32
20	0	131
131	1	20
20	0	163
163	1	20
20	0	58
58	1	20
20	0	46
46	1	20
46	0	163
163	1	46
46	0	58
58	1	46
46	0	131
131	1	46
15	0	92
92	1	15
15	0	58
58	1	15
15	0	52
52	1	15
7	0	40
40	1	7
152	0	165
165	1	152
152	0	159
159	1	152
96	0	165
165	1	96
96	0	120
120	1	96
96	0	158
158	1	96
96	0	121
121	1	96
25	0	158
158	1	25
25	0	58
58	1	25
4	0	58
58	1	4
24	0	158
158	1	24
24	0	58
58	1	24
19	0	158
158	1	19
19	0	61
61	1	19
19	0	106
106	1	19
19	0	58
58	1	19
19	0	45
45	1	19
45	0	158
158	1	45
45	0	61
61	1	45
45	0	106
106	1	45
45	0	58
58	1	45
44	0	165
165	1	44
22	0	47
47	1	22
165	0	168
168	1	165
165	0	169
169	1	165
165	0	170
170	1	165
165	0	171
171	1	165
141	0	154
154	1	141
141	0	155
155	1	141
12	0	42
42	1	12
41	0	58
58	1	41
6	0	58
58	1	6
6	0	89
89	1	6
36	0	58
58	1	36
36	0	55
55	1	36
55	0	165
165	1	55
55	0	58
58	1	55
29	0	58
58	1	29
29	0	50
50	1	29
50	0	58
58	1	50
47	0	57
57	1	47
77	0	112
112	1	77
99	0	145
145	1	99
99	0	146
146	1	99
99	0	122
122	1	99
99	0	123
123	1	99
99	0	124
124	1	99
99	0	125
125	1	99
150	0	161
161	1	150
150	0	158
158	1	150
60	0	104
104	1	60
107	0	158
158	1	107
107	0	162
162	1	107
107	0	130
130	1	107
108	0	158
158	1	108
108	0	163
163	1	108
108	0	131
131	1	108
164	0	167
167	1	164
83	0	114
114	1	83
84	0	115
115	1	84
76	0	132
132	1	76
159	0	165
165	1	159
159	0	166
166	1	159
94	0	118
118	1	94
94	0	121
121	1	94
95	0	119
119	1	95
95	0	121
121	1	95
140	0	153
153	1	140
14	0	165
165	1	14
14	0	44
44	1	14
105	0	158
158	1	105
106	0	158
158	1	106
151	0	158
158	1	151
17	0	58
58	1	17
97	0	165
165	1	97
86	0	116
116	1	86
27	0	87
87	1	27
128	0	147
147	1	128
129	0	147
147	1	129
90	0	117
117	1	90
90	0	143
143	1	90
90	0	144
144	1	90
90	0	134
134	1	90
75	0	111
111	1	75
34	0	87
87	1	34
124	0	145
145	1	124
125	0	146
146	1	125
103	0	147
147	1	103
103	0	127
127	1	103
103	0	128
128	1	103
103	0	129
129	1	103
63	0	126
126	1	63
71	0	126
126	1	71
56	0	59
59	1	56
122	0	145
145	1	122
123	0	146
146	1	123
81	0	133
133	1	81
81	0	113
113	1	81
148	0	156
156	1	148
149	0	157
157	1	149
158	0	161
161	1	158
158	0	162
162	1	158
158	0	163
163	1	158
158	0	164
164	1	158
117	0	134
134	1	117
136	0	148
148	1	136
137	0	149
149	1	137
