45	0	46
46	1	45
12	0	46
46	1	12
12	0	98
98	1	12
12	0	102
102	1	12
37	0	46
46	1	37
37	0	72
72	1	37
37	0	85
85	1	37
37	0	48
48	1	37
37	0	59
59	1	37
95	0	103
103	1	95
95	0	105
105	1	95
95	0	109
109	1	95
95	0	99
99	1	95
99	0	103
103	1	99
91	0	105
105	1	91
91	0	106
106	1	91
91	0	107
107	1	91
91	0	103
103	1	91
91	0	109
109	1	91
91	0	93
93	1	91
91	0	94
94	1	91
91	0	95
95	1	91
91	0	100
100	1	91
91	0	96
96	1	91
46	0	47
47	1	46
46	0	67
67	1	46
46	0	48
48	1	46
46	0	102
102	1	46
46	0	92
92	1	46
46	0	93
93	1	46
46	0	97
97	1	46
46	0	101
101	1	46
46	0	96
96	1	46
46	0	91
91	1	46
46	0	100
100	1	46
46	0	72
72	1	46
46	0	106
106	1	46
46	0	107
107	1	46
46	0	103
103	1	46
46	0	95
95	1	46
46	0	99
99	1	46
46	0	76
76	1	46
46	0	105
105	1	46
46	0	66
66	1	46
46	0	73
73	1	46
46	0	69
69	1	46
46	0	49
49	1	46
46	0	98
98	1	46
46	0	90
90	1	46
46	0	94
94	1	46
46	0	89
89	1	46
46	0	85
85	1	46
46	0	50
50	1	46
46	0	51
51	1	46
46	0	80
80	1	46
46	0	70
70	1	46
46	0	68
68	1	46
46	0	83
83	1	46
46	0	109
109	1	46
46	0	75
75	1	46
46	0	79
79	1	46
46	0	86
86	1	46
46	0	81
81	1	46
46	0	52
52	1	46
46	0	53
53	1	46
46	0	54
54	1	46
46	0	55
55	1	46
46	0	56
56	1	46
46	0	57
57	1	46
46	0	58
58	1	46
46	0	88
88	1	46
46	0	87
87	1	46
46	0	71
71	1	46
46	0	59
59	1	46
46	0	60
60	1	46
46	0	74
74	1	46
46	0	61
61	1	46
46	0	77
77	1	46
46	0	62
62	1	46
46	0	63
63	1	46
46	0	64
64	1	46
46	0	84
84	1	46
46	0	78
78	1	46
46	0	65
65	1	46
41	0	45
45	1	41
28	0	72
72	1	28
28	0	46
46	1	28
90	0	92
92	1	90
24	0	91
91	1	24
24	0	94
94	1	24
24	0	89
89	1	24
24	0	93
93	1	24
24	0	85
85	1	24
24	0	37
37	1	24
13	0	97
97	1	13
13	0	93
93	1	13
13	0	101
101	1	13
13	0	46
46	1	13
60	0	101
101	1	60
60	0	97
97	1	60
60	0	85
85	1	60
71	0	85
85	1	71
71	0	101
101	1	71
71	0	91
91	1	71
71	0	81
81	1	71
59	0	85
85	1	59
59	0	101
101	1	59
59	0	81
81	1	59
59	0	91
91	1	59
59	0	71
71	1	59
59	0	72
72	1	59
2	0	96
96	1	2
2	0	81
81	1	2
2	0	91
91	1	2
2	0	100
100	1	2
2	0	46
46	1	2
2	0	86
86	1	2
2	0	103
103	1	2
2	0	54
54	1	2
2	0	106
106	1	2
2	0	107
107	1	2
2	0	53
53	1	2
20	0	46
46	1	20
20	0	58
58	1	20
30	0	42
42	1	30
30	0	46
46	1	30
30	0	64
64	1	30
30	0	43
43	1	30
30	0	38
38	1	30
38	0	42
42	1	38
38	0	43
43	1	38
26	0	46
46	1	26
62	0	103
103	1	62
62	0	105
105	1	62
62	0	109
109	1	62
62	0	95
95	1	62
62	0	75
75	1	62
62	0	83
83	1	62
62	0	87
87	1	62
62	0	76
76	1	62
62	0	91
91	1	62
3	0	103
103	1	3
3	0	99
99	1	3
3	0	83
83	1	3
3	0	95
95	1	3
3	0	25
25	1	3
25	0	103
103	1	25
25	0	99
99	1	25
25	0	95
95	1	25
16	0	91
91	1	16
16	0	105
105	1	16
16	0	103
103	1	16
16	0	95
95	1	16
16	0	109
109	1	16
16	0	83
83	1	16
16	0	87
87	1	16
16	0	46
46	1	16
16	0	76
76	1	16
16	0	75
75	1	16
16	0	62
62	1	16
47	0	66
66	1	47
36	0	41
41	1	36
36	0	45
45	1	36
23	0	41
41	1	23
23	0	45
45	1	23
23	0	46
46	1	23
23	0	36
36	1	23
27	0	46
46	1	27
27	0	49
49	1	27
27	0	67
67	1	27
27	0	52
52	1	27
40	0	46
46	1	40
40	0	69
69	1	40
40	0	57
57	1	40
40	0	44
44	1	40
44	0	46
46	1	44
44	0	98
98	1	44
44	0	93
93	1	44
44	0	69
69	1	44
44	0	57
57	1	44
34	0	46
46	1	34
34	0	57
57	1	34
34	0	44
44	1	34
34	0	40
40	1	34
18	0	39
39	1	18
18	0	33
33	1	18
7	0	46
46	1	7
7	0	72
72	1	7
7	0	37
37	1	7
7	0	28
28	1	7
7	0	29
29	1	7
7	0	59
59	1	7
6	0	49
49	1	6
6	0	27
27	1	6
6	0	46
46	1	6
8	0	46
46	1	8
8	0	92
92	1	8
8	0	90
90	1	8
8	0	94
94	1	8
8	0	89
89	1	8
8	0	88
88	1	8
8	0	86
86	1	8
86	0	92
92	1	86
86	0	90
90	1	86
86	0	91
91	1	86
86	0	94
94	1	86
86	0	88
88	1	86
86	0	89
89	1	86
4	0	84
84	1	4
4	0	78
78	1	4
4	0	65
65	1	4
22	0	103
103	1	22
22	0	107
107	1	22
22	0	43
43	1	22
22	0	91
91	1	22
22	0	35
35	1	22
54	0	103
103	1	54
54	0	106
106	1	54
54	0	107
107	1	54
54	0	91
91	1	54
64	0	91
91	1	64
64	0	106
106	1	64
64	0	107
107	1	64
9	0	108
108	1	9
9	0	42
42	1	9
9	0	38
38	1	9
9	0	30
30	1	9
103	0	104
104	1	103
103	0	105
105	1	103
103	0	109
109	1	103
103	0	106
106	1	103
103	0	107
107	1	103
103	0	108
108	1	103
76	0	103
103	1	76
76	0	105
105	1	76
76	0	109
109	1	76
76	0	83
83	1	76
76	0	95
95	1	76
76	0	87
87	1	76
76	0	91
91	1	76
83	0	103
103	1	83
83	0	95
95	1	83
83	0	91
91	1	83
83	0	105
105	1	83
83	0	109
109	1	83
83	0	87
87	1	83
87	0	103
103	1	87
87	0	91
91	1	87
87	0	105
105	1	87
87	0	109
109	1	87
87	0	95
95	1	87
75	0	105
105	1	75
75	0	103
103	1	75
75	0	109
109	1	75
75	0	95
95	1	75
75	0	83
83	1	75
19	0	46
46	1	19
19	0	34
34	1	19
19	0	57
57	1	19
19	0	44
44	1	19
69	0	79
79	1	69
43	0	107
107	1	43
43	0	91
91	1	43
11	0	103
103	1	11
11	0	31
31	1	11
31	0	103
103	1	31
61	0	73
73	1	61
61	0	74
74	1	61
81	0	85
85	1	81
81	0	91
91	1	81
81	0	96
96	1	81
81	0	86
86	1	81
35	0	103
103	1	35
35	0	54
54	1	35
35	0	108
108	1	35
58	0	80
80	1	58
58	0	70
70	1	58
63	0	107
107	1	63
63	0	106
106	1	63
63	0	103
103	1	63
63	0	77
77	1	63
78	0	84
84	1	78
14	0	103
103	1	14
14	0	104
104	1	14
5	0	46
46	1	5
5	0	68
68	1	5
5	0	26
26	1	5
53	0	100
100	1	53
53	0	96
96	1	53
93	0	97
97	1	93
93	0	98
98	1	93
88	0	92
92	1	88
88	0	90
90	1	88
89	0	94
94	1	89
89	0	91
91	1	89
77	0	107
107	1	77
77	0	106
106	1	77
77	0	103
103	1	77
33	0	39
39	1	33
15	0	32
32	1	15
15	0	37
37	1	15
50	0	84
84	1	50
52	0	67
67	1	52
98	0	102
102	1	98
29	0	46
46	1	29
56	0	68
68	1	56
65	0	84
84	1	65
65	0	78
78	1	65
96	0	100
100	1	96
57	0	69
69	1	57
70	0	80
80	1	70
85	0	101
101	1	85
10	0	46
46	1	10
10	0	82
82	1	10
97	0	101
101	1	97
74	0	82
82	1	74
105	0	109
109	1	105
