18	0	42
42	1	18
18	0	48
48	1	18
18	0	45
45	1	18
18	0	44
44	1	18
18	0	37
37	1	18
18	0	40
40	1	18
18	0	34
34	1	18
18	0	47
47	1	18
18	0	36
36	1	18
18	0	35
35	1	18
18	0	50
50	1	18
18	0	39
39	1	18
18	0	20
20	1	18
18	0	21
21	1	18
18	0	31
31	1	18
18	0	38
38	1	18
18	0	41
41	1	18
18	0	22
22	1	18
18	0	23
23	1	18
18	0	43
43	1	18
18	0	24
24	1	18
18	0	25
25	1	18
18	0	26
26	1	18
18	0	32
32	1	18
18	0	27
27	1	18
18	0	28
28	1	18
18	0	29
29	1	18
38	0	40
40	1	38
38	0	44
44	1	38
38	0	41
41	1	38
38	0	45
45	1	38
38	0	42
42	1	38
10	0	17
17	1	10
10	0	19
19	1	10
19	0	30
30	1	19
26	0	34
34	1	26
29	0	48
48	1	29
29	0	45
45	1	29
29	0	47
47	1	29
2	0	49
49	1	2
2	0	51
51	1	2
2	0	40
40	1	2
14	0	18
18	1	14
14	0	36
36	1	14
14	0	38
38	1	14
14	0	28
28	1	14
27	0	48
48	1	27
27	0	35
35	1	27
27	0	50
50	1	27
27	0	37
37	1	27
35	0	50
50	1	35
35	0	37
37	1	35
35	0	48
48	1	35
5	0	18
18	1	5
5	0	16
16	1	5
5	0	20
20	1	5
12	0	18
18	1	12
12	0	20
20	1	12
12	0	21
21	1	12
12	0	31
31	1	12
41	0	44
44	1	41
22	0	48
48	1	22
22	0	37
37	1	22
37	0	39
39	1	37
37	0	48
48	1	37
40	0	46
46	1	40
40	0	43
43	1	40
17	0	49
49	1	17
17	0	19
19	1	17
43	0	46
46	1	43
3	0	18
18	1	3
3	0	15
15	1	3
3	0	38
38	1	3
48	0	50
50	1	48
15	0	48
48	1	15
15	0	50
50	1	15
15	0	21
21	1	15
15	0	31
31	1	15
36	0	38
38	1	36
8	0	18
18	1	8
49	0	51
51	1	49
6	0	24
24	1	6
6	0	18
18	1	6
16	0	18
18	1	16
45	0	47
47	1	45
45	0	48
48	1	45
9	0	37
37	1	9
13	0	22
22	1	13
13	0	41
41	1	13
21	0	31
31	1	21
25	0	42
42	1	25
25	0	32
32	1	25
25	0	33
33	1	25
28	0	38
38	1	28
28	0	36
36	1	28
42	0	45
45	1	42
46	0	49
49	1	46
11	0	32
32	1	11
11	0	18
18	1	11
11	0	33
33	1	11
