51	0	65
65	1	51
58	0	65
65	1	58
57	0	65
65	1	57
65	0	212
212	1	65
65	0	66
66	1	65
65	0	67
67	1	65
65	0	68
68	1	65
65	0	69
69	1	65
65	0	162
162	1	65
65	0	70
70	1	65
65	0	177
177	1	65
65	0	71
71	1	65
65	0	193
193	1	65
65	0	72
72	1	65
65	0	73
73	1	65
65	0	74
74	1	65
65	0	75
75	1	65
65	0	200
200	1	65
65	0	76
76	1	65
65	0	77
77	1	65
65	0	189
189	1	65
65	0	78
78	1	65
65	0	175
175	1	65
65	0	171
171	1	65
65	0	172
172	1	65
65	0	79
79	1	65
65	0	215
215	1	65
65	0	80
80	1	65
65	0	81
81	1	65
65	0	165
165	1	65
65	0	82
82	1	65
65	0	83
83	1	65
65	0	202
202	1	65
65	0	84
84	1	65
65	0	185
185	1	65
65	0	186
186	1	65
65	0	85
85	1	65
65	0	86
86	1	65
65	0	87
87	1	65
65	0	88
88	1	65
65	0	89
89	1	65
65	0	90
90	1	65
65	0	91
91	1	65
65	0	196
196	1	65
65	0	190
190	1	65
65	0	170
170	1	65
65	0	92
92	1	65
65	0	93
93	1	65
65	0	94
94	1	65
65	0	163
163	1	65
65	0	95
95	1	65
65	0	197
197	1	65
65	0	96
96	1	65
65	0	97
97	1	65
65	0	98
98	1	65
65	0	99
99	1	65
65	0	100
100	1	65
65	0	101
101	1	65
65	0	102
102	1	65
65	0	103
103	1	65
65	0	104
104	1	65
65	0	173
173	1	65
65	0	105
105	1	65
65	0	174
174	1	65
65	0	106
106	1	65
65	0	107
107	1	65
65	0	108
108	1	65
65	0	109
109	1	65
65	0	110
110	1	65
65	0	205
205	1	65
65	0	181
181	1	65
65	0	111
111	1	65
65	0	112
112	1	65
65	0	164
164	1	65
65	0	178
178	1	65
65	0	113
113	1	65
65	0	206
206	1	65
65	0	167
167	1	65
65	0	209
209	1	65
65	0	114
114	1	65
65	0	210
210	1	65
65	0	168
168	1	65
65	0	115
115	1	65
65	0	116
116	1	65
65	0	117
117	1	65
65	0	118
118	1	65
65	0	119
119	1	65
65	0	194
194	1	65
65	0	120
120	1	65
65	0	121
121	1	65
65	0	195
195	1	65
65	0	179
179	1	65
65	0	122
122	1	65
65	0	123
123	1	65
65	0	124
124	1	65
65	0	204
204	1	65
65	0	125
125	1	65
65	0	180
180	1	65
65	0	126
126	1	65
65	0	127
127	1	65
65	0	128
128	1	65
65	0	166
166	1	65
65	0	203
203	1	65
65	0	129
129	1	65
65	0	130
130	1	65
65	0	131
131	1	65
65	0	182
182	1	65
65	0	132
132	1	65
65	0	187
187	1	65
65	0	183
183	1	65
65	0	133
133	1	65
65	0	134
134	1	65
65	0	191
191	1	65
65	0	192
192	1	65
65	0	135
135	1	65
65	0	136
136	1	65
65	0	198
198	1	65
65	0	199
199	1	65
65	0	188
188	1	65
65	0	137
137	1	65
65	0	138
138	1	65
65	0	184
184	1	65
65	0	139
139	1	65
65	0	140
140	1	65
65	0	213
213	1	65
65	0	214
214	1	65
65	0	141
141	1	65
65	0	211
211	1	65
65	0	142
142	1	65
65	0	143
143	1	65
65	0	144
144	1	65
65	0	145
145	1	65
65	0	146
146	1	65
65	0	147
147	1	65
65	0	148
148	1	65
65	0	149
149	1	65
65	0	207
207	1	65
65	0	208
208	1	65
65	0	150
150	1	65
65	0	151
151	1	65
65	0	152
152	1	65
65	0	153
153	1	65
65	0	169
169	1	65
65	0	176
176	1	65
65	0	154
154	1	65
65	0	155
155	1	65
65	0	156
156	1	65
65	0	157
157	1	65
65	0	158
158	1	65
65	0	159
159	1	65
65	0	160
160	1	65
65	0	201
201	1	65
65	0	161
161	1	65
13	0	65
65	1	13
13	0	86
86	1	13
13	0	66
66	1	13
13	0	93
93	1	13
39	0	65
65	1	39
39	0	56
56	1	39
177	0	204
204	1	177
60	0	177
177	1	60
60	0	65
65	1	60
60	0	98
98	1	60
60	0	97
97	1	60
60	0	106
106	1	60
60	0	88
88	1	60
60	0	155
155	1	60
60	0	196
196	1	60
60	0	137
137	1	60
60	0	197
197	1	60
60	0	156
156	1	60
60	0	175
175	1	60
60	0	100
100	1	60
60	0	108
108	1	60
60	0	112
112	1	60
60	0	167
167	1	60
60	0	168
168	1	60
60	0	204
204	1	60
60	0	99
99	1	60
60	0	107
107	1	60
60	0	198
198	1	60
60	0	199
199	1	60
60	0	61
61	1	60
60	0	62
62	1	60
60	0	63
63	1	60
60	0	64
64	1	60
60	0	124
124	1	60
60	0	128
128	1	60
60	0	115
115	1	60
60	0	173
173	1	60
60	0	174
174	1	60
60	0	104
104	1	60
60	0	105
105	1	60
60	0	84
84	1	60
60	0	157
157	1	60
60	0	158
158	1	60
4	0	74
74	1	4
9	0	65
65	1	9
9	0	162
162	1	9
9	0	117
117	1	9
9	0	125
125	1	9
9	0	42
42	1	9
9	0	43
43	1	9
2	0	65
65	1	2
2	0	90
90	1	2
2	0	40
40	1	2
2	0	41
41	1	2
40	0	90
90	1	40
40	0	65
65	1	40
40	0	162
162	1	40
52	0	65
65	1	52
52	0	179
179	1	52
52	0	180
180	1	52
52	0	205
205	1	52
52	0	206
206	1	52
25	0	65
65	1	25
25	0	50
50	1	25
50	0	65
65	1	50
155	0	196
196	1	155
61	0	196
196	1	61
61	0	65
65	1	61
61	0	63
63	1	61
61	0	155
155	1	61
140	0	190
190	1	140
3	0	65
65	1	3
3	0	74
74	1	3
3	0	175
175	1	3
3	0	98
98	1	3
3	0	97
97	1	3
3	0	106
106	1	3
3	0	60
60	1	3
17	0	65
65	1	17
17	0	48
48	1	17
48	0	65
65	1	48
62	0	197
197	1	62
62	0	65
65	1	62
62	0	64
64	1	62
62	0	156
156	1	62
156	0	197
197	1	156
103	0	171
171	1	103
103	0	172
172	1	103
12	0	65
65	1	12
12	0	44
44	1	12
12	0	45
45	1	12
12	0	150
150	1	12
12	0	151
151	1	12
41	0	90
90	1	41
41	0	65
65	1	41
41	0	162
162	1	41
47	0	57
57	1	47
47	0	58
58	1	47
47	0	130
130	1	47
47	0	134
134	1	47
130	0	185
185	1	130
130	0	209
209	1	130
29	0	209
209	1	29
29	0	185
185	1	29
29	0	65
65	1	29
29	0	130
130	1	29
26	0	210
210	1	26
26	0	187
187	1	26
26	0	65
65	1	26
26	0	184
184	1	26
26	0	132
132	1	26
132	0	210
210	1	132
132	0	187
187	1	132
132	0	184
184	1	132
134	0	185
185	1	134
134	0	209
209	1	134
21	0	209
209	1	21
21	0	185
185	1	21
21	0	65
65	1	21
21	0	134
134	1	21
136	0	212
212	1	136
136	0	188
188	1	136
27	0	66
66	1	27
27	0	53
53	1	27
27	0	65
65	1	27
15	0	65
65	1	15
15	0	68
68	1	15
15	0	75
75	1	15
18	0	177
177	1	18
18	0	204
204	1	18
18	0	65
65	1	18
18	0	115
115	1	18
18	0	60
60	1	18
88	0	169
169	1	88
88	0	177
177	1	88
54	0	59
59	1	54
54	0	60
60	1	54
36	0	60
60	1	36
36	0	54
54	1	36
36	0	65
65	1	36
36	0	142
142	1	36
33	0	65
65	1	33
33	0	52
52	1	33
43	0	117
117	1	43
43	0	65
65	1	43
32	0	65
65	1	32
20	0	60
60	1	20
63	0	196
196	1	63
63	0	155
155	1	63
63	0	65
65	1	63
6	0	155
155	1	6
6	0	61
61	1	6
6	0	196
196	1	6
6	0	65
65	1	6
6	0	197
197	1	6
6	0	62
62	1	6
6	0	156
156	1	6
35	0	53
53	1	35
35	0	65
65	1	35
138	0	189
189	1	138
19	0	60
60	1	19
64	0	197
197	1	64
64	0	156
156	1	64
64	0	65
65	1	64
98	0	175
175	1	98
44	0	65
65	1	44
44	0	120
120	1	44
44	0	60
60	1	44
11	0	104
104	1	11
11	0	173
173	1	11
11	0	105
105	1	11
11	0	174
174	1	11
11	0	65
65	1	11
11	0	150
150	1	11
11	0	151
151	1	11
45	0	65
65	1	45
45	0	121
121	1	45
45	0	60
60	1	45
5	0	65
65	1	5
5	0	60
60	1	5
31	0	177
177	1	31
31	0	204
204	1	31
31	0	65
65	1	31
31	0	154
154	1	31
112	0	176
176	1	112
112	0	177
177	1	112
42	0	125
125	1	42
42	0	65
65	1	42
81	0	165
165	1	81
81	0	166
166	1	81
81	0	203
203	1	81
46	0	65
65	1	46
46	0	203
203	1	46
46	0	166
166	1	46
46	0	202
202	1	46
24	0	49
49	1	24
16	0	60
60	1	16
16	0	65
65	1	16
16	0	57
57	1	16
16	0	130
130	1	16
16	0	58
58	1	16
16	0	134
134	1	16
16	0	47
47	1	16
8	0	57
57	1	8
8	0	185
185	1	8
8	0	58
58	1	8
8	0	130
130	1	8
8	0	134
134	1	8
8	0	47
47	1	8
37	0	65
65	1	37
37	0	55
55	1	37
22	0	60
60	1	22
22	0	59
59	1	22
28	0	65
65	1	28
28	0	144
144	1	28
23	0	65
65	1	23
34	0	65
65	1	34
34	0	55
55	1	34
38	0	65
65	1	38
38	0	149
149	1	38
14	0	65
65	1	14
14	0	81
81	1	14
14	0	83
83	1	14
14	0	46
46	1	14
14	0	166
166	1	14
14	0	203
203	1	14
209	0	216
216	1	209
209	0	217
217	1	209
123	0	181
181	1	123
127	0	181
181	1	127
184	0	210
210	1	184
56	0	65
65	1	56
84	0	167
167	1	84
84	0	168
168	1	84
10	0	60
60	1	10
10	0	191
191	1	10
10	0	192
192	1	10
157	0	198
198	1	157
158	0	199
199	1	158
70	0	162
162	1	70
179	0	205
205	1	179
180	0	206
206	1	180
110	0	179
179	1	110
110	0	205
205	1	110
122	0	205
205	1	122
122	0	179
179	1	122
126	0	206
206	1	126
126	0	180
180	1	126
188	0	212
212	1	188
139	0	212
212	1	139
92	0	170
170	1	92
113	0	178
178	1	113
159	0	200
200	1	159
135	0	186
186	1	135
135	0	187
187	1	135
201	0	215
215	1	201
59	0	60
60	1	59
187	0	210
210	1	187
187	0	211
211	1	187
161	0	215
215	1	161
161	0	201
201	1	161
141	0	191
191	1	141
141	0	192
192	1	141
30	0	51
51	1	30
186	0	210
210	1	186
147	0	213
213	1	147
147	0	194
194	1	147
148	0	214
214	1	148
148	0	195
195	1	148
97	0	175
175	1	97
106	0	175
175	1	106
142	0	193
193	1	142
131	0	207
207	1	131
131	0	208
208	1	131
131	0	182
182	1	131
131	0	183
183	1	131
166	0	202
202	1	166
166	0	203
203	1	166
185	0	209
209	1	185
104	0	173
173	1	104
105	0	174
174	1	105
79	0	164
164	1	79
76	0	163
163	1	76
182	0	207
207	1	182
183	0	208
208	1	183
194	0	213
213	1	194
195	0	214
214	1	195
