24	0	38
38	1	24
24	0	27
27	1	24
24	0	28
28	1	24
24	0	29
29	1	24
24	0	30
30	1	24
24	0	31
31	1	24
24	0	32
32	1	24
24	0	33
33	1	24
24	0	34
34	1	24
24	0	35
35	1	24
6	0	24
24	1	6
6	0	38
38	1	6
6	0	35
35	1	6
10	0	15
15	1	10
10	0	24
24	1	10
4	0	24
24	1	4
16	0	18
18	1	16
16	0	24
24	1	16
16	0	32
32	1	16
16	0	22
22	1	16
16	0	19
19	1	16
16	0	21
21	1	16
12	0	24
24	1	12
13	0	37
37	1	13
13	0	24
24	1	13
13	0	32
32	1	13
13	0	34
34	1	13
13	0	22
22	1	13
13	0	33
33	1	13
13	0	16
16	1	13
13	0	21
21	1	13
25	0	39
39	1	25
25	0	36
36	1	25
17	0	38
38	1	17
17	0	24
24	1	17
17	0	20
20	1	17
2	0	24
24	1	2
2	0	31
31	1	2
20	0	24
24	1	20
20	0	38
38	1	20
9	0	24
24	1	9
7	0	24
24	1	7
7	0	27
27	1	7
8	0	24
24	1	8
8	0	14
14	1	8
8	0	38
38	1	8
14	0	24
24	1	14
14	0	38
38	1	14
14	0	17
17	1	14
14	0	20
20	1	14
21	0	24
24	1	21
21	0	32
32	1	21
21	0	26
26	1	21
21	0	22
22	1	21
21	0	23
23	1	21
3	0	24
24	1	3
3	0	13
13	1	3
3	0	32
32	1	3
3	0	25
25	1	3
3	0	36
36	1	3
3	0	22
22	1	3
3	0	21
21	1	3
3	0	19
19	1	3
3	0	16
16	1	3
36	0	39
39	1	36
22	0	24
24	1	22
22	0	32
32	1	22
22	0	36
36	1	22
22	0	25
25	1	22
5	0	26
26	1	5
5	0	23
23	1	5
5	0	21
21	1	5
19	0	24
24	1	19
19	0	21
21	1	19
19	0	22
22	1	19
35	0	38
38	1	35
23	0	26
26	1	23
34	0	37
37	1	34
15	0	24
24	1	15
