4	0	116
116	1	4
4	0	61
61	1	4
4	0	62
62	1	4
61	0	116
116	1	61
61	0	211
211	1	61
34	0	116
116	1	34
34	0	75
75	1	34
34	0	89
89	1	34
46	0	92
92	1	46
46	0	192
192	1	46
46	0	239
239	1	46
46	0	204
204	1	46
46	0	178
178	1	46
46	0	115
115	1	46
46	0	212
212	1	46
46	0	241
241	1	46
46	0	152
152	1	46
46	0	76
76	1	46
46	0	114
114	1	46
46	0	77
77	1	46
116	0	239
239	1	116
116	0	184
184	1	116
116	0	199
199	1	116
116	0	118
118	1	116
116	0	237
237	1	116
116	0	119
119	1	116
116	0	120
120	1	116
116	0	193
193	1	116
116	0	242
242	1	116
116	0	121
121	1	116
116	0	188
188	1	116
116	0	211
211	1	116
116	0	228
228	1	116
116	0	122
122	1	116
116	0	123
123	1	116
116	0	124
124	1	116
116	0	125
125	1	116
116	0	180
180	1	116
116	0	191
191	1	116
116	0	181
181	1	116
116	0	126
126	1	116
116	0	127
127	1	116
116	0	128
128	1	116
116	0	183
183	1	116
116	0	129
129	1	116
116	0	195
195	1	116
116	0	196
196	1	116
116	0	185
185	1	116
116	0	130
130	1	116
116	0	222
222	1	116
116	0	207
207	1	116
116	0	245
245	1	116
116	0	240
240	1	116
116	0	131
131	1	116
116	0	132
132	1	116
116	0	133
133	1	116
116	0	134
134	1	116
116	0	135
135	1	116
116	0	136
136	1	116
116	0	137
137	1	116
116	0	220
220	1	116
116	0	138
138	1	116
116	0	139
139	1	116
116	0	140
140	1	116
116	0	141
141	1	116
116	0	142
142	1	116
116	0	243
243	1	116
116	0	143
143	1	116
116	0	144
144	1	116
116	0	190
190	1	116
116	0	145
145	1	116
116	0	205
205	1	116
116	0	218
218	1	116
116	0	223
223	1	116
116	0	146
146	1	116
116	0	147
147	1	116
116	0	236
236	1	116
116	0	235
235	1	116
116	0	148
148	1	116
116	0	210
210	1	116
116	0	149
149	1	116
116	0	150
150	1	116
116	0	151
151	1	116
116	0	152
152	1	116
116	0	153
153	1	116
116	0	197
197	1	116
116	0	154
154	1	116
116	0	198
198	1	116
116	0	155
155	1	116
116	0	156
156	1	116
116	0	157
157	1	116
116	0	158
158	1	116
116	0	159
159	1	116
116	0	160
160	1	116
116	0	194
194	1	116
116	0	161
161	1	116
116	0	162
162	1	116
116	0	163
163	1	116
116	0	201
201	1	116
116	0	164
164	1	116
116	0	165
165	1	116
116	0	166
166	1	116
116	0	167
167	1	116
116	0	168
168	1	116
116	0	200
200	1	116
116	0	169
169	1	116
116	0	170
170	1	116
116	0	171
171	1	116
116	0	172
172	1	116
116	0	189
189	1	116
116	0	173
173	1	116
116	0	174
174	1	116
116	0	175
175	1	116
116	0	176
176	1	116
116	0	214
214	1	116
116	0	177
177	1	116
162	0	195
195	1	162
162	0	208
208	1	162
75	0	208
208	1	75
75	0	240
240	1	75
75	0	116
116	1	75
75	0	222
222	1	75
75	0	239
239	1	75
75	0	156
156	1	75
75	0	195
195	1	75
75	0	155
155	1	75
75	0	161
161	1	75
75	0	89
89	1	75
75	0	162
162	1	75
114	0	237
237	1	114
114	0	115
115	1	114
114	0	116
116	1	114
114	0	205
205	1	114
114	0	204
204	1	114
114	0	239
239	1	114
114	0	241
241	1	114
114	0	212
212	1	114
114	0	231
231	1	114
114	0	232
232	1	114
114	0	233
233	1	114
114	0	234
234	1	114
114	0	228
228	1	114
66	0	97
97	1	66
66	0	84
84	1	66
66	0	111
111	1	66
66	0	85
85	1	66
66	0	112
112	1	66
66	0	105
105	1	66
66	0	114
114	1	66
66	0	206
206	1	66
66	0	106
106	1	66
66	0	185
185	1	66
66	0	86
86	1	66
66	0	130
130	1	66
97	0	111
111	1	97
97	0	112
112	1	97
97	0	114
114	1	97
97	0	206
206	1	97
97	0	105
105	1	97
97	0	185
185	1	97
97	0	106
106	1	97
97	0	107
107	1	97
97	0	108
108	1	97
97	0	109
109	1	97
3	0	206
206	1	3
3	0	82
82	1	3
7	0	95
95	1	7
7	0	86
86	1	7
7	0	111
111	1	7
7	0	114
114	1	7
7	0	206
206	1	7
7	0	185
185	1	7
7	0	112
112	1	7
7	0	97
97	1	7
7	0	106
106	1	7
7	0	130
130	1	7
7	0	66
66	1	7
130	0	185
185	1	130
130	0	206
206	1	130
13	0	67
67	1	13
49	0	79
79	1	49
49	0	80
80	1	49
40	0	91
91	1	40
207	0	222
222	1	207
207	0	242
242	1	207
207	0	245
245	1	207
207	0	239
239	1	207
207	0	218
218	1	207
207	0	213
213	1	207
207	0	223
223	1	207
213	0	222
222	1	213
213	0	218
218	1	213
78	0	236
236	1	78
78	0	238
238	1	78
12	0	238
238	1	12
12	0	236
236	1	12
12	0	237
237	1	12
12	0	239
239	1	12
12	0	243
243	1	12
12	0	228
228	1	12
12	0	78
78	1	12
12	0	116
116	1	12
12	0	235
235	1	12
47	0	238
238	1	47
47	0	236
236	1	47
47	0	237
237	1	47
47	0	239
239	1	47
47	0	243
243	1	47
47	0	228
228	1	47
47	0	78
78	1	47
47	0	235
235	1	47
47	0	116
116	1	47
143	0	237
237	1	143
88	0	100
100	1	88
83	0	94
94	1	83
55	0	94
94	1	55
55	0	83
83	1	55
196	0	209
209	1	196
16	0	239
239	1	16
68	0	209
209	1	68
68	0	116
116	1	68
68	0	87
87	1	68
19	0	209
209	1	19
19	0	68
68	1	19
91	0	116
116	1	91
91	0	114
114	1	91
91	0	205
205	1	91
205	0	239
239	1	205
128	0	182
182	1	128
128	0	239
239	1	128
128	0	183
183	1	128
195	0	208
208	1	195
23	0	196
196	1	23
23	0	116
116	1	23
168	0	196
196	1	168
6	0	105
105	1	6
6	0	103
103	1	6
6	0	104
104	1	6
10	0	84
84	1	10
10	0	111
111	1	10
10	0	85
85	1	10
10	0	112
112	1	10
10	0	64
64	1	10
10	0	65
65	1	10
10	0	97
97	1	10
10	0	66
66	1	10
86	0	114
114	1	86
86	0	95
95	1	86
86	0	111
111	1	86
86	0	206
206	1	86
86	0	106
106	1	86
86	0	185
185	1	86
86	0	112
112	1	86
86	0	96
96	1	86
86	0	103
103	1	86
86	0	113
113	1	86
86	0	104
104	1	86
86	0	110
110	1	86
86	0	97
97	1	86
86	0	130
130	1	86
86	0	108
108	1	86
86	0	109
109	1	86
86	0	98
98	1	86
86	0	99
99	1	86
108	0	114
114	1	108
115	0	239
239	1	115
115	0	192
192	1	115
115	0	204
204	1	115
115	0	178
178	1	115
115	0	212
212	1	115
115	0	217
217	1	115
115	0	241
241	1	115
115	0	117
117	1	115
76	0	239
239	1	76
76	0	204
204	1	76
76	0	212
212	1	76
76	0	115
115	1	76
76	0	241
241	1	76
76	0	90
90	1	76
76	0	178
178	1	76
76	0	91
91	1	76
76	0	114
114	1	76
76	0	92
92	1	76
41	0	115
115	1	41
41	0	239
239	1	41
92	0	192
192	1	92
92	0	239
239	1	92
92	0	204
204	1	92
92	0	115
115	1	92
92	0	241
241	1	92
92	0	212
212	1	92
92	0	114
114	1	92
92	0	178
178	1	92
77	0	192
192	1	77
77	0	152
152	1	77
152	0	192
192	1	152
152	0	193
193	1	152
80	0	116
116	1	80
194	0	222
222	1	194
194	0	207
207	1	194
155	0	222
222	1	155
155	0	207
207	1	155
239	0	240
240	1	239
239	0	241
241	1	239
239	0	242
242	1	239
239	0	243
243	1	239
239	0	244
244	1	239
131	0	186
186	1	131
157	0	222
222	1	157
14	0	222
222	1	14
14	0	75
75	1	14
5	0	228
228	1	5
5	0	132
132	1	5
5	0	133
133	1	5
5	0	116
116	1	5
54	0	116
116	1	54
54	0	135
135	1	54
225	0	228
228	1	225
225	0	229
229	1	225
225	0	230
230	1	225
22	0	211
211	1	22
22	0	164
164	1	22
22	0	70
70	1	22
22	0	116
116	1	22
164	0	211
211	1	164
202	0	230
230	1	202
202	0	211
211	1	202
202	0	220
220	1	202
202	0	225
225	1	202
89	0	116
116	1	89
237	0	243
243	1	237
237	0	239
239	1	237
59	0	116
116	1	59
59	0	141
141	1	59
25	0	211
211	1	25
25	0	165
165	1	25
25	0	70
70	1	25
25	0	116
116	1	25
165	0	211
211	1	165
203	0	230
230	1	203
203	0	211
211	1	203
203	0	220
220	1	203
203	0	225
225	1	203
109	0	114
114	1	109
73	0	144
144	1	73
73	0	116
116	1	73
122	0	179
179	1	122
39	0	74
74	1	39
42	0	75
75	1	42
150	0	191
191	1	150
51	0	181
181	1	51
51	0	116
116	1	51
126	0	181
181	1	126
151	0	191
191	1	151
24	0	181
181	1	24
24	0	116
116	1	24
127	0	181
181	1	127
45	0	116
116	1	45
45	0	91
91	1	45
45	0	114
114	1	45
45	0	205
205	1	45
118	0	184
184	1	118
228	0	237
237	1	228
228	0	239
239	1	228
228	0	243
243	1	228
228	0	236
236	1	228
228	0	231
231	1	228
228	0	232
232	1	228
228	0	233
233	1	228
228	0	234
234	1	228
228	0	235
235	1	228
111	0	114
114	1	111
111	0	206
206	1	111
111	0	185
185	1	111
106	0	185
185	1	106
106	0	206
206	1	106
106	0	113
113	1	106
106	0	110
110	1	106
106	0	114
114	1	106
106	0	111
111	1	106
106	0	112
112	1	106
106	0	130
130	1	106
178	0	239
239	1	178
178	0	204
204	1	178
178	0	241
241	1	178
178	0	212
212	1	178
204	0	239
239	1	204
204	0	212
212	1	204
204	0	241
241	1	204
212	0	239
239	1	212
212	0	241
241	1	212
212	0	217
217	1	212
36	0	222
222	1	36
36	0	116
116	1	36
218	0	222
222	1	218
218	0	223
223	1	218
132	0	228
228	1	132
70	0	116
116	1	70
70	0	136
136	1	70
70	0	164
164	1	70
70	0	165
165	1	70
137	0	225
225	1	137
137	0	211
211	1	137
137	0	215
215	1	137
137	0	220
220	1	137
137	0	230
230	1	137
220	0	225
225	1	220
220	0	230
230	1	220
211	0	230
230	1	211
211	0	220
220	1	211
211	0	215
215	1	211
211	0	216
216	1	211
211	0	225
225	1	211
215	0	220
220	1	215
215	0	230
230	1	215
215	0	225
225	1	215
215	0	219
219	1	215
2	0	243
243	1	2
2	0	237
237	1	2
142	0	225
225	1	142
142	0	211
211	1	142
142	0	216
216	1	142
142	0	220
220	1	142
142	0	230
230	1	142
216	0	220
220	1	216
216	0	230
230	1	216
216	0	225
225	1	216
216	0	221
221	1	216
112	0	114
114	1	112
112	0	206
206	1	112
112	0	185
185	1	112
31	0	237
237	1	31
31	0	239
239	1	31
31	0	243
243	1	31
31	0	236
236	1	31
31	0	235
235	1	31
31	0	116
116	1	31
31	0	228
228	1	31
235	0	239
239	1	235
235	0	243
243	1	235
235	0	237
237	1	235
235	0	236
236	1	235
236	0	243
243	1	236
236	0	237
237	1	236
236	0	239
239	1	236
236	0	238
238	1	236
38	0	116
116	1	38
38	0	73
73	1	38
26	0	71
71	1	26
84	0	105
105	1	84
84	0	111
111	1	84
84	0	97
97	1	84
98	0	185
185	1	98
98	0	130
130	1	98
9	0	116
116	1	9
9	0	158
158	1	9
9	0	159
159	1	9
9	0	63
63	1	9
85	0	105
105	1	85
85	0	112
112	1	85
85	0	97
97	1	85
99	0	185
185	1	99
99	0	130
130	1	99
35	0	100
100	1	35
35	0	88
88	1	35
35	0	72
72	1	35
72	0	100
100	1	72
72	0	88
88	1	72
18	0	116
116	1	18
18	0	81
81	1	18
50	0	116
116	1	50
50	0	81
81	1	50
231	0	237
237	1	231
232	0	237
237	1	232
233	0	237
237	1	233
234	0	237
237	1	234
209	0	214
214	1	209
27	0	113
113	1	27
27	0	86
86	1	27
27	0	110
110	1	27
27	0	106
106	1	27
27	0	98
98	1	27
21	0	113
113	1	21
21	0	86
86	1	21
21	0	110
110	1	21
21	0	106
106	1	21
21	0	99
99	1	21
63	0	116
116	1	63
63	0	185
185	1	63
63	0	130
130	1	63
63	0	158
158	1	63
63	0	159
159	1	63
33	0	154
154	1	33
33	0	116
116	1	33
30	0	154
154	1	30
30	0	116
116	1	30
110	0	113
113	1	110
138	0	188
188	1	138
69	0	213
213	1	69
93	0	101
101	1	93
93	0	102
102	1	93
242	0	245
245	1	242
117	0	178
178	1	117
219	0	226
226	1	219
219	0	224
224	1	219
221	0	226
226	1	221
221	0	227
227	1	221
169	0	197
197	1	169
169	0	210
210	1	169
169	0	201
201	1	169
170	0	198
198	1	170
170	0	210
210	1	170
170	0	201
201	1	170
20	0	69
69	1	20
20	0	222
222	1	20
163	0	228
228	1	163
133	0	187
187	1	133
129	0	184
184	1	129
177	0	202
202	1	177
177	0	203
203	1	177
183	0	205
205	1	183
87	0	116
116	1	87
147	0	189
189	1	147
32	0	82
82	1	32
53	0	82
82	1	53
81	0	93
93	1	81
172	0	200
200	1	172
96	0	106
106	1	96
96	0	103
103	1	96
96	0	104
104	1	96
125	0	180
180	1	125
171	0	199
199	1	171
197	0	210
210	1	197
198	0	210
210	1	198
185	0	206
206	1	185
174	0	201
201	1	174
56	0	116
116	1	56
156	0	194
194	1	156
107	0	111
111	1	107
107	0	112
112	1	107
148	0	190
190	1	148
