68	0	78
78	1	68
68	0	184
184	1	68
68	0	105
105	1	68
68	0	140
140	1	68
68	0	177
177	1	68
68	0	170
170	1	68
68	0	109
109	1	68
68	0	130
130	1	68
68	0	77
77	1	68
56	0	78
78	1	56
56	0	159
159	1	56
50	0	78
78	1	50
50	0	68
68	1	50
50	0	116
116	1	50
50	0	117
117	1	50
40	0	78
78	1	40
40	0	68
68	1	40
40	0	50
50	1	40
40	0	51
51	1	40
34	0	78
78	1	34
34	0	116
116	1	34
34	0	88
88	1	34
34	0	117
117	1	34
34	0	50
50	1	34
132	0	161
161	1	132
78	0	170
170	1	78
78	0	173
173	1	78
78	0	166
166	1	78
78	0	174
174	1	78
78	0	79
79	1	78
78	0	127
127	1	78
78	0	80
80	1	78
78	0	81
81	1	78
78	0	171
171	1	78
78	0	178
178	1	78
78	0	82
82	1	78
78	0	115
115	1	78
78	0	138
138	1	78
78	0	186
186	1	78
78	0	180
180	1	78
78	0	175
175	1	78
78	0	183
183	1	78
78	0	83
83	1	78
78	0	84
84	1	78
78	0	122
122	1	78
78	0	85
85	1	78
78	0	147
147	1	78
78	0	131
131	1	78
78	0	181
181	1	78
78	0	176
176	1	78
78	0	86
86	1	78
78	0	87
87	1	78
78	0	128
128	1	78
78	0	139
139	1	78
78	0	88
88	1	78
78	0	164
164	1	78
78	0	89
89	1	78
78	0	162
162	1	78
78	0	165
165	1	78
78	0	168
168	1	78
78	0	90
90	1	78
78	0	91
91	1	78
78	0	124
124	1	78
78	0	172
172	1	78
78	0	150
150	1	78
78	0	188
188	1	78
78	0	134
134	1	78
78	0	119
119	1	78
78	0	92
92	1	78
78	0	93
93	1	78
78	0	187
187	1	78
78	0	94
94	1	78
78	0	95
95	1	78
78	0	144
144	1	78
78	0	189
189	1	78
78	0	96
96	1	78
78	0	118
118	1	78
78	0	169
169	1	78
78	0	167
167	1	78
78	0	123
123	1	78
78	0	97
97	1	78
78	0	149
149	1	78
78	0	98
98	1	78
78	0	140
140	1	78
78	0	177
177	1	78
78	0	99
99	1	78
78	0	100
100	1	78
78	0	101
101	1	78
78	0	102
102	1	78
78	0	135
135	1	78
78	0	125
125	1	78
78	0	103
103	1	78
78	0	120
120	1	78
78	0	104
104	1	78
78	0	152
152	1	78
78	0	163
163	1	78
78	0	105
105	1	78
78	0	106
106	1	78
78	0	126
126	1	78
78	0	136
136	1	78
78	0	107
107	1	78
78	0	116
116	1	78
78	0	108
108	1	78
78	0	117
117	1	78
78	0	109
109	1	78
78	0	133
133	1	78
78	0	130
130	1	78
78	0	110
110	1	78
78	0	121
121	1	78
78	0	111
111	1	78
78	0	179
179	1	78
78	0	112
112	1	78
78	0	129
129	1	78
78	0	154
154	1	78
78	0	113
113	1	78
78	0	114
114	1	78
57	0	152
152	1	57
57	0	78
78	1	57
57	0	170
170	1	57
57	0	135
135	1	57
57	0	68
68	1	57
57	0	69
69	1	57
57	0	119
119	1	57
57	0	125
125	1	57
57	0	103
103	1	57
57	0	173
173	1	57
57	0	178
178	1	57
57	0	180
180	1	57
57	0	181
181	1	57
57	0	165
165	1	57
57	0	168
168	1	57
57	0	131
131	1	57
57	0	126
126	1	57
57	0	100
100	1	57
57	0	106
106	1	57
57	0	92
92	1	57
57	0	70
70	1	57
156	0	174
174	1	156
156	0	186
186	1	156
156	0	166
166	1	156
48	0	55
55	1	48
48	0	136
136	1	48
48	0	185
185	1	48
48	0	78
78	1	48
48	0	145
145	1	48
48	0	106
106	1	48
48	0	126
126	1	48
48	0	162
162	1	48
48	0	124
124	1	48
48	0	101
101	1	48
48	0	186
186	1	48
48	0	122
122	1	48
48	0	107
107	1	48
48	0	189
189	1	48
48	0	95
95	1	48
48	0	131
131	1	48
48	0	61
61	1	48
48	0	62
62	1	48
48	0	63
63	1	48
48	0	94
94	1	48
48	0	56
56	1	48
48	0	115
115	1	48
48	0	170
170	1	48
48	0	90
90	1	48
8	0	78
78	1	8
8	0	187
187	1	8
37	0	131
131	1	37
37	0	185
185	1	37
37	0	48
48	1	37
37	0	110
110	1	37
110	0	131
131	1	110
110	0	185
185	1	110
6	0	36
36	1	6
6	0	54
54	1	6
127	0	137
137	1	127
127	0	169
169	1	127
127	0	138
138	1	127
9	0	170
170	1	9
9	0	180
180	1	9
9	0	78
78	1	9
157	0	175
175	1	157
157	0	186
186	1	157
157	0	166
166	1	157
131	0	141
141	1	131
131	0	187
187	1	131
131	0	142
142	1	131
131	0	143
143	1	131
131	0	144
144	1	131
131	0	189
189	1	131
131	0	145
145	1	131
131	0	174
174	1	131
131	0	186
186	1	131
131	0	175
175	1	131
131	0	146
146	1	131
131	0	147
147	1	131
131	0	163
163	1	131
131	0	176
176	1	131
131	0	148
148	1	131
131	0	164
164	1	131
131	0	149
149	1	131
131	0	150
150	1	131
131	0	183
183	1	131
131	0	151
151	1	131
131	0	152
152	1	131
131	0	153
153	1	131
131	0	154
154	1	131
131	0	155
155	1	131
131	0	170
170	1	131
131	0	156
156	1	131
131	0	157
157	1	131
131	0	158
158	1	131
131	0	159
159	1	131
131	0	160
160	1	131
95	0	122
122	1	95
43	0	131
131	1	43
43	0	155
155	1	43
43	0	78
78	1	43
43	0	132
132	1	43
43	0	161
161	1	43
43	0	112
112	1	43
43	0	58
58	1	43
43	0	52
52	1	43
43	0	53
53	1	43
29	0	170
170	1	29
29	0	181
181	1	29
29	0	78
78	1	29
158	0	176
176	1	158
158	0	186
186	1	158
158	0	166
166	1	158
24	0	78
78	1	24
24	0	131
131	1	24
24	0	42
42	1	24
21	0	48
48	1	21
21	0	78
78	1	21
21	0	106
106	1	21
21	0	126
126	1	21
21	0	136
136	1	21
21	0	162
162	1	21
21	0	39
39	1	21
32	0	46
46	1	32
4	0	78
78	1	4
4	0	105
105	1	4
42	0	164
164	1	42
42	0	78
78	1	42
42	0	131
131	1	42
55	0	78
78	1	55
55	0	131
131	1	55
55	0	60
60	1	55
55	0	76
76	1	55
55	0	96
96	1	55
55	0	145
145	1	55
55	0	174
174	1	55
55	0	61
61	1	55
55	0	175
175	1	55
55	0	62
62	1	55
55	0	176
176	1	55
55	0	63
63	1	55
55	0	149
149	1	55
55	0	170
170	1	55
55	0	64
64	1	55
55	0	65
65	1	55
55	0	66
66	1	55
55	0	67
67	1	55
55	0	84
84	1	55
55	0	87
87	1	55
55	0	80
80	1	55
55	0	91
91	1	55
55	0	144
144	1	55
98	0	166
166	1	98
98	0	149
149	1	98
109	0	140
140	1	109
109	0	177
177	1	109
109	0	130
130	1	109
130	0	140
140	1	130
130	0	177
177	1	130
33	0	47
47	1	33
3	0	100
100	1	3
3	0	78
78	1	3
3	0	183
183	1	3
3	0	57
57	1	3
18	0	38
38	1	18
59	0	78
78	1	59
53	0	78
78	1	53
53	0	59
59	1	53
102	0	186
186	1	102
102	0	188
188	1	102
102	0	145
145	1	102
111	0	134
134	1	111
92	0	119
119	1	92
92	0	135
135	1	92
70	0	125
125	1	70
70	0	103
103	1	70
70	0	135
135	1	70
70	0	78
78	1	70
27	0	78
78	1	27
27	0	173
173	1	27
27	0	170
170	1	27
166	0	186
186	1	166
166	0	174
174	1	166
166	0	175
175	1	166
166	0	176
176	1	166
61	0	75
75	1	61
61	0	78
78	1	61
79	0	127
127	1	79
79	0	131
131	1	79
170	0	171
171	1	170
170	0	172
172	1	170
170	0	186
186	1	170
170	0	173
173	1	170
170	0	174
174	1	170
170	0	175
175	1	170
170	0	176
176	1	170
170	0	177
177	1	170
170	0	178
178	1	170
170	0	179
179	1	170
170	0	180
180	1	170
170	0	181
181	1	170
170	0	182
182	1	170
170	0	183
183	1	170
2	0	171
171	1	2
2	0	78
78	1	2
2	0	100
100	1	2
2	0	183
183	1	2
2	0	68
68	1	2
2	0	35
35	1	2
2	0	57
57	1	2
178	0	186
186	1	178
178	0	187
187	1	178
178	0	185
185	1	178
51	0	113
113	1	51
51	0	133
133	1	51
51	0	78
78	1	51
51	0	57
57	1	51
12	0	48
48	1	12
12	0	131
131	1	12
12	0	37
37	1	12
22	0	78
78	1	22
22	0	57
57	1	22
31	0	127
127	1	31
31	0	186
186	1	31
31	0	137
137	1	31
31	0	78
78	1	31
31	0	45
45	1	31
62	0	75
75	1	62
62	0	78
78	1	62
83	0	127
127	1	83
83	0	131
131	1	83
7	0	48
48	1	7
7	0	131
131	1	7
15	0	146
146	1	15
15	0	131
131	1	15
5	0	186
186	1	5
5	0	78
78	1	5
147	0	189
189	1	147
147	0	163
163	1	147
63	0	75
75	1	63
63	0	78
78	1	63
86	0	127
127	1	86
86	0	131
131	1	86
128	0	139
139	1	128
23	0	78
78	1	23
23	0	51
51	1	23
23	0	40
40	1	23
23	0	41
41	1	23
41	0	51
51	1	41
41	0	78
78	1	41
89	0	118
118	1	89
162	0	169
169	1	162
162	0	167
167	1	162
13	0	183
183	1	13
13	0	78
78	1	13
13	0	170
170	1	13
77	0	140
140	1	77
77	0	177
177	1	77
77	0	78
78	1	77
77	0	109
109	1	77
77	0	130
130	1	77
60	0	78
78	1	60
60	0	183
183	1	60
60	0	174
174	1	60
60	0	186
186	1	60
60	0	175
175	1	60
60	0	176
176	1	60
60	0	149
149	1	60
60	0	131
131	1	60
60	0	102
102	1	60
60	0	188
188	1	60
60	0	71
71	1	60
60	0	145
145	1	60
60	0	156
156	1	60
60	0	157
157	1	60
60	0	158
158	1	60
60	0	154
154	1	60
60	0	72
72	1	60
60	0	73
73	1	60
60	0	74
74	1	60
90	0	127
127	1	90
44	0	78
78	1	44
30	0	78
78	1	30
30	0	44
44	1	30
99	0	172
172	1	99
99	0	124
124	1	99
26	0	52
52	1	26
26	0	43
43	1	26
52	0	112
112	1	52
52	0	161
161	1	52
52	0	132
132	1	52
52	0	58
58	1	52
19	0	186
186	1	19
19	0	170
170	1	19
19	0	179
179	1	19
19	0	78
78	1	19
114	0	134
134	1	114
16	0	125
125	1	16
16	0	103
103	1	16
16	0	70
70	1	16
75	0	78
78	1	75
185	0	187
187	1	185
185	0	186
186	1	185
45	0	137
137	1	45
45	0	127
127	1	45
45	0	112
112	1	45
45	0	54
54	1	45
10	0	78
78	1	10
10	0	131
131	1	10
153	0	189
189	1	153
39	0	78
78	1	39
39	0	106
106	1	39
39	0	126
126	1	39
39	0	136
136	1	39
39	0	162
162	1	39
39	0	48
48	1	39
39	0	49
49	1	39
106	0	162
162	1	106
106	0	136
136	1	106
106	0	126
126	1	106
106	0	170
170	1	106
126	0	162
162	1	126
126	0	136
136	1	126
126	0	170
170	1	126
136	0	162
162	1	136
107	0	127
127	1	107
107	0	169
169	1	107
107	0	128
128	1	107
107	0	136
136	1	107
149	0	186
186	1	149
149	0	166
166	1	149
69	0	78
78	1	69
69	0	180
180	1	69
69	0	181
181	1	69
69	0	173
173	1	69
69	0	152
152	1	69
11	0	78
78	1	11
11	0	48
48	1	11
35	0	183
183	1	35
35	0	78
78	1	35
28	0	78
78	1	28
20	0	133
133	1	20
20	0	113
113	1	20
186	0	187
187	1	186
186	0	188
188	1	186
186	0	189
189	1	186
148	0	164
164	1	148
165	0	170
170	1	165
165	0	183
183	1	165
165	0	168
168	1	165
145	0	186
186	1	145
108	0	129
129	1	108
17	0	78
78	1	17
163	0	189
189	1	163
82	0	115
115	1	82
167	0	169
169	1	167
49	0	78
78	1	49
112	0	159
159	1	112
112	0	132
132	1	112
112	0	161
161	1	112
72	0	131
131	1	72
72	0	78
78	1	72
73	0	131
131	1	73
73	0	78
78	1	73
74	0	131
131	1	74
74	0	78
78	1	74
88	0	127
127	1	88
88	0	116
116	1	88
88	0	117
117	1	88
174	0	186
186	1	174
175	0	186
186	1	175
176	0	186
186	1	176
71	0	154
154	1	71
71	0	131
131	1	71
71	0	78
78	1	71
103	0	125
125	1	103
103	0	135
135	1	103
168	0	170
170	1	168
168	0	183
183	1	168
97	0	123
123	1	97
94	0	121
121	1	94
58	0	161
161	1	58
58	0	132
132	1	58
58	0	112
112	1	58
172	0	184
184	1	172
113	0	133
133	1	113
152	0	180
180	1	152
152	0	181
181	1	152
152	0	170
170	1	152
152	0	165
165	1	152
152	0	173
173	1	152
152	0	168
168	1	152
25	0	131
131	1	25
140	0	177
177	1	140
81	0	170
170	1	81
93	0	120
120	1	93
64	0	76
76	1	64
65	0	76
76	1	65
66	0	76
76	1	66
67	0	76
76	1	67
100	0	183
183	1	100
119	0	135
135	1	119
