2	0	15
15	1	2
2	0	31
31	1	2
2	0	21
21	1	2
2	0	40
40	1	2
2	0	41
41	1	2
2	0	9
9	1	2
2	0	10
10	1	2
39	0	44
44	1	39
39	0	45
45	1	39
39	0	46
46	1	39
15	0	46
46	1	15
15	0	16
16	1	15
15	0	39
39	1	15
15	0	45
45	1	15
15	0	17
17	1	15
15	0	36
36	1	15
15	0	37
37	1	15
15	0	28
28	1	15
15	0	44
44	1	15
15	0	30
30	1	15
15	0	38
38	1	15
15	0	43
43	1	15
15	0	18
18	1	15
15	0	27
27	1	15
15	0	19
19	1	15
15	0	20
20	1	15
15	0	40
40	1	15
15	0	21
21	1	15
15	0	31
31	1	15
15	0	41
41	1	15
15	0	22
22	1	15
15	0	35
35	1	15
15	0	29
29	1	15
15	0	26
26	1	15
15	0	23
23	1	15
15	0	33
33	1	15
15	0	24
24	1	15
15	0	25
25	1	15
16	0	46
46	1	16
16	0	39
39	1	16
16	0	26
26	1	16
14	0	48
48	1	14
14	0	49
49	1	14
14	0	33
33	1	14
14	0	42
42	1	14
14	0	15
15	1	14
13	0	15
15	1	13
13	0	29
29	1	13
13	0	38
38	1	13
13	0	36
36	1	13
13	0	25
25	1	13
13	0	19
19	1	13
10	0	15
15	1	10
10	0	38
38	1	10
10	0	39
39	1	10
10	0	21
21	1	10
10	0	31
31	1	10
10	0	40
40	1	10
25	0	36
36	1	25
19	0	37
37	1	19
19	0	27
27	1	19
19	0	28
28	1	19
19	0	29
29	1	19
19	0	38
38	1	19
28	0	37
37	1	28
6	0	49
49	1	6
6	0	42
42	1	6
6	0	48
48	1	6
6	0	14
14	1	6
6	0	30
30	1	6
6	0	20
20	1	6
6	0	12
12	1	6
5	0	45
45	1	5
5	0	39
39	1	5
5	0	15
15	1	5
5	0	17
17	1	5
17	0	43
43	1	17
7	0	32
32	1	7
7	0	15
15	1	7
31	0	40
40	1	31
31	0	41
41	1	31
12	0	15
15	1	12
12	0	20
20	1	12
12	0	30
30	1	12
12	0	48
48	1	12
12	0	23
23	1	12
12	0	33
33	1	12
12	0	14
14	1	12
29	0	38
38	1	29
29	0	43
43	1	29
29	0	39
39	1	29
38	0	43
43	1	38
26	0	46
46	1	26
26	0	39
39	1	26
20	0	48
48	1	20
20	0	30
30	1	20
8	0	36
36	1	8
8	0	13
13	1	8
8	0	25
25	1	8
8	0	15
15	1	8
3	0	32
32	1	3
3	0	11
11	1	3
9	0	40
40	1	9
9	0	31
31	1	9
21	0	31
31	1	21
21	0	40
40	1	21
21	0	32
32	1	21
4	0	15
15	1	4
4	0	33
33	1	4
23	0	33
33	1	23
23	0	34
34	1	23
30	0	48
48	1	30
42	0	49
49	1	42
42	0	48
48	1	42
33	0	49
49	1	33
33	0	48
48	1	33
33	0	42
42	1	33
48	0	49
49	1	48
41	0	47
47	1	41
24	0	35
35	1	24
