7	0	68
68	1	7
7	0	42
42	1	7
7	0	114
114	1	7
7	0	170
170	1	7
7	0	43
43	1	7
42	0	68
68	1	42
42	0	65
65	1	42
42	0	144
144	1	42
42	0	53
53	1	42
42	0	78
78	1	42
68	0	143
143	1	68
68	0	69
69	1	68
68	0	219
219	1	68
68	0	243
243	1	68
68	0	70
70	1	68
68	0	71
71	1	68
68	0	214
214	1	68
68	0	173
173	1	68
68	0	72
72	1	68
68	0	156
156	1	68
68	0	206
206	1	68
68	0	217
217	1	68
68	0	223
223	1	68
68	0	165
165	1	68
68	0	73
73	1	68
68	0	187
187	1	68
68	0	74
74	1	68
68	0	75
75	1	68
68	0	76
76	1	68
68	0	150
150	1	68
68	0	77
77	1	68
68	0	237
237	1	68
68	0	196
196	1	68
68	0	228
228	1	68
68	0	182
182	1	68
68	0	188
188	1	68
68	0	226
226	1	68
68	0	144
144	1	68
68	0	78
78	1	68
68	0	79
79	1	68
68	0	80
80	1	68
68	0	147
147	1	68
68	0	81
81	1	68
68	0	82
82	1	68
68	0	158
158	1	68
68	0	83
83	1	68
68	0	148
148	1	68
68	0	191
191	1	68
68	0	84
84	1	68
68	0	85
85	1	68
68	0	86
86	1	68
68	0	87
87	1	68
68	0	88
88	1	68
68	0	242
242	1	68
68	0	89
89	1	68
68	0	234
234	1	68
68	0	168
168	1	68
68	0	215
215	1	68
68	0	162
162	1	68
68	0	90
90	1	68
68	0	91
91	1	68
68	0	153
153	1	68
68	0	92
92	1	68
68	0	154
154	1	68
68	0	93
93	1	68
68	0	224
224	1	68
68	0	225
225	1	68
68	0	94
94	1	68
68	0	95
95	1	68
68	0	96
96	1	68
68	0	155
155	1	68
68	0	184
184	1	68
68	0	179
179	1	68
68	0	204
204	1	68
68	0	202
202	1	68
68	0	201
201	1	68
68	0	97
97	1	68
68	0	218
218	1	68
68	0	205
205	1	68
68	0	216
216	1	68
68	0	98
98	1	68
68	0	99
99	1	68
68	0	209
209	1	68
68	0	100
100	1	68
68	0	227
227	1	68
68	0	189
189	1	68
68	0	190
190	1	68
68	0	235
235	1	68
68	0	149
149	1	68
68	0	101
101	1	68
68	0	197
197	1	68
68	0	213
213	1	68
68	0	102
102	1	68
68	0	198
198	1	68
68	0	221
221	1	68
68	0	103
103	1	68
68	0	104
104	1	68
68	0	160
160	1	68
68	0	105
105	1	68
68	0	232
232	1	68
68	0	106
106	1	68
68	0	152
152	1	68
68	0	193
193	1	68
68	0	194
194	1	68
68	0	230
230	1	68
68	0	236
236	1	68
68	0	107
107	1	68
68	0	108
108	1	68
68	0	109
109	1	68
68	0	200
200	1	68
68	0	175
175	1	68
68	0	164
164	1	68
68	0	110
110	1	68
68	0	111
111	1	68
68	0	207
207	1	68
68	0	210
210	1	68
68	0	229
229	1	68
68	0	151
151	1	68
68	0	178
178	1	68
68	0	177
177	1	68
68	0	112
112	1	68
68	0	166
166	1	68
68	0	113
113	1	68
68	0	114
114	1	68
68	0	115
115	1	68
68	0	170
170	1	68
68	0	171
171	1	68
68	0	116
116	1	68
68	0	161
161	1	68
68	0	220
220	1	68
68	0	117
117	1	68
68	0	172
172	1	68
68	0	167
167	1	68
68	0	118
118	1	68
68	0	203
203	1	68
68	0	186
186	1	68
68	0	157
157	1	68
68	0	119
119	1	68
68	0	163
163	1	68
68	0	120
120	1	68
68	0	121
121	1	68
68	0	122
122	1	68
68	0	183
183	1	68
68	0	146
146	1	68
68	0	192
192	1	68
68	0	123
123	1	68
68	0	124
124	1	68
68	0	125
125	1	68
68	0	211
211	1	68
68	0	126
126	1	68
68	0	127
127	1	68
68	0	128
128	1	68
68	0	185
185	1	68
68	0	129
129	1	68
68	0	130
130	1	68
68	0	159
159	1	68
68	0	131
131	1	68
68	0	132
132	1	68
68	0	180
180	1	68
68	0	133
133	1	68
68	0	145
145	1	68
68	0	134
134	1	68
68	0	240
240	1	68
68	0	222
222	1	68
68	0	135
135	1	68
68	0	136
136	1	68
68	0	176
176	1	68
68	0	137
137	1	68
68	0	181
181	1	68
68	0	138
138	1	68
68	0	139
139	1	68
68	0	140
140	1	68
68	0	141
141	1	68
68	0	231
231	1	68
68	0	142
142	1	68
68	0	241
241	1	68
68	0	174
174	1	68
137	0	219
219	1	137
137	0	224
224	1	137
219	0	224
224	1	219
219	0	225
225	1	219
219	0	243
243	1	219
219	0	226
226	1	219
219	0	236
236	1	219
219	0	227
227	1	219
219	0	228
228	1	219
219	0	242
242	1	219
219	0	229
229	1	219
219	0	230
230	1	219
219	0	240
240	1	219
219	0	231
231	1	219
32	0	56
56	1	32
32	0	60
60	1	32
32	0	49
49	1	32
231	0	242
242	1	231
231	0	243
243	1	231
231	0	238
238	1	231
231	0	239
239	1	231
231	0	240
240	1	231
113	0	243
243	1	113
113	0	166
166	1	113
113	0	167
167	1	113
113	0	168
168	1	113
113	0	242
242	1	113
113	0	231
231	1	113
113	0	240
240	1	113
113	0	169
169	1	113
113	0	238
238	1	113
113	0	232
232	1	113
15	0	243
243	1	15
15	0	242
242	1	15
15	0	231
231	1	15
58	0	72
72	1	58
58	0	68
68	1	58
58	0	200
200	1	58
58	0	138
138	1	58
58	0	164
164	1	58
58	0	65
65	1	58
58	0	110
110	1	58
58	0	61
61	1	58
65	0	68
68	1	65
65	0	191
191	1	65
65	0	71
71	1	65
65	0	99
99	1	65
65	0	221
221	1	65
65	0	123
123	1	65
65	0	243
243	1	65
65	0	89
89	1	65
65	0	210
210	1	65
65	0	113
113	1	65
65	0	79
79	1	65
65	0	188
188	1	65
65	0	153
153	1	65
65	0	148
148	1	65
65	0	67
67	1	65
65	0	219
219	1	65
65	0	80
80	1	65
65	0	135
135	1	65
65	0	144
144	1	65
65	0	78
78	1	65
65	0	66
66	1	65
65	0	72
72	1	65
65	0	142
142	1	65
65	0	207
207	1	65
36	0	68
68	1	36
36	0	65
65	1	36
36	0	62
62	1	36
36	0	61
61	1	36
36	0	72
72	1	36
36	0	51
51	1	36
36	0	58
58	1	36
51	0	68
68	1	51
51	0	65
65	1	51
51	0	61
61	1	51
51	0	72
72	1	51
51	0	62
62	1	51
51	0	58
58	1	51
20	0	217
217	1	20
20	0	68
68	1	20
20	0	205
205	1	20
141	0	187
187	1	141
14	0	68
68	1	14
14	0	74
74	1	14
30	0	55
55	1	30
30	0	48
48	1	30
48	0	55
55	1	48
183	0	243
243	1	183
183	0	207
207	1	183
100	0	237
237	1	100
100	0	228
228	1	100
100	0	209
209	1	100
100	0	196
196	1	100
100	0	157
157	1	100
100	0	219
219	1	100
157	0	228
228	1	157
157	0	237
237	1	157
157	0	196
196	1	157
157	0	219
219	1	157
196	0	228
228	1	196
196	0	237
237	1	196
196	0	219
219	1	196
41	0	243
243	1	41
41	0	242
242	1	41
41	0	231
231	1	41
41	0	240
240	1	41
222	0	235
235	1	222
211	0	235
235	1	211
211	0	222
222	1	211
62	0	63
63	1	62
62	0	68
68	1	62
62	0	65
65	1	62
62	0	235
235	1	62
62	0	210
210	1	62
62	0	229
229	1	62
62	0	191
191	1	62
62	0	176
176	1	62
62	0	177
177	1	62
62	0	243
243	1	62
62	0	66
66	1	62
62	0	67
67	1	62
62	0	221
221	1	62
62	0	178
178	1	62
62	0	211
211	1	62
62	0	222
222	1	62
62	0	123
123	1	62
62	0	125
125	1	62
62	0	185
185	1	62
62	0	64
64	1	62
62	0	190
190	1	62
3	0	63
63	1	3
3	0	210
210	1	3
3	0	229
229	1	3
3	0	221
221	1	3
3	0	178
178	1	3
3	0	65
65	1	3
3	0	62
62	1	3
3	0	125
125	1	3
18	0	68
68	1	18
18	0	147
147	1	18
18	0	80
80	1	18
101	0	158
158	1	101
101	0	197
197	1	101
101	0	213
213	1	101
197	0	213
213	1	197
67	0	68
68	1	67
59	0	68
68	1	59
59	0	160
160	1	59
59	0	171
171	1	59
59	0	116
116	1	59
59	0	103
103	1	59
38	0	59
59	1	38
38	0	171
171	1	38
38	0	116
116	1	38
21	0	243
243	1	21
21	0	68
68	1	21
21	0	65
65	1	21
128	0	215
215	1	128
128	0	179
179	1	128
128	0	204
204	1	128
39	0	68
68	1	39
39	0	106
106	1	39
40	0	68
68	1	40
40	0	143
143	1	40
40	0	69
69	1	40
27	0	60
60	1	27
184	0	233
233	1	184
184	0	208
208	1	184
184	0	220
220	1	184
184	0	234
234	1	184
184	0	232
232	1	184
26	0	242
242	1	26
26	0	231
231	1	26
26	0	238
238	1	26
238	0	243
243	1	238
238	0	242
242	1	238
2	0	221
221	1	2
2	0	65
65	1	2
2	0	62
62	1	2
2	0	64
64	1	2
173	0	201
201	1	173
173	0	205
205	1	173
173	0	202
202	1	173
6	0	201
201	1	6
6	0	68
68	1	6
6	0	173
173	1	6
131	0	205
205	1	131
131	0	217
217	1	131
131	0	181
181	1	131
131	0	218
218	1	131
83	0	150
150	1	83
83	0	174
174	1	83
83	0	151
151	1	83
133	0	243
243	1	133
133	0	182
182	1	133
133	0	183
183	1	133
139	0	209
209	1	139
139	0	186
186	1	139
186	0	209
209	1	186
209	0	237
237	1	209
240	0	243
243	1	240
240	0	242
242	1	240
190	0	235
235	1	190
190	0	222
222	1	190
190	0	229
229	1	190
190	0	211
211	1	190
119	0	174
174	1	119
8	0	68
68	1	8
8	0	203
203	1	8
121	0	221
221	1	121
121	0	210
210	1	121
121	0	188
188	1	121
63	0	229
229	1	63
63	0	210
210	1	63
63	0	65
65	1	63
149	0	192
192	1	149
158	0	213
213	1	158
158	0	197
197	1	158
5	0	68
68	1	5
5	0	65
65	1	5
136	0	243
243	1	136
136	0	185
185	1	136
185	0	243
243	1	185
102	0	198
198	1	102
102	0	159
159	1	102
52	0	173
173	1	52
52	0	68
68	1	52
52	0	160
160	1	52
52	0	59
59	1	52
52	0	103
103	1	52
37	0	160
160	1	37
37	0	68
68	1	37
37	0	59
59	1	37
37	0	170
170	1	37
37	0	52
52	1	37
37	0	103
103	1	37
28	0	242
242	1	28
28	0	231
231	1	28
28	0	239
239	1	28
106	0	162
162	1	106
61	0	65
65	1	61
61	0	68
68	1	61
61	0	62
62	1	61
207	0	219
219	1	207
207	0	243
243	1	207
182	0	219
219	1	182
182	0	227
227	1	182
64	0	221
221	1	64
144	0	235
235	1	144
144	0	188
188	1	144
144	0	229
229	1	144
144	0	190
190	1	144
188	0	210
210	1	188
188	0	226
226	1	188
53	0	65
65	1	53
53	0	68
68	1	53
53	0	144
144	1	53
53	0	78
78	1	53
125	0	221
221	1	125
125	0	178
178	1	125
66	0	68
68	1	66
66	0	67
67	1	66
88	0	166
166	1	88
103	0	160
160	1	103
103	0	161
161	1	103
90	0	219
219	1	90
90	0	230
230	1	90
90	0	193
193	1	90
90	0	194
194	1	90
90	0	152
152	1	90
159	0	198
198	1	159
242	0	243
243	1	242
242	0	244
244	1	242
23	0	68
68	1	23
23	0	173
173	1	23
78	0	188
188	1	78
78	0	144
144	1	78
78	0	145
145	1	78
80	0	191
191	1	80
80	0	147
147	1	80
80	0	148
148	1	80
22	0	68
68	1	22
25	0	154
154	1	25
25	0	93
93	1	25
25	0	195
195	1	25
118	0	220
220	1	118
118	0	184
184	1	118
118	0	173
173	1	118
145	0	188
188	1	145
145	0	189
189	1	145
205	0	223
223	1	205
205	0	216
216	1	205
205	0	217
217	1	205
206	0	218
218	1	206
84	0	219
219	1	84
202	0	214
214	1	202
221	0	243
243	1	221
34	0	62
62	1	34
123	0	176
176	1	123
123	0	177
177	1	123
123	0	191
191	1	123
105	0	242
242	1	105
105	0	234
234	1	105
116	0	171
171	1	116
220	0	232
232	1	220
220	0	233
233	1	220
220	0	234
234	1	220
29	0	46
46	1	29
29	0	213
213	1	29
29	0	47
47	1	29
29	0	242
242	1	29
152	0	193
193	1	152
152	0	194
194	1	152
132	0	216
216	1	132
179	0	214
214	1	179
179	0	204
204	1	179
179	0	215
215	1	179
81	0	149
149	1	81
151	0	213
213	1	151
181	0	205
205	1	181
181	0	217
217	1	181
181	0	218
218	1	181
181	0	206
206	1	181
43	0	114
114	1	43
43	0	170
170	1	43
43	0	68
68	1	43
124	0	190
190	1	124
236	0	241
241	1	236
120	0	175
175	1	120
111	0	165
165	1	111
210	0	221
221	1	210
19	0	65
65	1	19
97	0	156
156	1	97
208	0	233
233	1	208
208	0	220
220	1	208
239	0	242
242	1	239
24	0	134
134	1	24
24	0	173
173	1	24
148	0	191
191	1	148
33	0	57
57	1	33
33	0	50
50	1	33
69	0	143
143	1	69
9	0	68
68	1	9
110	0	199
199	1	110
110	0	164
164	1	110
110	0	200
200	1	110
16	0	122
122	1	16
16	0	68
68	1	16
16	0	80
80	1	16
16	0	147
147	1	16
204	0	214
214	1	204
204	0	215
215	1	204
13	0	45
45	1	13
56	0	60
60	1	56
96	0	155
155	1	96
91	0	153
153	1	91
174	0	203
203	1	174
87	0	198
198	1	87
87	0	159
159	1	87
93	0	154
154	1	93
93	0	195
195	1	93
146	0	190
190	1	146
89	0	184
184	1	89
89	0	234
234	1	89
89	0	220
220	1	89
70	0	233
233	1	70
44	0	54
54	1	44
77	0	209
209	1	77
35	0	199
199	1	35
47	0	244
244	1	47
47	0	242
242	1	47
114	0	170
170	1	114
107	0	219
219	1	107
107	0	212
212	1	107
76	0	219
219	1	76
164	0	199
199	1	164
164	0	200
200	1	164
11	0	65
65	1	11
216	0	223
223	1	216
49	0	56
56	1	49
195	0	212
212	1	195
12	0	113
113	1	12
12	0	44
44	1	12
117	0	230
230	1	117
117	0	172
172	1	117
129	0	219
219	1	129
17	0	65
65	1	17
135	0	220
220	1	135
135	0	184
184	1	135
154	0	195
195	1	154
228	0	237
237	1	228
130	0	180
180	1	130
46	0	244
244	1	46
109	0	163
163	1	109
224	0	236
236	1	224
50	0	57
57	1	50
79	0	146
146	1	79
