49	0	111
111	1	49
49	0	50
50	1	49
49	0	87
87	1	49
49	0	51
51	1	49
49	0	52
52	1	49
49	0	53
53	1	49
49	0	54
54	1	49
49	0	91
91	1	49
49	0	86
86	1	49
49	0	55
55	1	49
49	0	56
56	1	49
49	0	105
105	1	49
49	0	57
57	1	49
49	0	103
103	1	49
49	0	58
58	1	49
49	0	99
99	1	49
49	0	59
59	1	49
49	0	88
88	1	49
49	0	60
60	1	49
49	0	112
112	1	49
49	0	61
61	1	49
49	0	62
62	1	49
49	0	63
63	1	49
49	0	64
64	1	49
49	0	106
106	1	49
49	0	101
101	1	49
49	0	100
100	1	49
49	0	90
90	1	49
49	0	65
65	1	49
49	0	66
66	1	49
49	0	67
67	1	49
49	0	119
119	1	49
49	0	122
122	1	49
49	0	120
120	1	49
49	0	82
82	1	49
49	0	114
114	1	49
49	0	104
104	1	49
49	0	68
68	1	49
49	0	92
92	1	49
49	0	69
69	1	49
49	0	113
113	1	49
49	0	83
83	1	49
49	0	70
70	1	49
49	0	71
71	1	49
49	0	93
93	1	49
49	0	72
72	1	49
49	0	94
94	1	49
49	0	73
73	1	49
49	0	74
74	1	49
49	0	75
75	1	49
49	0	76
76	1	49
49	0	121
121	1	49
49	0	116
116	1	49
49	0	89
89	1	49
49	0	98
98	1	49
49	0	77
77	1	49
49	0	78
78	1	49
49	0	79
79	1	49
49	0	102
102	1	49
49	0	109
109	1	49
19	0	104
104	1	19
19	0	40
40	1	19
9	0	49
49	1	9
9	0	56
56	1	9
9	0	47
47	1	9
9	0	38
38	1	9
9	0	44
44	1	9
38	0	47
47	1	38
38	0	49
49	1	38
38	0	70
70	1	38
38	0	44
44	1	38
41	0	49
49	1	41
41	0	94
94	1	41
41	0	52
52	1	41
41	0	105
105	1	41
41	0	75
75	1	41
41	0	63
63	1	41
22	0	52
52	1	22
22	0	49
49	1	22
22	0	41
41	1	22
10	0	45
45	1	10
10	0	49
49	1	10
10	0	53
53	1	10
10	0	64
64	1	10
10	0	39
39	1	10
23	0	49
49	1	23
23	0	54
54	1	23
23	0	42
42	1	23
37	0	101
101	1	37
37	0	100
100	1	37
37	0	49
49	1	37
37	0	90
90	1	37
109	0	121
121	1	109
67	0	91
91	1	67
67	0	103
103	1	67
21	0	49
49	1	21
17	0	49
49	1	17
17	0	86
86	1	17
17	0	99
99	1	17
17	0	50
50	1	17
50	0	99
99	1	50
50	0	79
79	1	50
50	0	123
123	1	50
50	0	80
80	1	50
50	0	97
97	1	50
50	0	113
113	1	50
50	0	81
81	1	50
50	0	82
82	1	50
50	0	83
83	1	50
50	0	96
96	1	50
50	0	98
98	1	50
50	0	84
84	1	50
50	0	85
85	1	50
50	0	86
86	1	50
50	0	111
111	1	50
2	0	98
98	1	2
2	0	84
84	1	2
2	0	85
85	1	2
2	0	50
50	1	2
2	0	83
83	1	2
33	0	49
49	1	33
33	0	115
115	1	33
33	0	43
43	1	33
60	0	88
88	1	60
114	0	120
120	1	114
46	0	49
49	1	46
46	0	104
104	1	46
46	0	92
92	1	46
46	0	69
69	1	46
46	0	48
48	1	46
69	0	104
104	1	69
69	0	92
92	1	69
13	0	68
68	1	13
13	0	49
49	1	13
20	0	92
92	1	20
20	0	49
49	1	20
20	0	104
104	1	20
20	0	69
69	1	20
20	0	40
40	1	20
20	0	48
48	1	20
40	0	104
104	1	40
40	0	74
74	1	40
40	0	49
49	1	40
40	0	92
92	1	40
40	0	46
46	1	40
40	0	48
48	1	40
40	0	69
69	1	40
29	0	50
50	1	29
29	0	87
87	1	29
29	0	51
51	1	29
29	0	49
49	1	29
29	0	111
111	1	29
27	0	49
49	1	27
27	0	79
79	1	27
5	0	49
49	1	5
5	0	36
36	1	5
81	0	97
97	1	81
45	0	64
64	1	45
45	0	49
49	1	45
45	0	53
53	1	45
76	0	95
95	1	76
106	0	111
111	1	106
106	0	112
112	1	106
106	0	119
119	1	106
106	0	122
122	1	106
106	0	123
123	1	106
106	0	120
120	1	106
106	0	113
113	1	106
106	0	114
114	1	106
106	0	115
115	1	106
106	0	116
116	1	106
71	0	111
111	1	71
71	0	106
106	1	71
71	0	93
93	1	71
66	0	89
89	1	66
66	0	101
101	1	66
66	0	100
100	1	66
66	0	90
90	1	66
100	0	118
118	1	100
100	0	108
108	1	100
100	0	121
121	1	100
100	0	109
109	1	100
107	0	117
117	1	107
26	0	117
117	1	26
26	0	49
49	1	26
15	0	49
49	1	15
15	0	98
98	1	15
18	0	49
49	1	18
18	0	93
93	1	18
18	0	83
83	1	18
12	0	49
49	1	12
12	0	93
93	1	12
12	0	111
111	1	12
82	0	123
123	1	82
82	0	122
122	1	82
82	0	119
119	1	82
14	0	61
61	1	14
14	0	120
120	1	14
14	0	49
49	1	14
14	0	77
77	1	14
14	0	106
106	1	14
14	0	114
114	1	14
32	0	49
49	1	32
32	0	93
93	1	32
32	0	111
111	1	32
24	0	44
44	1	24
47	0	49
49	1	47
47	0	70
70	1	47
35	0	49
49	1	35
35	0	106
106	1	35
35	0	71
71	1	35
4	0	49
49	1	4
4	0	106
106	1	4
4	0	71
71	1	4
4	0	35
35	1	4
8	0	49
49	1	8
8	0	66
66	1	8
8	0	90
90	1	8
8	0	101
101	1	8
8	0	37
37	1	8
8	0	100
100	1	8
43	0	49
49	1	43
43	0	115
115	1	43
77	0	120
120	1	77
77	0	106
106	1	77
112	0	119
119	1	112
112	0	122
122	1	112
48	0	49
49	1	48
48	0	92
92	1	48
48	0	104
104	1	48
16	0	107
107	1	16
3	0	49
49	1	3
34	0	49
49	1	34
34	0	113
113	1	34
34	0	82
82	1	34
90	0	100
100	1	90
90	0	101
101	1	90
90	0	102
102	1	90
96	0	123
123	1	96
96	0	106
106	1	96
36	0	81
81	1	36
36	0	49
49	1	36
75	0	105
105	1	75
75	0	94
94	1	75
94	0	105
105	1	94
86	0	99
99	1	86
25	0	49
49	1	25
39	0	49
49	1	39
39	0	64
64	1	39
39	0	95
95	1	39
39	0	45
45	1	39
11	0	72
72	1	11
11	0	49
49	1	11
118	0	121
121	1	118
119	0	122
122	1	119
119	0	123
123	1	119
108	0	121
121	1	108
108	0	118
118	1	108
99	0	107
107	1	99
92	0	104
104	1	92
44	0	47
47	1	44
44	0	49
49	1	44
74	0	104
104	1	74
74	0	111
111	1	74
28	0	49
49	1	28
91	0	103
103	1	91
103	0	110
110	1	103
83	0	98
98	1	83
31	0	116
116	1	31
31	0	77
77	1	31
31	0	106
106	1	31
80	0	96
96	1	80
51	0	87
87	1	51
93	0	106
106	1	93
