53	0	56
56	1	53
53	0	102
102	1	53
53	0	63
63	1	53
53	0	76
76	1	53
53	0	131
131	1	53
53	0	124
124	1	53
53	0	170
170	1	53
53	0	73
73	1	53
53	0	159
159	1	53
53	0	140
140	1	53
53	0	158
158	1	53
53	0	172
172	1	53
53	0	74
74	1	53
53	0	166
166	1	53
53	0	75
75	1	53
53	0	72
72	1	53
53	0	145
145	1	53
53	0	69
69	1	53
53	0	57
57	1	53
53	0	58
58	1	53
53	0	59
59	1	53
64	0	76
76	1	64
64	0	75
75	1	64
64	0	168
168	1	64
64	0	158
158	1	64
64	0	91
91	1	64
64	0	68
68	1	64
64	0	72
72	1	64
64	0	74
74	1	64
64	0	131
131	1	64
64	0	150
150	1	64
64	0	151
151	1	64
64	0	81
81	1	64
64	0	73
73	1	64
64	0	69
69	1	64
64	0	70
70	1	64
64	0	71
71	1	64
63	0	76
76	1	63
63	0	64
64	1	63
63	0	73
73	1	63
63	0	75
75	1	63
63	0	71
71	1	63
63	0	65
65	1	63
63	0	170
170	1	63
63	0	140
140	1	63
63	0	145
145	1	63
63	0	131
131	1	63
63	0	66
66	1	63
63	0	159
159	1	63
63	0	67
67	1	63
63	0	172
172	1	63
63	0	158
158	1	63
66	0	71
71	1	66
66	0	140
140	1	66
66	0	131
131	1	66
73	0	76
76	1	73
73	0	75
75	1	73
73	0	158
158	1	73
73	0	131
131	1	73
73	0	172
172	1	73
75	0	76
76	1	75
75	0	172
172	1	75
71	0	76
76	1	71
71	0	75
75	1	71
71	0	131
131	1	71
71	0	140
140	1	71
71	0	170
170	1	71
71	0	73
73	1	71
71	0	158
158	1	71
71	0	172
172	1	71
71	0	166
166	1	71
71	0	74
74	1	71
65	0	76
76	1	65
65	0	75
75	1	65
65	0	131
131	1	65
65	0	159
159	1	65
65	0	145
145	1	65
65	0	172
172	1	65
76	0	122
122	1	76
76	0	77
77	1	76
76	0	78
78	1	76
76	0	131
131	1	76
76	0	134
134	1	76
76	0	136
136	1	76
76	0	168
168	1	76
76	0	139
139	1	76
76	0	79
79	1	76
76	0	143
143	1	76
76	0	80
80	1	76
76	0	81
81	1	76
76	0	82
82	1	76
76	0	148
148	1	76
76	0	135
135	1	76
76	0	127
127	1	76
76	0	161
161	1	76
76	0	83
83	1	76
76	0	133
133	1	76
76	0	123
123	1	76
76	0	154
154	1	76
76	0	84
84	1	76
76	0	119
119	1	76
76	0	85
85	1	76
76	0	132
132	1	76
76	0	138
138	1	76
76	0	86
86	1	76
76	0	141
141	1	76
76	0	142
142	1	76
76	0	87
87	1	76
76	0	120
120	1	76
76	0	88
88	1	76
76	0	160
160	1	76
76	0	167
167	1	76
76	0	89
89	1	76
76	0	90
90	1	76
76	0	162
162	1	76
76	0	152
152	1	76
76	0	170
170	1	76
76	0	140
140	1	76
76	0	158
158	1	76
76	0	172
172	1	76
76	0	166
166	1	76
76	0	91
91	1	76
76	0	145
145	1	76
76	0	159
159	1	76
76	0	92
92	1	76
76	0	93
93	1	76
76	0	150
150	1	76
76	0	151
151	1	76
76	0	94
94	1	76
76	0	95
95	1	76
76	0	96
96	1	76
76	0	97
97	1	76
76	0	118
118	1	76
76	0	126
126	1	76
76	0	98
98	1	76
76	0	99
99	1	76
76	0	100
100	1	76
76	0	101
101	1	76
76	0	102
102	1	76
76	0	103
103	1	76
76	0	146
146	1	76
76	0	104
104	1	76
76	0	105
105	1	76
76	0	106
106	1	76
76	0	107
107	1	76
76	0	128
128	1	76
76	0	108
108	1	76
76	0	109
109	1	76
76	0	110
110	1	76
76	0	111
111	1	76
76	0	130
130	1	76
76	0	112
112	1	76
76	0	113
113	1	76
76	0	114
114	1	76
76	0	115
115	1	76
76	0	153
153	1	76
76	0	116
116	1	76
76	0	117
117	1	76
131	0	134
134	1	131
131	0	135
135	1	131
131	0	136
136	1	131
131	0	137
137	1	131
131	0	171
171	1	131
131	0	138
138	1	131
131	0	155
155	1	131
131	0	156
156	1	131
131	0	139
139	1	131
131	0	140
140	1	131
131	0	157
157	1	131
131	0	165
165	1	131
131	0	141
141	1	131
131	0	142
142	1	131
131	0	143
143	1	131
131	0	144
144	1	131
131	0	162
162	1	131
131	0	168
168	1	131
131	0	170
170	1	131
131	0	159
159	1	131
131	0	145
145	1	131
131	0	172
172	1	131
131	0	167
167	1	131
131	0	146
146	1	131
131	0	161
161	1	131
131	0	147
147	1	131
131	0	158
158	1	131
131	0	148
148	1	131
131	0	149
149	1	131
131	0	150
150	1	131
131	0	151
151	1	131
131	0	152
152	1	131
131	0	153
153	1	131
131	0	154
154	1	131
131	0	166
166	1	131
100	0	131
131	1	100
100	0	134
134	1	100
100	0	135
135	1	100
3	0	155
155	1	3
3	0	156
156	1	3
3	0	135
135	1	3
3	0	163
163	1	3
3	0	164
164	1	3
101	0	131
131	1	101
101	0	136
136	1	101
101	0	135
135	1	101
130	0	133
133	1	130
7	0	161
161	1	7
7	0	168
168	1	7
7	0	147
147	1	7
7	0	76
76	1	7
7	0	80
80	1	7
7	0	131
131	1	7
33	0	168
168	1	33
50	0	168
168	1	50
50	0	72
72	1	50
50	0	158
158	1	50
50	0	76
76	1	50
50	0	63
63	1	50
50	0	75
75	1	50
50	0	131
131	1	50
50	0	150
150	1	50
50	0	85
85	1	50
50	0	65
65	1	50
50	0	151
151	1	50
50	0	88
88	1	50
50	0	53
53	1	50
50	0	54
54	1	50
50	0	172
172	1	50
50	0	73
73	1	50
50	0	69
69	1	50
50	0	81
81	1	50
50	0	74
74	1	50
50	0	58
58	1	50
50	0	64
64	1	50
35	0	172
172	1	35
35	0	166
166	1	35
35	0	76
76	1	35
68	0	91
91	1	68
54	0	76
76	1	54
54	0	85
85	1	54
54	0	88
88	1	54
51	0	131
131	1	51
51	0	55
55	1	51
51	0	61
61	1	51
2	0	131
131	1	2
2	0	51
51	1	2
2	0	55
55	1	2
2	0	61
61	1	2
2	0	39
39	1	2
2	0	40
40	1	2
39	0	131
131	1	39
39	0	51
51	1	39
39	0	55
55	1	39
39	0	61
61	1	39
117	0	132
132	1	117
117	0	128
128	1	117
37	0	63
63	1	37
37	0	145
145	1	37
37	0	67
67	1	37
37	0	50
50	1	37
26	0	45
45	1	26
26	0	131
131	1	26
26	0	51
51	1	26
40	0	131
131	1	40
40	0	51
51	1	40
40	0	55
55	1	40
40	0	61
61	1	40
113	0	160
160	1	113
113	0	167
167	1	113
113	0	146
146	1	113
113	0	127
127	1	113
127	0	167
167	1	127
127	0	160
160	1	127
127	0	146
146	1	127
127	0	131
131	1	127
146	0	167
167	1	146
146	0	160
160	1	146
19	0	44
44	1	19
19	0	76
76	1	19
19	0	97
97	1	19
122	0	131
131	1	122
122	0	148
148	1	122
21	0	77
77	1	21
21	0	76
76	1	21
38	0	131
131	1	38
38	0	127
127	1	38
38	0	76
76	1	38
38	0	111
111	1	38
118	0	143
143	1	118
25	0	143
143	1	25
25	0	118
118	1	25
25	0	79
79	1	25
25	0	76
76	1	25
13	0	81
81	1	13
13	0	137
137	1	13
13	0	41
41	1	13
13	0	131
131	1	13
81	0	137
137	1	81
81	0	168
168	1	81
81	0	131
131	1	81
41	0	137
137	1	41
41	0	131
131	1	41
41	0	81
81	1	41
126	0	133
133	1	126
126	0	130
130	1	126
108	0	133
133	1	108
108	0	130
130	1	108
108	0	126
126	1	108
57	0	129
129	1	57
57	0	62
62	1	57
57	0	102
102	1	57
104	0	125
125	1	104
104	0	131
131	1	104
104	0	144
144	1	104
22	0	168
168	1	22
22	0	171
171	1	22
22	0	76
76	1	22
22	0	153
153	1	22
22	0	131
131	1	22
23	0	131
131	1	23
23	0	122
122	1	23
23	0	76
76	1	23
10	0	123
123	1	10
56	0	73
73	1	56
74	0	131
131	1	74
69	0	158
158	1	69
69	0	72
72	1	69
5	0	63
63	1	5
5	0	91
91	1	5
5	0	76
76	1	5
5	0	50
50	1	5
5	0	131
131	1	5
5	0	68
68	1	5
5	0	150
150	1	5
5	0	151
151	1	5
5	0	64
64	1	5
106	0	135
135	1	106
106	0	131
131	1	106
138	0	157
157	1	138
138	0	165
165	1	138
59	0	157
157	1	59
59	0	165
165	1	59
59	0	76
76	1	59
59	0	63
63	1	59
59	0	159
159	1	59
59	0	75
75	1	59
59	0	145
145	1	59
59	0	131
131	1	59
59	0	172
172	1	59
59	0	65
65	1	59
15	0	86
86	1	15
15	0	42
42	1	15
42	0	86
86	1	42
99	0	143
143	1	99
99	0	131
131	1	99
99	0	127
127	1	99
16	0	143
143	1	16
16	0	99
99	1	16
16	0	76
76	1	16
16	0	127
127	1	16
105	0	167
167	1	105
105	0	146
146	1	105
105	0	127
127	1	105
44	0	97
97	1	44
44	0	76
76	1	44
8	0	76
76	1	8
8	0	77
77	1	8
83	0	131
131	1	83
102	0	131
131	1	102
102	0	152
152	1	102
102	0	162
162	1	102
102	0	124
124	1	102
161	0	168
168	1	161
147	0	161
161	1	147
147	0	168
168	1	147
168	0	171
171	1	168
153	0	171
171	1	153
153	0	168
168	1	153
12	0	63
63	1	12
12	0	170
170	1	12
12	0	131
131	1	12
12	0	140
140	1	12
12	0	53
53	1	12
12	0	73
73	1	12
12	0	158
158	1	12
12	0	172
172	1	12
12	0	166
166	1	12
12	0	76
76	1	12
12	0	71
71	1	12
140	0	172
172	1	140
140	0	166
166	1	140
140	0	158
158	1	140
55	0	76
76	1	55
55	0	60
60	1	55
55	0	85
85	1	55
55	0	88
88	1	55
55	0	61
61	1	55
55	0	131
131	1	55
62	0	129
129	1	62
62	0	124
124	1	62
159	0	172
172	1	159
47	0	76
76	1	47
47	0	82
82	1	47
162	0	169
169	1	162
89	0	131
131	1	89
90	0	131
131	1	90
17	0	121
121	1	17
17	0	94
94	1	17
17	0	76
76	1	17
9	0	121
121	1	9
9	0	95
95	1	9
9	0	76
76	1	9
72	0	158
158	1	72
24	0	81
81	1	24
24	0	76
76	1	24
20	0	131
131	1	20
20	0	51
51	1	20
91	0	150
150	1	91
91	0	151
151	1	91
91	0	131
131	1	91
32	0	114
114	1	32
32	0	98
98	1	32
11	0	115
115	1	11
11	0	76
76	1	11
132	0	159
159	1	132
158	0	172
172	1	158
158	0	170
170	1	158
158	0	166
166	1	158
18	0	43
43	1	18
135	0	155
155	1	135
135	0	156
156	1	135
152	0	169
169	1	152
152	0	162
162	1	152
107	0	168
168	1	107
107	0	131
131	1	107
128	0	132
132	1	128
58	0	72
72	1	58
58	0	131
131	1	58
58	0	69
69	1	58
29	0	48
48	1	29
28	0	47
47	1	28
28	0	76
76	1	28
111	0	131
131	1	111
155	0	163
163	1	155
156	0	164
164	1	156
145	0	159
159	1	145
145	0	172
172	1	145
31	0	103
103	1	31
31	0	76
76	1	31
166	0	172
172	1	166
166	0	170
170	1	166
124	0	129
129	1	124
27	0	46
46	1	27
79	0	118
118	1	79
134	0	163
163	1	134
134	0	155
155	1	134
136	0	164
164	1	136
136	0	156
156	1	136
170	0	172
172	1	170
157	0	165
165	1	157
61	0	85
85	1	61
61	0	88
88	1	61
61	0	131
131	1	61
94	0	121
121	1	94
95	0	121
121	1	95
49	0	52
52	1	49
96	0	122
122	1	96
96	0	131
131	1	96
98	0	123
123	1	98
160	0	167
167	1	160
36	0	52
52	1	36
36	0	49
49	1	36
110	0	131
131	1	110
84	0	119
119	1	84
87	0	120
120	1	87
