49	146	378
49	147	326
49	147	1572
49	147	310
858	145	1521
896	147	163
896	150	65
896	150	163
914	147	65
65	147	116
65	147	159
65	147	213
1006	150	197
1006	147	65
1006	147	732
1006	147	740
445	147	732
445	147	740
490	150	1227
490	150	1063
490	147	739
69	145	266
69	145	269
69	145	267
69	145	268
69	153	270
69	153	1122
69	153	1178
69	153	377
69	153	76
69	153	75
69	153	419
69	149	359
69	149	1216
69	149	68
69	149	67
69	149	1154
69	149	1556
69	147	461
69	147	1471
69	147	1384
69	147	1537
69	147	1451
69	148	270
69	148	495
69	148	677
69	150	1143
69	150	1423
0	147	69
142	147	45
142	147	365
142	147	376
142	147	734
142	147	58
142	147	1526
142	147	1059
142	147	1250
142	146	116
142	146	45
142	146	365
365	147	326
365	147	142
365	147	45
365	147	1219
365	147	1583
365	147	1395
365	147	125
365	147	745
365	146	752
365	146	720
657	146	99
745	147	365
745	147	45
745	147	191
957	148	131
876	148	194
193	148	1385
193	147	195
74	147	142
74	147	745
74	147	191
74	147	878
74	147	735
74	147	725
74	148	456
750	147	191
750	147	1458
750	146	191
877	148	1332
877	148	270
877	145	270
877	147	99
78	147	99
78	147	45
78	147	86
78	146	1444
116	147	361
116	147	276
116	147	1218
116	146	99
116	146	86
376	148	1460
376	148	1289
376	148	1568
376	150	116
376	147	142
45	147	326
45	147	142
45	147	819
45	147	1576
45	147	1301
110	147	99
110	150	191
110	148	1274
433	146	1509
433	146	1400
433	146	1099
433	146	1277
191	147	878
191	147	1181
191	147	45
191	147	750
191	147	1368
449	146	49
449	146	1348
449	148	49
449	147	758
270	146	174
270	146	419
359	149	69
359	149	1429
359	149	1435
359	149	1567
359	149	1524
359	147	362
359	147	116
359	147	1471
359	147	1384
359	147	1537
359	147	1451
359	148	270
359	150	315
1022	147	679
1022	149	1275
1022	148	1210
679	147	45
679	147	1569
679	147	142
698	147	679
698	147	1569
180	148	1210
297	147	298
298	147	365
848	147	99
848	147	849
848	148	1157
849	147	99
1038	146	116
354	147	1558
354	147	210
461	147	878
461	147	86
461	146	116
86	146	192
86	147	99
86	147	1502
99	146	192
99	146	45
99	147	45
99	147	86
99	147	1128
99	147	1502
739	147	49
739	147	1562
739	146	49
328	146	116
197	147	61
197	147	1104
197	147	1368
1046	148	561
1045	146	49
11	147	210
11	147	1579
11	147	49
11	147	354
11	147	1529
11	147	1572
11	147	388
11	147	1307
11	147	167
11	147	1220
11	147	1186
11	147	1150
11	146	354
11	146	49
11	146	742
11	146	1348
11	146	1126
210	147	49
210	147	742
210	147	921
210	146	49
210	146	11
254	147	859
253	147	313
253	147	1456
253	147	754
971	148	972
971	148	270
971	148	448
971	147	878
971	150	45
734	147	45
734	147	142
734	146	365
1	147	1504
1	147	1181
1	147	191
393	146	116
362	147	1185
701	147	99
583	146	116
868	148	116
868	147	968
117	148	270
117	147	878
117	147	191
117	147	750
117	147	192
117	147	99
117	147	86
117	147	747
117	147	733
117	147	118
117	150	45
366	148	49
366	148	1413
726	147	45
467	148	1375
467	147	590
467	147	11
699	147	590
699	147	11
991	147	590
991	147	11
991	148	742
850	146	11
850	146	1102
247	147	590
590	147	11
851	145	850
538	148	1375
431	147	590
431	147	11
742	146	11
742	146	49
742	146	210
742	147	1553
742	147	921
931	148	460
931	147	932
932	147	210
932	147	742
469	147	49
469	147	742
469	150	1579
582	148	49
582	148	378
582	147	742
582	147	210
683	147	1283
705	147	758
534	147	758
758	147	49
559	147	11
353	147	354
308	147	11
309	147	11
39	146	49
940	148	442
940	148	1431
828	147	192
828	147	812
828	147	811
828	149	827
828	148	116
82	150	1501
82	147	1446
82	147	818
82	147	103
82	147	116
82	147	99
82	147	1421
82	148	104
82	149	820
818	147	1114
104	146	1262
501	147	99
501	147	86
224	147	86
820	149	82
275	150	116
275	147	276
276	147	1500
83	146	1501
176	149	1324
176	149	1525
176	149	504
176	149	1405
176	149	278
176	147	620
176	147	1432
176	150	1415
176	148	1476
504	147	620
504	147	743
620	147	45
620	147	743
192	147	45
852	147	192
131	146	45
278	149	176
278	148	101
109	148	328
109	148	116
109	150	329
109	147	45
109	147	1349
109	147	1200
109	147	1248
329	146	1152
100	150	1334
100	148	102
100	149	1175
273	147	1393
273	147	99
273	147	116
273	149	121
273	149	1560
273	148	120
313	146	116
717	147	315
1024	148	45
130	147	819
130	148	131
819	146	365
541	147	354
207	148	270
539	148	270
947	148	270
827	148	1087
515	150	365
515	147	752
557	147	752
557	147	34
351	147	142
187	147	142
187	150	365
346	150	116
346	150	365
346	147	45
532	150	365
532	147	34
664	147	34
585	147	34
172	147	157
343	147	142
30	147	34
30	150	365
474	146	116
302	147	128
302	147	142
822	146	461
645	147	99
645	147	86
542	146	116
567	147	99
567	147	86
840	147	86
140	147	116
140	147	1439
477	147	688
613	147	688
843	147	688
843	147	844
688	147	844
688	147	11
844	147	49
246	147	688
4	147	11
6	147	11
9	147	11
37	146	49
517	148	49
517	147	210
447	147	739
518	147	739
665	147	723
910	147	723
723	147	11
392	148	433
392	148	1509
392	147	711
392	147	663
711	147	663
883	147	663
128	146	365
128	147	1321
327	148	328
327	148	1466
327	148	1523
327	147	78
327	147	329
327	147	1342
327	147	1454
327	147	1336
327	147	99
327	147	1128
327	147	1488
327	147	1285
327	147	45
327	147	1168
327	147	1457
327	147	1544
327	147	1571
327	147	1075
327	150	116
327	149	1229
327	149	863
327	149	1467
327	149	1292
327	149	1425
621	147	78
863	147	1128
863	147	135
863	147	329
863	149	327
863	149	109
863	148	1561
607	147	326
520	149	1429
520	147	815
815	147	1470
418	147	99
418	147	86
418	147	744
418	147	78
418	148	337
760	152	418
628	147	99
628	147	86
628	150	116
549	147	86
337	147	744
179	147	86
87	148	78
87	148	1444
87	147	99
87	147	86
860	147	1217
189	147	1213
158	146	45
216	147	45
216	147	192
358	147	1246
560	147	326
604	149	1435
604	147	813
813	147	1434
478	150	365
478	147	720
631	147	720
631	147	35
352	147	142
143	147	142
143	150	365
349	150	116
349	150	365
349	147	45
574	150	365
574	147	35
568	147	35
618	147	35
156	147	157
344	147	142
29	147	35
29	150	365
619	146	116
303	147	128
303	147	142
1023	145	103
1023	145	1074
1023	147	1291
1023	148	1074
933	148	1477
933	147	1240
933	147	934
1052	148	449
1052	148	406
1052	148	1133
1052	147	637
1052	147	20
391	147	526
561	146	11
703	147	526
703	147	11
1032	148	49
513	147	210
526	147	1572
432	147	1337
432	147	739
547	147	739
570	147	739
570	148	449
700	147	722
912	147	722
466	148	433
466	148	1400
466	147	572
466	147	492
572	147	492
890	147	492
521	147	326
566	149	1567
566	147	816
816	147	1163
272	147	78
84	147	78
826	147	78
826	147	1437
897	147	715
680	148	1073
544	148	1073
825	148	1386
331	146	1249
108	147	345
217	147	219
218	147	219
199	147	219
817	147	1169
77	151	1437
77	147	1437
77	149	1541
656	147	11
823	147	11
949	147	1428
949	147	952
950	147	949
950	147	1428
950	147	952
951	147	949
951	147	1428
951	147	952
1011	148	1316
1011	148	210
1011	148	1581
428	147	637
986	148	1057
563	147	1021
1043	147	1048
1047	147	1048
406	146	449
554	145	1316
333	153	460
333	147	738
333	147	282
333	148	460
738	147	713
738	147	282
282	147	713
282	147	49
516	150	1389
516	147	713
516	147	282
713	146	210
280	147	282
281	148	449
281	147	282
408	147	282
408	147	716
408	148	449
90	148	270
90	147	1
90	149	1136
90	149	1424
90	149	1312
90	149	1514
90	149	1205
368	148	1079
673	147	45
673	147	142
903	147	45
617	150	45
934	147	1240
934	147	1194
377	146	270
301	147	128
301	147	142
872	148	185
872	147	99
872	147	365
102	146	101
101	146	99
659	147	1419
659	150	46
659	148	1197
685	147	588
685	147	11
989	147	588
989	147	11
388	150	1579
388	150	999
999	150	1579
999	148	1392
999	147	588
999	147	11
434	147	588
588	147	11
310	150	1579
310	147	210
311	147	210
453	147	11
248	147	588
675	148	460
675	147	755
755	147	210
441	147	1562
441	147	739
689	147	739
228	147	226
228	147	225
228	147	227
319	150	1579
80	147	11
81	147	11
638	147	354
139	148	270
642	148	270
946	148	270
119	148	1171
169	147	170
737	147	45
737	147	142
737	147	1256
489	147	78
834	147	116
106	148	270
106	150	1
106	150	45
106	147	45
196	148	270
196	147	197
93	146	1127
396	147	142
396	147	45
396	148	270
396	148	1511
396	148	1350
396	150	1362
32	147	142
32	147	1085
994	147	32
464	148	270
464	147	191
906	147	32
985	147	32
26	147	32
26	150	365
907	146	365
650	147	142
694	147	142
186	147	128
186	147	142
871	147	99
871	147	365
194	146	191
385	148	116
385	150	45
385	147	735
73	147	735
735	147	1458
735	147	750
879	147	361
880	148	45
880	148	270
880	147	45
880	150	45
188	148	1511
188	150	45
1014	150	365
1014	147	1513
463	148	270
463	147	1344
507	147	1344
507	147	757
507	150	45
221	147	1170
221	147	1123
220	150	1123
881	147	882
450	147	461
450	147	86
833	149	1338
833	149	476
476	147	658
476	147	45
658	147	45
495	146	116
495	146	86
958	147	1379
958	148	456
891	148	461
891	150	116
976	148	461
1017	148	461
1017	149	1018
1017	150	116
1018	148	461
1010	148	1009
693	148	328
413	148	116
606	147	197
606	147	461
575	147	99
575	147	86
164	148	393
233	147	234
426	148	116
426	147	1
747	147	750
643	147	192
284	147	99
284	147	86
687	148	191
687	148	1090
454	147	461
454	147	86
832	149	1475
832	149	550
550	147	616
550	147	45
616	147	45
677	146	116
677	146	86
962	147	1208
962	148	456
889	148	461
889	150	116
975	148	461
1016	148	461
1016	149	1015
1016	150	116
1015	148	461
1008	148	1007
592	148	328
389	148	270
389	147	672
389	147	726
672	147	726
626	147	672
292	147	293
115	150	365
379	148	1242
379	148	270
379	147	878
480	147	99
480	147	86
556	147	500
691	147	500
835	147	500
835	147	836
500	147	836
500	147	11
836	147	49
249	147	500
3	147	11
10	147	11
5	147	11
38	146	49
662	148	49
662	147	210
411	147	739
481	147	739
553	147	724
904	147	724
724	147	11
390	148	433
390	148	1099
390	147	639
390	147	479
639	147	479
874	147	479
552	147	99
564	146	116
19	147	11
19	147	49
647	147	19
647	148	1485
997	147	19
997	147	11
165	147	11
165	147	210
165	150	354
165	150	1436
165	150	1237
166	147	11
166	147	210
166	147	167
166	150	354
166	150	1436
166	150	1237
167	147	210
168	147	167
168	148	1563
374	147	19
510	147	19
1001	151	1305
1001	150	1156
24	147	19
402	150	1362
465	147	1113
695	147	163
695	148	65
265	150	163
159	147	1124
260	146	893
261	148	260
160	147	159
160	147	65
160	148	1461
160	148	103
160	150	893
161	147	159
161	148	1461
204	147	153
919	148	65
919	147	0
919	147	918
920	150	1063
920	147	918
375	150	1063
895	150	1063
895	147	163
708	147	116
708	147	45
708	147	192
68	147	0
322	147	163
325	147	163
404	150	1362
459	147	1191
627	147	163
627	148	65
264	150	163
213	147	1124
262	146	893
263	148	262
214	147	213
214	147	65
214	148	1516
214	148	103
214	150	893
215	147	213
215	148	1516
152	147	153
924	148	65
924	147	0
924	147	918
925	150	1063
925	147	918
386	150	1063
894	150	1063
894	147	163
531	147	116
531	147	45
531	147	192
67	147	0
323	147	163
324	147	163
649	147	326
509	149	1524
509	147	814
814	147	1399
22	148	1554
22	147	21
22	147	11
21	147	909
485	147	21
909	147	11
444	146	49
921	146	49
923	147	921
923	150	1436
922	147	1142
425	147	739
360	150	45
360	147	361
360	147	33
360	147	142
360	147	363
360	147	365
33	147	142
551	150	365
615	147	33
712	150	1455
712	147	33
913	147	33
25	147	33
25	150	365
28	147	33
28	150	365
364	148	45
364	147	142
987	148	116
987	147	365
529	150	45
448	146	270
381	147	533
381	147	714
381	147	734
381	147	142
533	147	381
533	147	142
533	147	45
533	147	734
512	147	533
512	147	142
512	147	734
839	147	533
839	147	142
839	150	1533
839	150	1388
511	147	714
990	147	714
523	150	365
124	148	393
231	147	232
412	148	116
412	147	1
733	147	750
484	147	192
288	147	99
288	147	86
601	148	191
601	148	1090
565	147	609
666	147	609
829	147	609
829	147	830
609	147	830
609	147	11
830	147	49
250	147	609
2	147	11
8	147	11
7	147	11
36	146	49
624	148	49
624	147	210
369	147	739
555	147	739
579	147	736
902	147	736
736	147	11
416	148	433
416	148	1277
416	147	644
416	147	635
644	147	635
865	147	635
506	147	49
670	147	11
993	147	11
458	147	11
1026	147	1067
1026	147	1029
1027	147	1026
1027	147	1067
1027	147	1029
1028	147	1026
1028	147	1067
1028	147	1029
1044	148	1236
1044	145	1361
399	147	1103
399	147	1573
854	148	1520
341	147	1025
436	147	646
436	147	45
436	147	726
761	152	436
646	147	726
704	149	1125
88	147	45
88	147	192
88	147	1502
88	147	86
686	147	88
686	147	45
686	147	192
885	147	1218
754	147	313
754	147	1456
676	147	754
969	147	970
970	147	313
89	149	1531
655	150	116
857	146	116
641	150	365
641	147	45
483	147	473
558	147	473
151	147	128
295	146	116
174	147	173
175	147	173
175	148	174
175	148	270
892	150	977
798	152	1177
792	152	1177
118	147	99
118	147	86
347	148	365
347	148	131
277	148	365
277	150	45
1013	148	45
335	147	45
23	148	1402
23	147	20
598	147	20
837	147	20
837	147	1051
184	147	11
497	147	11
1019	145	1228
1019	145	1245
20	147	981
20	147	984
20	147	11
981	147	984
983	147	20
983	147	981
983	147	984
982	147	20
982	147	981
982	147	984
838	148	1340
340	147	1031
1050	147	1051
1049	147	1051
930	147	20
591	147	20
591	148	11
591	148	1402
591	145	1402
430	146	460
457	148	1298
457	148	116
457	147	191
653	147	142
653	147	365
496	147	142
630	147	142
846	149	496
660	147	725
725	147	191
725	147	750
190	146	116
420	146	116
622	147	653
548	147	1578
548	147	653
548	150	365
636	147	653
654	150	191
654	150	365
654	147	653
209	147	653
208	147	653
873	147	128
692	147	756
905	147	756
756	147	142
356	148	270
136	147	197
330	149	69
417	149	587
367	148	270
350	148	45
348	150	365
348	150	116
1041	150	365
1041	147	365
256	147	31
27	147	31
27	150	365
937	147	31
939	147	45
419	146	270
