166	0	217
217	1	166
166	0	208
208	1	166
166	0	198
198	1	166
166	0	494
494	1	166
166	0	507
507	1	166
166	0	436
436	1	166
166	0	521
521	1	166
166	0	207
207	1	166
166	0	459
459	1	166
166	0	465
465	1	166
166	0	223
223	1	166
166	0	276
276	1	166
166	0	199
199	1	166
166	0	411
411	1	166
198	0	217
217	1	198
198	0	507
507	1	198
198	0	521
521	1	198
198	0	494
494	1	198
198	0	459
459	1	198
198	0	465
465	1	198
198	0	223
223	1	198
198	0	207
207	1	198
9	0	217
217	1	9
9	0	411
411	1	9
9	0	507
507	1	9
9	0	442
442	1	9
9	0	443
443	1	9
13	0	217
217	1	13
13	0	455
455	1	13
209	0	217
217	1	209
209	0	215
215	1	209
209	0	212
212	1	209
209	0	216
216	1	209
209	0	214
214	1	209
209	0	213
213	1	209
209	0	471
471	1	209
209	0	494
494	1	209
197	0	217
217	1	197
197	0	550
550	1	197
197	0	542
542	1	197
197	0	547
547	1	197
197	0	212
212	1	197
197	0	551
551	1	197
197	0	552
552	1	197
197	0	553
553	1	197
197	0	549
549	1	197
197	0	554
554	1	197
197	0	471
471	1	197
197	0	525
525	1	197
197	0	507
507	1	197
197	0	206
206	1	197
197	0	541
541	1	197
197	0	263
263	1	197
197	0	494
494	1	197
197	0	536
536	1	197
162	0	217
217	1	162
162	0	549
549	1	162
162	0	206
206	1	162
162	0	507
507	1	162
162	0	542
542	1	162
162	0	547
547	1	162
162	0	212
212	1	162
162	0	551
551	1	162
162	0	552
552	1	162
162	0	553
553	1	162
162	0	554
554	1	162
162	0	536
536	1	162
162	0	471
471	1	162
162	0	525
525	1	162
162	0	541
541	1	162
162	0	504
504	1	162
162	0	197
197	1	162
162	0	263
263	1	162
162	0	494
494	1	162
28	0	217
217	1	28
28	0	358
358	1	28
28	0	161
161	1	28
28	0	180
180	1	28
28	0	201
201	1	28
29	0	217
217	1	29
29	0	197
197	1	29
29	0	162
162	1	29
29	0	206
206	1	29
29	0	542
542	1	29
29	0	547
547	1	29
29	0	212
212	1	29
29	0	551
551	1	29
29	0	552
552	1	29
29	0	553
553	1	29
29	0	549
549	1	29
29	0	554
554	1	29
29	0	536
536	1	29
29	0	471
471	1	29
29	0	263
263	1	29
29	0	541
541	1	29
29	0	525
525	1	29
29	0	494
494	1	29
29	0	507
507	1	29
212	0	217
217	1	212
212	0	215
215	1	212
212	0	216
216	1	212
212	0	551
551	1	212
212	0	552
552	1	212
212	0	553
553	1	212
212	0	549
549	1	212
212	0	554
554	1	212
212	0	525
525	1	212
212	0	471
471	1	212
212	0	541
541	1	212
55	0	217
217	1	55
55	0	168
168	1	55
156	0	358
358	1	156
156	0	195
195	1	156
79	0	217
217	1	79
206	0	217
217	1	206
206	0	212
212	1	206
206	0	551
551	1	206
206	0	552
552	1	206
206	0	554
554	1	206
206	0	507
507	1	206
206	0	549
549	1	206
206	0	553
553	1	206
206	0	536
536	1	206
206	0	471
471	1	206
206	0	504
504	1	206
206	0	541
541	1	206
118	0	217
217	1	118
118	0	215
215	1	118
118	0	212
212	1	118
118	0	216
216	1	118
118	0	214
214	1	118
118	0	213
213	1	118
118	0	507
507	1	118
118	0	548
548	1	118
118	0	471
471	1	118
118	0	520
520	1	118
214	0	217
217	1	214
214	0	215
215	1	214
214	0	216
216	1	214
214	0	507
507	1	214
214	0	548
548	1	214
214	0	471
471	1	214
213	0	217
217	1	213
213	0	215
215	1	213
213	0	216
216	1	213
213	0	548
548	1	213
213	0	471
471	1	213
213	0	507
507	1	213
213	0	520
520	1	213
213	0	214
214	1	213
213	0	545
545	1	213
213	0	539
539	1	213
107	0	471
471	1	107
107	0	217
217	1	107
217	0	507
507	1	217
217	0	471
471	1	217
217	0	494
494	1	217
217	0	429
429	1	217
217	0	395
395	1	217
217	0	436
436	1	217
217	0	411
411	1	217
217	0	219
219	1	217
217	0	495
495	1	217
217	0	485
485	1	217
217	0	220
220	1	217
217	0	221
221	1	217
217	0	459
459	1	217
217	0	222
222	1	217
217	0	223
223	1	217
217	0	516
516	1	217
217	0	511
511	1	217
217	0	465
465	1	217
217	0	478
478	1	217
217	0	462
462	1	217
217	0	496
496	1	217
217	0	224
224	1	217
217	0	454
454	1	217
217	0	441
441	1	217
217	0	225
225	1	217
217	0	481
481	1	217
217	0	490
490	1	217
217	0	226
226	1	217
217	0	227
227	1	217
217	0	538
538	1	217
217	0	416
416	1	217
217	0	382
382	1	217
217	0	479
479	1	217
217	0	228
228	1	217
217	0	530
530	1	217
217	0	512
512	1	217
217	0	474
474	1	217
217	0	467
467	1	217
217	0	518
518	1	217
217	0	393
393	1	217
217	0	229
229	1	217
217	0	372
372	1	217
217	0	506
506	1	217
217	0	422
422	1	217
217	0	412
412	1	217
217	0	406
406	1	217
217	0	442
442	1	217
217	0	230
230	1	217
217	0	483
483	1	217
217	0	491
491	1	217
217	0	231
231	1	217
217	0	362
362	1	217
217	0	232
232	1	217
217	0	233
233	1	217
217	0	550
550	1	217
217	0	542
542	1	217
217	0	547
547	1	217
217	0	364
364	1	217
217	0	234
234	1	217
217	0	374
374	1	217
217	0	375
375	1	217
217	0	476
476	1	217
217	0	235
235	1	217
217	0	373
373	1	217
217	0	423
423	1	217
217	0	414
414	1	217
217	0	410
410	1	217
217	0	548
548	1	217
217	0	236
236	1	217
217	0	528
528	1	217
217	0	505
505	1	217
217	0	237
237	1	217
217	0	390
390	1	217
217	0	238
238	1	217
217	0	239
239	1	217
217	0	460
460	1	217
217	0	457
457	1	217
217	0	461
461	1	217
217	0	464
464	1	217
217	0	381
381	1	217
217	0	452
452	1	217
217	0	240
240	1	217
217	0	241
241	1	217
217	0	443
443	1	217
217	0	242
242	1	217
217	0	243
243	1	217
217	0	244
244	1	217
217	0	475
475	1	217
217	0	503
503	1	217
217	0	453
453	1	217
217	0	440
440	1	217
217	0	425
425	1	217
217	0	245
245	1	217
217	0	246
246	1	217
217	0	477
477	1	217
217	0	357
357	1	217
217	0	468
468	1	217
217	0	247
247	1	217
217	0	513
513	1	217
217	0	531
531	1	217
217	0	248
248	1	217
217	0	249
249	1	217
217	0	529
529	1	217
217	0	510
510	1	217
217	0	250
250	1	217
217	0	360
360	1	217
217	0	523
523	1	217
217	0	251
251	1	217
217	0	398
398	1	217
217	0	252
252	1	217
217	0	508
508	1	217
217	0	253
253	1	217
217	0	519
519	1	217
217	0	254
254	1	217
217	0	466
466	1	217
217	0	255
255	1	217
217	0	492
492	1	217
217	0	256
256	1	217
217	0	257
257	1	217
217	0	369
369	1	217
217	0	383
383	1	217
217	0	258
258	1	217
217	0	509
509	1	217
217	0	524
524	1	217
217	0	469
469	1	217
217	0	435
435	1	217
217	0	444
444	1	217
217	0	259
259	1	217
217	0	260
260	1	217
217	0	261
261	1	217
217	0	484
484	1	217
217	0	407
407	1	217
217	0	408
408	1	217
217	0	262
262	1	217
217	0	431
431	1	217
217	0	263
263	1	217
217	0	552
552	1	217
217	0	525
525	1	217
217	0	264
264	1	217
217	0	399
399	1	217
217	0	430
430	1	217
217	0	265
265	1	217
217	0	266
266	1	217
217	0	376
376	1	217
217	0	267
267	1	217
217	0	403
403	1	217
217	0	419
419	1	217
217	0	446
446	1	217
217	0	420
420	1	217
217	0	377
377	1	217
217	0	268
268	1	217
217	0	269
269	1	217
217	0	270
270	1	217
217	0	378
378	1	217
217	0	445
445	1	217
217	0	447
447	1	217
217	0	424
424	1	217
217	0	271
271	1	217
217	0	379
379	1	217
217	0	545
545	1	217
217	0	272
272	1	217
217	0	366
366	1	217
217	0	273
273	1	217
217	0	498
498	1	217
217	0	274
274	1	217
217	0	275
275	1	217
217	0	276
276	1	217
217	0	277
277	1	217
217	0	521
521	1	217
217	0	392
392	1	217
217	0	278
278	1	217
217	0	279
279	1	217
217	0	380
380	1	217
217	0	358
358	1	217
217	0	432
432	1	217
217	0	280
280	1	217
217	0	451
451	1	217
217	0	281
281	1	217
217	0	415
415	1	217
217	0	282
282	1	217
217	0	526
526	1	217
217	0	480
480	1	217
217	0	283
283	1	217
217	0	284
284	1	217
217	0	437
437	1	217
217	0	489
489	1	217
217	0	500
500	1	217
217	0	285
285	1	217
217	0	286
286	1	217
217	0	287
287	1	217
217	0	288
288	1	217
217	0	417
417	1	217
217	0	289
289	1	217
217	0	290
290	1	217
217	0	291
291	1	217
217	0	544
544	1	217
217	0	486
486	1	217
217	0	292
292	1	217
217	0	497
497	1	217
217	0	370
370	1	217
217	0	384
384	1	217
217	0	293
293	1	217
217	0	361
361	1	217
217	0	294
294	1	217
217	0	295
295	1	217
217	0	549
549	1	217
217	0	551
551	1	217
217	0	418
418	1	217
217	0	553
553	1	217
217	0	554
554	1	217
217	0	536
536	1	217
217	0	296
296	1	217
217	0	386
386	1	217
217	0	504
504	1	217
217	0	541
541	1	217
217	0	387
387	1	217
217	0	297
297	1	217
217	0	298
298	1	217
217	0	299
299	1	217
217	0	388
388	1	217
217	0	300
300	1	217
217	0	371
371	1	217
217	0	389
389	1	217
217	0	301
301	1	217
217	0	365
365	1	217
217	0	520
520	1	217
217	0	302
302	1	217
217	0	303
303	1	217
217	0	428
428	1	217
217	0	304
304	1	217
217	0	305
305	1	217
217	0	450
450	1	217
217	0	458
458	1	217
217	0	306
306	1	217
217	0	307
307	1	217
217	0	308
308	1	217
217	0	394
394	1	217
217	0	309
309	1	217
217	0	310
310	1	217
217	0	438
438	1	217
217	0	439
439	1	217
217	0	311
311	1	217
217	0	312
312	1	217
217	0	313
313	1	217
217	0	314
314	1	217
217	0	539
539	1	217
217	0	487
487	1	217
217	0	315
315	1	217
217	0	316
316	1	217
217	0	317
317	1	217
217	0	318
318	1	217
217	0	319
319	1	217
217	0	320
320	1	217
217	0	385
385	1	217
217	0	473
473	1	217
217	0	321
321	1	217
217	0	322
322	1	217
217	0	323
323	1	217
217	0	391
391	1	217
217	0	402
402	1	217
217	0	324
324	1	217
217	0	325
325	1	217
217	0	326
326	1	217
217	0	327
327	1	217
217	0	328
328	1	217
217	0	329
329	1	217
217	0	330
330	1	217
217	0	331
331	1	217
217	0	397
397	1	217
217	0	332
332	1	217
217	0	333
333	1	217
217	0	334
334	1	217
217	0	335
335	1	217
217	0	336
336	1	217
217	0	400
400	1	217
217	0	337
337	1	217
217	0	338
338	1	217
217	0	339
339	1	217
217	0	340
340	1	217
217	0	341
341	1	217
217	0	404
404	1	217
217	0	433
433	1	217
217	0	401
401	1	217
217	0	342
342	1	217
217	0	343
343	1	217
217	0	344
344	1	217
217	0	345
345	1	217
217	0	346
346	1	217
217	0	347
347	1	217
217	0	348
348	1	217
217	0	349
349	1	217
217	0	350
350	1	217
217	0	351
351	1	217
217	0	534
534	1	217
217	0	352
352	1	217
217	0	353
353	1	217
217	0	354
354	1	217
217	0	355
355	1	217
217	0	356
356	1	217
494	0	507
507	1	494
494	0	495
495	1	494
494	0	496
496	1	494
494	0	497
497	1	494
494	0	498
498	1	494
494	0	499
499	1	494
494	0	500
500	1	494
494	0	544
544	1	494
494	0	501
501	1	494
494	0	542
542	1	494
494	0	547
547	1	494
494	0	551
551	1	494
494	0	552
552	1	494
494	0	553
553	1	494
494	0	549
549	1	494
494	0	554
554	1	494
494	0	536
536	1	494
494	0	502
502	1	494
494	0	526
526	1	494
494	0	503
503	1	494
494	0	504
504	1	494
494	0	541
541	1	494
494	0	525
525	1	494
124	0	507
507	1	124
124	0	494
494	1	124
124	0	217
217	1	124
471	0	494
494	1	471
471	0	495
495	1	471
471	0	475
475	1	471
471	0	538
538	1	471
471	0	476
476	1	471
471	0	526
526	1	471
471	0	543
543	1	471
471	0	477
477	1	471
471	0	478
478	1	471
471	0	479
479	1	471
471	0	492
492	1	471
471	0	498
498	1	471
471	0	480
480	1	471
471	0	503
503	1	471
471	0	505
505	1	471
471	0	544
544	1	471
471	0	497
497	1	471
471	0	501
501	1	471
471	0	506
506	1	471
471	0	481
481	1	471
471	0	482
482	1	471
471	0	502
502	1	471
471	0	507
507	1	471
471	0	537
537	1	471
471	0	483
483	1	471
471	0	525
525	1	471
471	0	508
508	1	471
471	0	484
484	1	471
471	0	493
493	1	471
471	0	552
552	1	471
471	0	551
551	1	471
471	0	512
512	1	471
471	0	530
530	1	471
471	0	554
554	1	471
471	0	520
520	1	471
471	0	485
485	1	471
471	0	486
486	1	471
471	0	487
487	1	471
471	0	541
541	1	471
471	0	548
548	1	471
471	0	488
488	1	471
471	0	547
547	1	471
471	0	536
536	1	471
471	0	549
549	1	471
429	0	494
494	1	429
429	0	471
471	1	429
86	0	507
507	1	86
86	0	217
217	1	86
86	0	330
330	1	86
330	0	507
507	1	330
2	0	507
507	1	2
2	0	217
217	1	2
2	0	342
342	1	2
2	0	146
146	1	2
240	0	494
494	1	240
240	0	475
475	1	240
240	0	489
489	1	240
240	0	507
507	1	240
240	0	436
436	1	240
353	0	475
475	1	353
353	0	507
507	1	353
26	0	217
217	1	26
26	0	159
159	1	26
159	0	217
217	1	159
465	0	503
503	1	465
465	0	495
495	1	465
465	0	494
494	1	465
465	0	548
548	1	465
465	0	545
545	1	465
465	0	471
471	1	465
465	0	507
507	1	465
465	0	474
474	1	465
465	0	491
491	1	465
465	0	481
481	1	465
465	0	501
501	1	465
465	0	502
502	1	465
465	0	469
469	1	465
465	0	483
483	1	465
465	0	478
478	1	465
465	0	506
506	1	465
465	0	521
521	1	465
465	0	467
467	1	465
465	0	468
468	1	465
465	0	518
518	1	465
459	0	477
477	1	459
459	0	471
471	1	459
459	0	507
507	1	459
459	0	494
494	1	459
459	0	478
478	1	459
459	0	466
466	1	459
459	0	500
500	1	459
459	0	486
486	1	459
459	0	538
538	1	459
459	0	544
544	1	459
459	0	465
465	1	459
459	0	462
462	1	459
459	0	463
463	1	459
459	0	512
512	1	459
459	0	521
521	1	459
220	0	485
485	1	220
220	0	505
505	1	220
220	0	468
468	1	220
220	0	357
357	1	220
468	0	505
505	1	468
468	0	470
470	1	468
468	0	495
495	1	468
468	0	471
471	1	468
468	0	494
494	1	468
468	0	472
472	1	468
15	0	150
150	1	15
454	0	459
459	1	454
454	0	494
494	1	454
454	0	471
471	1	454
454	0	483
483	1	454
454	0	465
465	1	454
395	0	471
471	1	395
395	0	475
475	1	395
395	0	422
422	1	395
395	0	459
459	1	395
395	0	423
423	1	395
395	0	535
535	1	395
395	0	519
519	1	395
395	0	507
507	1	395
395	0	534
534	1	395
395	0	539
539	1	395
395	0	523
523	1	395
395	0	424
424	1	395
395	0	454
454	1	395
395	0	425
425	1	395
133	0	251
251	1	133
133	0	217
217	1	133
133	0	465
465	1	133
133	0	478
478	1	133
133	0	462
462	1	133
77	0	174
174	1	77
481	0	490
490	1	481
481	0	494
494	1	481
481	0	506
506	1	481
481	0	501
501	1	481
481	0	502
502	1	481
41	0	471
471	1	41
41	0	165
165	1	41
227	0	395
395	1	227
227	0	538
538	1	227
121	0	217
217	1	121
121	0	185
185	1	121
185	0	217
217	1	185
507	0	509
509	1	507
507	0	510
510	1	507
507	0	511
511	1	507
507	0	538
538	1	507
507	0	512
512	1	507
507	0	513
513	1	507
507	0	543
543	1	507
507	0	514
514	1	507
507	0	515
515	1	507
507	0	529
529	1	507
507	0	532
532	1	507
507	0	516
516	1	507
507	0	517
517	1	507
507	0	518
518	1	507
507	0	549
549	1	507
507	0	542
542	1	507
507	0	547
547	1	507
507	0	551
551	1	507
507	0	552
552	1	507
507	0	554
554	1	507
507	0	553
553	1	507
507	0	519
519	1	507
507	0	539
539	1	507
507	0	548
548	1	507
507	0	520
520	1	507
507	0	521
521	1	507
507	0	522
522	1	507
507	0	523
523	1	507
507	0	524
524	1	507
507	0	541
541	1	507
507	0	534
534	1	507
507	0	536
536	1	507
507	0	525
525	1	507
507	0	526
526	1	507
507	0	527
527	1	507
507	0	528
528	1	507
291	0	544
544	1	291
291	0	538
538	1	291
291	0	459
459	1	291
291	0	512
512	1	291
291	0	494
494	1	291
291	0	471
471	1	291
322	0	474
474	1	322
322	0	467
467	1	322
322	0	494
494	1	322
322	0	507
507	1	322
322	0	469
469	1	322
322	0	465
465	1	322
322	0	518
518	1	322
322	0	473
473	1	322
467	0	474
474	1	467
467	0	494
494	1	467
467	0	507
507	1	467
467	0	469
469	1	467
467	0	473
473	1	467
469	0	494
494	1	469
469	0	507
507	1	469
469	0	518
518	1	469
469	0	473
473	1	469
469	0	474
474	1	469
473	0	494
494	1	473
473	0	507
507	1	473
473	0	518
518	1	473
312	0	507
507	1	312
312	0	513
513	1	312
348	0	507
507	1	348
348	0	396
396	1	348
119	0	323
323	1	119
119	0	217
217	1	119
119	0	184
184	1	119
349	0	507
507	1	349
349	0	396
396	1	349
413	0	501
501	1	413
413	0	502
502	1	413
125	0	186
186	1	125
125	0	395
395	1	125
65	0	385
385	1	65
65	0	294
294	1	65
65	0	217
217	1	65
65	0	507
507	1	65
65	0	170
170	1	65
484	0	492
492	1	484
216	0	217
217	1	216
216	0	454
454	1	216
216	0	465
465	1	216
216	0	471
471	1	216
216	0	218
218	1	216
216	0	230
230	1	216
216	0	483
483	1	216
216	0	321
321	1	216
176	0	217
217	1	176
176	0	200
200	1	176
176	0	230
230	1	176
177	0	217
217	1	177
177	0	200
200	1	177
177	0	230
230	1	177
84	0	217
217	1	84
84	0	200
200	1	84
84	0	230
230	1	84
84	0	176
176	1	84
84	0	177
177	1	84
70	0	507
507	1	70
70	0	217
217	1	70
70	0	171
171	1	70
70	0	172
172	1	70
418	0	552
552	1	418
418	0	541
541	1	418
418	0	471
471	1	418
549	0	554
554	1	549
549	0	551
551	1	549
549	0	552
552	1	549
549	0	553
553	1	549
4	0	217
217	1	4
4	0	156
156	1	4
352	0	494
494	1	352
352	0	399
399	1	352
352	0	430
430	1	352
187	0	217
217	1	187
187	0	454
454	1	187
187	0	459
459	1	187
187	0	375
375	1	187
132	0	217
217	1	132
132	0	454
454	1	132
132	0	459
459	1	132
132	0	375
375	1	132
132	0	187
187	1	132
356	0	403
403	1	356
356	0	507
507	1	356
300	0	419
419	1	300
300	0	446
446	1	300
300	0	420
420	1	300
300	0	388
388	1	300
247	0	471
471	1	247
247	0	419
419	1	247
247	0	482
482	1	247
247	0	493
493	1	247
247	0	368
368	1	247
48	0	217
217	1	48
48	0	507
507	1	48
143	0	191
191	1	143
143	0	202
202	1	143
59	0	191
191	1	59
99	0	476
476	1	99
99	0	217
217	1	99
99	0	471
471	1	99
22	0	157
157	1	22
22	0	395
395	1	22
424	0	447
447	1	424
424	0	448
448	1	424
424	0	507
507	1	424
424	0	534
534	1	424
424	0	539
539	1	424
424	0	519
519	1	424
215	0	217
217	1	215
215	0	507
507	1	215
215	0	548
548	1	215
215	0	471
471	1	215
215	0	520
520	1	215
545	0	548
548	1	545
211	0	217
217	1	211
211	0	275
275	1	211
122	0	456
456	1	122
122	0	449
449	1	122
207	0	217
217	1	207
207	0	459
459	1	207
207	0	507
507	1	207
207	0	494
494	1	207
207	0	521
521	1	207
102	0	507
507	1	102
102	0	217
217	1	102
135	0	217
217	1	135
135	0	188
188	1	135
131	0	421
421	1	131
131	0	392
392	1	131
131	0	428
428	1	131
131	0	327
327	1	131
108	0	428
428	1	108
108	0	507
507	1	108
108	0	181
181	1	108
161	0	404
404	1	161
161	0	460
460	1	161
161	0	432
432	1	161
161	0	196
196	1	161
161	0	450
450	1	161
161	0	457
457	1	161
161	0	217
217	1	161
161	0	358
358	1	161
432	0	460
460	1	432
432	0	457
457	1	432
432	0	450
450	1	432
47	0	537
537	1	47
47	0	543
543	1	47
47	0	526
526	1	47
47	0	471
471	1	47
195	0	433
433	1	195
195	0	451
451	1	195
195	0	464
464	1	195
195	0	405
405	1	195
195	0	461
461	1	195
195	0	458
458	1	195
195	0	217
217	1	195
195	0	358
358	1	195
451	0	461
461	1	451
451	0	464
464	1	451
451	0	458
458	1	451
113	0	183
183	1	113
113	0	217
217	1	113
113	0	281
281	1	113
113	0	415
415	1	113
113	0	381
381	1	113
93	0	465
465	1	93
93	0	471
471	1	93
93	0	494
494	1	93
282	0	452
452	1	282
282	0	526
526	1	282
282	0	494
494	1	282
282	0	471
471	1	282
282	0	480
480	1	282
480	0	526
526	1	480
480	0	494
494	1	480
27	0	385
385	1	27
27	0	294
294	1	27
27	0	217
217	1	27
27	0	507
507	1	27
27	0	160
160	1	27
80	0	437
437	1	80
80	0	217
217	1	80
80	0	318
318	1	80
318	0	437
437	1	318
318	0	411
411	1	318
341	0	507
507	1	341
341	0	494
494	1	341
341	0	515
515	1	341
397	0	494
494	1	397
397	0	507
507	1	397
397	0	515
515	1	397
397	0	456
456	1	397
397	0	427
427	1	397
397	0	428
428	1	397
397	0	449
449	1	397
397	0	471
471	1	397
397	0	429
429	1	397
144	0	244
244	1	144
144	0	217
217	1	144
347	0	436
436	1	347
347	0	507
507	1	347
245	0	494
494	1	245
221	0	505
505	1	221
221	0	468
468	1	221
94	0	471
471	1	94
94	0	217
217	1	94
94	0	247
247	1	94
5	0	217
217	1	5
5	0	411
411	1	5
16	0	151
151	1	16
16	0	152
152	1	16
223	0	507
507	1	223
223	0	494
494	1	223
223	0	358
358	1	223
223	0	471
471	1	223
223	0	529
529	1	223
223	0	459
459	1	223
223	0	510
510	1	223
223	0	521
521	1	223
223	0	359
359	1	223
223	0	360
360	1	223
360	0	507
507	1	360
360	0	529
529	1	360
101	0	523
523	1	101
101	0	217
217	1	101
336	0	471
471	1	336
336	0	395
395	1	336
336	0	507
507	1	336
286	0	507
507	1	286
286	0	517
517	1	286
62	0	253
253	1	62
62	0	217
217	1	62
111	0	253
253	1	111
111	0	182
182	1	111
182	0	253
253	1	182
463	0	466
466	1	463
288	0	479
479	1	288
288	0	471
471	1	288
288	0	416
416	1	288
288	0	538
538	1	288
288	0	382
382	1	288
91	0	179
179	1	91
109	0	459
459	1	109
292	0	494
494	1	292
292	0	471
471	1	292
396	0	507
507	1	396
396	0	426
426	1	396
411	0	435
435	1	411
411	0	507
507	1	411
411	0	548
548	1	411
411	0	471
471	1	411
411	0	436
436	1	411
411	0	545
545	1	411
411	0	459
459	1	411
411	0	437
437	1	411
411	0	438
438	1	411
411	0	439
439	1	411
411	0	518
518	1	411
411	0	453
453	1	411
411	0	465
465	1	411
411	0	440
440	1	411
411	0	441
441	1	411
411	0	442
442	1	411
411	0	443
443	1	411
370	0	413
413	1	370
370	0	501
501	1	370
370	0	506
506	1	370
370	0	454
454	1	370
370	0	471
471	1	370
370	0	494
494	1	370
370	0	444
444	1	370
370	0	481
481	1	370
370	0	465
465	1	370
370	0	412
412	1	370
43	0	422
422	1	43
43	0	395
395	1	43
43	0	217
217	1	43
412	0	444
444	1	412
412	0	471
471	1	412
412	0	506
506	1	412
412	0	501
501	1	412
412	0	494
494	1	412
412	0	454
454	1	412
444	0	471
471	1	444
444	0	506
506	1	444
444	0	494
494	1	444
444	0	465
465	1	444
444	0	454
454	1	444
444	0	501
501	1	444
192	0	471
471	1	192
192	0	501
501	1	192
192	0	506
506	1	192
192	0	454
454	1	192
192	0	494
494	1	192
192	0	209
209	1	192
192	0	444
444	1	192
192	0	502
502	1	192
192	0	445
445	1	192
192	0	465
465	1	192
192	0	217
217	1	192
192	0	481
481	1	192
192	0	412
412	1	192
192	0	414
414	1	192
192	0	203
203	1	192
192	0	204
204	1	192
192	0	370
370	1	192
192	0	371
371	1	192
316	0	495
495	1	316
72	0	395
395	1	72
72	0	217
217	1	72
442	0	507
507	1	442
338	0	507
507	1	338
407	0	471
471	1	407
408	0	471
471	1	408
175	0	262
262	1	175
78	0	262
262	1	78
78	0	175
175	1	78
172	0	507
507	1	172
172	0	217
217	1	172
401	0	431
431	1	401
400	0	431
431	1	400
354	0	431
431	1	354
354	0	400
400	1	354
354	0	401
401	1	354
208	0	210
210	1	208
208	0	217
217	1	208
208	0	302
302	1	208
208	0	275
275	1	208
208	0	276
276	1	208
208	0	211
211	1	208
35	0	507
507	1	35
35	0	217
217	1	35
35	0	206
206	1	35
35	0	504
504	1	35
35	0	494
494	1	35
504	0	507
507	1	504
504	0	542
542	1	504
504	0	547
547	1	504
504	0	551
551	1	504
504	0	552
552	1	504
504	0	553
553	1	504
504	0	549
549	1	504
504	0	554
554	1	504
504	0	536
536	1	504
504	0	525
525	1	504
504	0	541
541	1	504
31	0	217
217	1	31
31	0	163
163	1	31
541	0	552
552	1	541
541	0	554
554	1	541
541	0	549
549	1	541
541	0	553
553	1	541
541	0	551
551	1	541
141	0	190
190	1	141
525	0	536
536	1	525
525	0	552
552	1	525
525	0	541
541	1	525
525	0	554
554	1	525
21	0	205
205	1	21
21	0	155
155	1	21
21	0	194
194	1	21
21	0	156
156	1	21
155	0	234
234	1	155
155	0	194
194	1	155
155	0	364
364	1	155
155	0	205
205	1	155
155	0	217
217	1	155
399	0	494
494	1	399
399	0	430
430	1	399
90	0	217
217	1	90
68	0	507
507	1	68
68	0	266
266	1	68
68	0	267
267	1	68
68	0	217
217	1	68
388	0	419
419	1	388
388	0	446
446	1	388
388	0	420
420	1	388
388	0	507
507	1	388
164	0	217
217	1	164
164	0	395
395	1	164
270	0	378
378	1	270
371	0	413
413	1	371
371	0	502
502	1	371
371	0	506
506	1	371
371	0	454
454	1	371
371	0	471
471	1	371
371	0	494
494	1	371
371	0	445
445	1	371
371	0	481
481	1	371
371	0	465
465	1	371
371	0	414
414	1	371
54	0	423
423	1	54
54	0	395
395	1	54
54	0	217
217	1	54
414	0	445
445	1	414
414	0	471
471	1	414
414	0	506
506	1	414
414	0	502
502	1	414
414	0	494
494	1	414
414	0	454
454	1	414
445	0	471
471	1	445
445	0	506
506	1	445
445	0	494
494	1	445
445	0	465
465	1	445
445	0	454
454	1	445
445	0	502
502	1	445
317	0	495
495	1	317
92	0	395
395	1	92
92	0	217
217	1	92
455	0	507
507	1	455
455	0	534
534	1	455
455	0	519
519	1	455
455	0	540
540	1	455
448	0	507
507	1	448
448	0	534
534	1	448
448	0	539
539	1	448
448	0	519
519	1	448
448	0	455
455	1	448
64	0	539
539	1	64
64	0	217
217	1	64
64	0	215
215	1	64
539	0	548
548	1	539
539	0	545
545	1	539
342	0	507
507	1	342
146	0	507
507	1	146
146	0	342
342	1	146
146	0	217
217	1	146
137	0	471
471	1	137
137	0	217
217	1	137
104	0	217
217	1	104
104	0	275
275	1	104
104	0	449
449	1	104
104	0	456
456	1	104
104	0	428
428	1	104
104	0	276
276	1	104
104	0	397
397	1	104
104	0	427
427	1	104
428	0	449
449	1	428
428	0	456
456	1	428
97	0	449
449	1	97
97	0	217
217	1	97
97	0	428
428	1	97
238	0	459
459	1	238
238	0	471
471	1	238
238	0	411
411	1	238
327	0	421
421	1	327
327	0	392
392	1	327
50	0	494
494	1	50
50	0	499
499	1	50
50	0	223
223	1	50
279	0	380
380	1	279
358	0	404
404	1	358
358	0	433
433	1	358
358	0	450
450	1	358
358	0	458
458	1	358
358	0	405
405	1	358
52	0	217
217	1	52
52	0	507
507	1	52
281	0	415
415	1	281
281	0	381
381	1	281
381	0	415
415	1	381
36	0	471
471	1	36
36	0	494
494	1	36
436	0	507
507	1	436
436	0	494
494	1	436
436	0	452
452	1	436
241	0	471
471	1	241
241	0	526
526	1	241
241	0	480
480	1	241
241	0	494
494	1	241
443	0	507
507	1	443
339	0	507
507	1	339
351	0	507
507	1	351
351	0	515
515	1	351
351	0	397
397	1	351
351	0	398
398	1	351
453	0	494
494	1	453
453	0	465
465	1	453
453	0	471
471	1	453
440	0	494
494	1	440
440	0	465
465	1	440
440	0	453
453	1	440
440	0	471
471	1	440
345	0	459
459	1	345
345	0	395
395	1	345
472	0	505
505	1	472
472	0	495
495	1	472
45	0	217
217	1	45
45	0	519
519	1	45
120	0	513
513	1	120
120	0	531
531	1	120
120	0	217
217	1	120
58	0	217
217	1	58
58	0	519
519	1	58
76	0	217
217	1	76
76	0	351
351	1	76
139	0	217
217	1	139
519	0	533
533	1	519
519	0	539
539	1	519
519	0	540
540	1	519
519	0	534
534	1	519
3	0	507
507	1	3
3	0	527
527	1	3
3	0	154
154	1	3
3	0	147
147	1	3
20	0	217
217	1	20
20	0	154
154	1	20
60	0	169
169	1	60
61	0	217
217	1	61
61	0	471
471	1	61
61	0	395
395	1	61
61	0	228
228	1	61
61	0	486
486	1	61
486	0	544
544	1	486
486	0	494
494	1	486
538	0	544
544	1	538
512	0	544
544	1	512
512	0	538
538	1	512
512	0	530
530	1	512
6	0	217
217	1	6
184	0	494
494	1	184
184	0	323
323	1	184
184	0	217
217	1	184
331	0	494
494	1	331
331	0	393
393	1	331
331	0	497
497	1	331
331	0	488
488	1	331
488	0	494
494	1	488
488	0	497
497	1	488
501	0	506
506	1	501
82	0	501
501	1	82
82	0	454
454	1	82
82	0	471
471	1	82
82	0	465
465	1	82
82	0	494
494	1	82
82	0	209
209	1	82
82	0	481
481	1	82
82	0	412
412	1	82
82	0	444
444	1	82
82	0	506
506	1	82
82	0	203
203	1	82
82	0	217
217	1	82
82	0	192
192	1	82
116	0	217
217	1	116
116	0	471
471	1	116
203	0	454
454	1	203
203	0	471
471	1	203
203	0	465
465	1	203
203	0	494
494	1	203
203	0	209
209	1	203
203	0	481
481	1	203
203	0	444
444	1	203
203	0	412
412	1	203
203	0	501
501	1	203
203	0	506
506	1	203
10	0	217
217	1	10
170	0	507
507	1	170
170	0	294
294	1	170
294	0	507
507	1	294
294	0	385
385	1	294
218	0	465
465	1	218
218	0	483
483	1	218
218	0	454
454	1	218
218	0	471
471	1	218
200	0	217
217	1	200
200	0	230
230	1	200
44	0	208
208	1	44
44	0	217
217	1	44
44	0	276
276	1	44
44	0	166
166	1	44
199	0	208
208	1	199
199	0	217
217	1	199
199	0	409
409	1	199
199	0	276
276	1	199
263	0	549
549	1	263
263	0	507
507	1	263
263	0	551
551	1	263
263	0	552
552	1	263
263	0	553
553	1	263
263	0	554
554	1	263
263	0	547
547	1	263
263	0	494
494	1	263
263	0	542
542	1	263
296	0	551
551	1	296
296	0	418
418	1	296
296	0	471
471	1	296
296	0	386
386	1	296
386	0	551
551	1	386
386	0	418
418	1	386
386	0	471
471	1	386
542	0	551
551	1	542
542	0	552
552	1	542
542	0	553
553	1	542
542	0	554
554	1	542
542	0	549
549	1	542
542	0	550
550	1	542
542	0	547
547	1	542
547	0	551
551	1	547
547	0	552
552	1	547
547	0	554
554	1	547
547	0	553
553	1	547
547	0	549
549	1	547
547	0	550
550	1	547
551	0	552
552	1	551
551	0	554
554	1	551
551	0	553
553	1	551
552	0	553
553	1	552
552	0	554
554	1	552
553	0	554
554	1	553
536	0	553
553	1	536
536	0	554
554	1	536
536	0	551
551	1	536
536	0	552
552	1	536
536	0	547
547	1	536
536	0	549
549	1	536
536	0	541
541	1	536
536	0	542
542	1	536
53	0	217
217	1	53
53	0	167
167	1	53
53	0	201
201	1	53
53	0	180
180	1	53
53	0	298
298	1	53
180	0	217
217	1	180
180	0	298
298	1	180
180	0	201
201	1	180
375	0	459
459	1	375
375	0	454
454	1	375
167	0	217
217	1	167
297	0	387
387	1	297
38	0	217
217	1	38
38	0	411
411	1	38
38	0	164
164	1	38
502	0	506
506	1	502
145	0	502
502	1	145
145	0	454
454	1	145
145	0	471
471	1	145
145	0	465
465	1	145
145	0	494
494	1	145
145	0	209
209	1	145
145	0	481
481	1	145
145	0	414
414	1	145
145	0	445
445	1	145
145	0	506
506	1	145
145	0	204
204	1	145
145	0	217
217	1	145
145	0	192
192	1	145
34	0	217
217	1	34
34	0	471
471	1	34
204	0	454
454	1	204
204	0	471
471	1	204
204	0	465
465	1	204
204	0	494
494	1	204
204	0	209
209	1	204
204	0	481
481	1	204
204	0	445
445	1	204
204	0	414
414	1	204
204	0	502
502	1	204
204	0	506
506	1	204
272	0	447
447	1	272
272	0	424
424	1	272
534	0	539
539	1	534
534	0	540
540	1	534
540	0	546
546	1	540
236	0	366
366	1	236
276	0	456
456	1	276
276	0	449
449	1	276
276	0	427
427	1	276
276	0	428
428	1	276
276	0	397
397	1	276
427	0	456
456	1	427
427	0	449
449	1	427
153	0	507
507	1	153
153	0	522
522	1	153
153	0	217
217	1	153
153	0	193
193	1	153
95	0	507
507	1	95
95	0	217
217	1	95
196	0	217
217	1	196
196	0	460
460	1	196
196	0	432
432	1	196
196	0	457
457	1	196
196	0	404
404	1	196
196	0	450
450	1	196
18	0	153
153	1	18
18	0	507
507	1	18
160	0	507
507	1	160
160	0	294
294	1	160
350	0	505
505	1	350
350	0	508
508	1	350
350	0	471
471	1	350
361	0	406
406	1	361
365	0	410
410	1	365
188	0	217
217	1	188
359	0	494
494	1	359
359	0	499
499	1	359
83	0	507
507	1	83
285	0	411
411	1	285
229	0	361
361	1	229
229	0	406
406	1	229
321	0	465
465	1	321
321	0	483
483	1	321
321	0	471
471	1	321
321	0	454
454	1	321
321	0	492
492	1	321
201	0	217
217	1	201
201	0	298
298	1	201
201	0	346
346	1	201
89	0	459
459	1	89
89	0	178
178	1	89
235	0	365
365	1	235
235	0	410
410	1	235
308	0	471
471	1	308
310	0	471
471	1	310
183	0	217
217	1	183
183	0	223
223	1	183
462	0	478
478	1	462
462	0	465
465	1	462
271	0	455
455	1	271
271	0	379
379	1	271
271	0	448
448	1	271
435	0	507
507	1	435
378	0	507
507	1	378
526	0	543
543	1	526
526	0	537
537	1	526
368	0	493
493	1	368
368	0	471
471	1	368
368	0	487
487	1	368
242	0	437
437	1	242
242	0	411
411	1	242
430	0	494
494	1	430
181	0	507
507	1	181
181	0	428
428	1	181
250	0	507
507	1	250
485	0	505
505	1	485
516	0	532
532	1	516
311	0	471
471	1	311
311	0	391
391	1	311
249	0	529
529	1	249
56	0	217
217	1	56
163	0	217
217	1	163
66	0	482
482	1	66
493	0	507
507	1	493
194	0	234
234	1	194
194	0	364
364	1	194
194	0	205
205	1	194
450	0	460
460	1	450
450	0	457
457	1	450
458	0	464
464	1	458
458	0	461
461	1	458
523	0	535
535	1	523
100	0	217
217	1	100
100	0	180
180	1	100
405	0	464
464	1	405
405	0	451
451	1	405
405	0	461
461	1	405
405	0	433
433	1	405
405	0	458
458	1	405
513	0	531
531	1	513
165	0	471
471	1	165
326	0	398
398	1	326
265	0	376
376	1	265
265	0	375
375	1	265
154	0	217
217	1	154
154	0	289
289	1	154
114	0	328
328	1	114
114	0	217
217	1	114
24	0	158
158	1	24
205	0	234
234	1	205
205	0	364
364	1	205
362	0	407
407	1	362
362	0	408
408	1	362
264	0	374
374	1	264
313	0	511
511	1	313
103	0	431
431	1	103
404	0	460
460	1	404
404	0	432
432	1	404
404	0	457
457	1	404
404	0	450
450	1	404
433	0	464
464	1	433
433	0	451
451	1	433
433	0	461
461	1	433
433	0	458
458	1	433
266	0	376
376	1	266
266	0	387
387	1	266
88	0	468
468	1	88
19	0	223
223	1	19
510	0	529
529	1	510
449	0	456
456	1	449
379	0	455
455	1	379
289	0	383
383	1	289
315	0	507
507	1	315
237	0	494
494	1	237
191	0	202
202	1	191
57	0	217
217	1	57
39	0	217
217	1	39
382	0	471
471	1	382
382	0	416
416	1	382
257	0	369
369	1	257
257	0	411
411	1	257
340	0	394
394	1	340
67	0	217
217	1	67
46	0	217
217	1	46
495	0	505
505	1	495
416	0	471
471	1	416
130	0	217
217	1	130
357	0	485
485	1	357
248	0	531
531	1	248
248	0	513
513	1	248
128	0	217
217	1	128
259	0	370
370	1	259
259	0	371
371	1	259
259	0	372
372	1	259
259	0	373
373	1	259
537	0	543
543	1	537
383	0	417
417	1	383
369	0	411
411	1	369
268	0	377
377	1	268
228	0	530
530	1	228
231	0	362
362	1	231
530	0	538
538	1	530
475	0	489
489	1	475
363	0	409
409	1	363
363	0	434
434	1	363
392	0	421
421	1	392
409	0	434
434	1	409
25	0	217
217	1	25
25	0	171
171	1	25
17	0	217
217	1	17
17	0	172
172	1	17
147	0	527
527	1	147
147	0	507
507	1	147
415	0	465
465	1	415
355	0	402
402	1	355
12	0	148
148	1	12
12	0	149
149	1	12
142	0	217
217	1	142
171	0	217
217	1	171
75	0	173
173	1	75
293	0	384
384	1	293
301	0	389
389	1	301
123	0	507
507	1	123
225	0	441
441	1	225
225	0	411
411	1	225
303	0	428
428	1	303
233	0	363
363	1	233
487	0	493
493	1	487
304	0	390
390	1	304
520	0	548
548	1	520
37	0	217
217	1	37
37	0	395
395	1	37
505	0	508
508	1	505
483	0	491
491	1	483
447	0	539
539	1	447
419	0	446
446	1	419
234	0	364
364	1	234
457	0	460
460	1	457
461	0	464
464	1	461
474	0	494
494	1	474
136	0	189
189	1	136
246	0	367
367	1	246
420	0	446
446	1	420
251	0	478
478	1	251
324	0	402
402	1	324
