27	0	42
42	1	27
42	0	96
96	1	42
42	0	88
88	1	42
42	0	86
86	1	42
42	0	100
100	1	42
42	0	73
73	1	42
42	0	75
75	1	42
42	0	87
87	1	42
42	0	43
43	1	42
42	0	93
93	1	42
42	0	99
99	1	42
42	0	98
98	1	42
42	0	44
44	1	42
42	0	70
70	1	42
42	0	45
45	1	42
42	0	85
85	1	42
42	0	46
46	1	42
42	0	101
101	1	42
42	0	80
80	1	42
42	0	90
90	1	42
42	0	97
97	1	42
42	0	47
47	1	42
42	0	81
81	1	42
42	0	48
48	1	42
42	0	49
49	1	42
42	0	50
50	1	42
42	0	51
51	1	42
42	0	52
52	1	42
42	0	53
53	1	42
42	0	54
54	1	42
42	0	55
55	1	42
42	0	56
56	1	42
42	0	94
94	1	42
42	0	57
57	1	42
42	0	71
71	1	42
42	0	58
58	1	42
42	0	59
59	1	42
42	0	60
60	1	42
42	0	61
61	1	42
42	0	78
78	1	42
42	0	62
62	1	42
42	0	74
74	1	42
42	0	63
63	1	42
42	0	84
84	1	42
42	0	95
95	1	42
42	0	77
77	1	42
42	0	64
64	1	42
42	0	65
65	1	42
42	0	66
66	1	42
42	0	67
67	1	42
42	0	68
68	1	42
42	0	69
69	1	42
26	0	68
68	1	26
26	0	42
42	1	26
26	0	92
92	1	26
26	0	79
79	1	26
26	0	64
64	1	26
26	0	80
80	1	26
33	0	41
41	1	33
33	0	39
39	1	33
33	0	37
37	1	33
37	0	39
39	1	37
37	0	41
41	1	37
37	0	76
76	1	37
22	0	39
39	1	22
22	0	41
41	1	22
22	0	76
76	1	22
22	0	37
37	1	22
22	0	33
33	1	22
90	0	97
97	1	90
73	0	87
87	1	73
73	0	88
88	1	73
47	0	87
87	1	47
47	0	73
73	1	47
2	0	42
42	1	2
2	0	92
92	1	2
2	0	79
79	1	2
2	0	64
64	1	2
2	0	80
80	1	2
2	0	26
26	1	2
38	0	42
42	1	38
38	0	40
40	1	38
25	0	42
42	1	25
25	0	73
73	1	25
32	0	40
40	1	32
32	0	42
42	1	32
32	0	36
36	1	32
21	0	40
40	1	21
21	0	42
42	1	21
21	0	69
69	1	21
21	0	36
36	1	21
21	0	32
32	1	21
24	0	42
42	1	24
24	0	43
43	1	24
81	0	98
98	1	81
81	0	99
99	1	81
81	0	93
93	1	81
20	0	42
42	1	20
20	0	51
51	1	20
13	0	56
56	1	13
13	0	55
55	1	13
13	0	42
42	1	13
3	0	42
42	1	3
3	0	53
53	1	3
3	0	56
56	1	3
3	0	74
74	1	3
11	0	42
42	1	11
11	0	63
63	1	11
11	0	100
100	1	11
34	0	42
42	1	34
12	0	46
46	1	12
12	0	42
42	1	12
88	0	100
100	1	88
88	0	96
96	1	88
39	0	76
76	1	39
39	0	41
41	1	39
7	0	96
96	1	7
7	0	42
42	1	7
75	0	90
90	1	75
75	0	97
97	1	75
66	0	93
93	1	66
66	0	99
99	1	66
66	0	81
81	1	66
66	0	98
98	1	66
4	0	48
48	1	4
4	0	42
42	1	4
4	0	66
66	1	4
96	0	100
100	1	96
74	0	89
89	1	74
67	0	100
100	1	67
8	0	42
42	1	8
8	0	46
46	1	8
8	0	86
86	1	8
8	0	71
71	1	8
8	0	27
27	1	8
8	0	28
28	1	8
64	0	92
92	1	64
64	0	79
79	1	64
64	0	80
80	1	64
36	0	42
42	1	36
36	0	40
40	1	36
36	0	38
38	1	36
40	0	42
42	1	40
49	0	73
73	1	49
10	0	42
42	1	10
15	0	100
100	1	15
15	0	42
42	1	15
15	0	95
95	1	15
15	0	101
101	1	15
15	0	71
71	1	15
15	0	58
58	1	15
15	0	70
70	1	15
70	0	94
94	1	70
70	0	83
83	1	70
70	0	95
95	1	70
70	0	84
84	1	70
70	0	85
85	1	70
23	0	94
94	1	23
23	0	83
83	1	23
23	0	42
42	1	23
23	0	34
34	1	23
23	0	70
70	1	23
58	0	101
101	1	58
58	0	100
100	1	58
16	0	82
82	1	16
16	0	42
42	1	16
46	0	86
86	1	46
46	0	71
71	1	46
46	0	72
72	1	46
9	0	52
52	1	9
9	0	42
42	1	9
61	0	78
78	1	61
71	0	86
86	1	71
71	0	95
95	1	71
60	0	76
76	1	60
60	0	77
77	1	60
78	0	91
91	1	78
28	0	86
86	1	28
28	0	42
42	1	28
28	0	71
71	1	28
100	0	101
101	1	100
30	0	42
42	1	30
59	0	77
77	1	59
59	0	75
75	1	59
83	0	94
94	1	83
85	0	94
94	1	85
85	0	95
95	1	85
57	0	94
94	1	57
79	0	92
92	1	79
56	0	74
74	1	56
93	0	98
98	1	93
93	0	99
99	1	93
45	0	85
85	1	45
45	0	70
70	1	45
65	0	95
95	1	65
69	0	82
82	1	69
17	0	29
29	1	17
18	0	35
35	1	18
18	0	30
30	1	18
18	0	31
31	1	18
84	0	95
95	1	84
31	0	35
35	1	31
