2	4	0
2	4	1
2	4	2
2	4	3
2	10	4
2	10	5
4	6	6
4	14	7
5	43	8
5	5	9
5	6	10
6	13	11
6	13	12
6	12	13
10	42	19
10	46	20
10	41	21
11	48	22
12	13	23
12	12	9
14	48	24
14	41	25
14	46	26
17	37	29
17	36	30
18	6	31
18	14	32
19	10	33
19	9	34
20	3	35
20	9	36
21	48	37
22	3	38
24	4	39
24	10	40
24	9	9
26	10	42
26	9	43
27	68	44
27	68	45
28	35	46
28	35	47
28	17	48
28	40	49
29	4	50
29	9	51
32	14	55
34	72	56
34	87	57
35	6	58
36	52	59
37	6	60
37	14	61
37	5	62
38	48	10
38	42	63
39	11	64
40	6	10
44	14	71
44	6	10
45	13	72
45	12	73
46	18	74
46	4	75
47	10	76
47	3	77
48	62	78
49	4	79
49	10	80
51	10	83
51	4	84
51	4	85
53	10	89
53	3	90
54	4	91
54	3	29
54	9	92
55	13	56
55	11	57
56	42	19
56	46	93
56	41	94
57	4	95
57	4	96
57	10	97
57	9	98
58	10	99
58	4	100
58	9	29
58	3	101
59	6	102
59	43	103
59	43	104
59	14	105
60	4	106
60	10	107
62	6	109
65	13	111
65	12	112
66	28	113
66	28	114
67	69	115
68	42	10
68	46	116
69	5	9
70	4	39
70	10	117
70	9	36
71	7	46
71	68	87
71	68	118
71	8	119
72	27	120
74	6	121
74	43	122
74	43	123
75	13	124
76	42	10
77	14	125
78	18	83
78	10	126
79	6	10
80	18	127
80	4	91
80	9	128
81	10	129
81	3	130
81	4	96
81	9	131
82	6	109
82	14	132
83	9	133
83	3	115
84	10	116
84	9	134
86	11	10
86	13	135
88	18	46
88	10	136
88	9	137
89	103	50
90	68	138
90	7	10
90	8	139
90	127	140
91	7	10
91	68	141
92	7	10
92	68	142
92	68	143
93	35	10
93	17	89
95	19	144
95	19	109
96	43	145
96	14	132
98	9	139
98	10	146
99	68	142
99	68	143
99	7	10
100	10	147
100	9	148
100	9	149
101	18	10
101	10	150
101	9	9
102	18	10
102	10	151
102	9	152
103	18	10
103	10	153
103	9	154
104	18	10
104	4	155
104	4	156
104	10	26
105	18	157
105	18	10
105	10	158
105	9	159
106	28	160
106	71	161
107	28	162
107	28	163
108	18	10
108	10	116
108	9	149
109	18	10
109	10	164
109	9	165
110	14	146
110	14	166
110	6	10
110	43	140
110	43	167
110	43	168
111	6	10
112	6	10
113	6	9
113	6	10
113	14	10
114	41	25
114	46	26
115	24	169
115	24	83
115	24	170
115	24	74
115	24	171
115	24	127
115	24	19
115	24	172
115	24	173
115	24	46
115	24	174
115	24	10
115	24	175
115	24	176
115	24	177
115	24	178
115	24	179
115	24	180
115	24	181
115	24	182
115	24	183
115	24	184
115	24	185
115	24	186
115	15	55
115	15	187
115	15	188
115	15	189
115	15	190
115	15	191
115	15	192
115	15	193
115	15	194
115	15	2
115	15	11
115	15	171
115	15	19
115	15	172
115	15	195
115	15	196
115	15	39
115	15	197
115	15	198
115	15	199
115	15	200
115	15	201
115	15	202
115	15	203
115	15	204
115	15	46
115	15	30
115	15	205
115	15	206
115	15	10
115	15	91
115	15	207
115	15	208
115	15	209
115	15	210
115	15	211
115	15	212
115	15	213
115	15	214
115	15	215
115	15	216
115	15	217
115	15	218
115	15	12
115	15	0
115	15	42
115	15	219
115	15	220
115	16	221
115	16	222
115	16	77
115	16	223
115	16	224
115	16	9
115	16	225
115	16	226
115	16	227
115	16	228
115	16	229
115	16	230
115	16	231
115	16	232
115	16	233
115	16	234
115	16	235
115	16	236
115	16	237
115	16	238
115	16	13
115	16	239
115	16	240
115	16	231
115	16	221
115	16	189
115	16	241
115	16	242
115	16	243
115	26	244
115	26	245
115	26	246
115	26	247
115	26	117
115	26	150
115	26	248
115	26	249
115	26	250
115	26	251
115	26	252
115	25	246
115	25	117
115	25	253
115	25	254
115	25	255
115	16	256
115	16	257
115	16	258
117	6	10
118	61	174
118	53	235
118	103	259
119	13	209
121	13	260
122	13	261
122	13	262
123	28	263
123	28	264
124	10	265
125	32	266
125	32	267
126	10	268
126	3	269
127	10	171
128	6	19
128	14	219
128	14	270
129	2	217
129	118	250
130	48	10
131	64	10
132	87	19
132	87	271
132	72	74
132	72	272
132	72	273
132	73	274
132	73	234
133	6	83
133	14	126
134	45	19
134	67	232
135	20	275
136	18	276
136	9	62
137	20	277
138	74	10
138	62	10
139	13	278
141	49	197
141	49	42
141	59	43
142	6	279
143	5	137
144	13	280
145	13	281
146	43	145
146	14	132
146	6	144
147	14	216
147	6	10
148	13	282
149	10	283
149	9	284
150	13	285
151	68	286
151	68	287
152	10	288
152	3	289
152	9	290
154	72	99
155	13	291
155	13	292
156	4	293
156	10	294
156	3	295
157	6	146
157	6	10
157	43	140
157	43	296
157	43	297
157	14	138
158	18	298
158	4	299
158	4	300
158	9	301
159	10	207
159	3	229
160	4	85
160	10	78
160	10	171
160	3	225
160	3	302
161	34	217
162	13	172
163	34	217
163	34	200
164	28	303
165	5	9
165	5	229
165	5	304
166	20	305
167	28	19
167	28	306
168	10	277
168	9	307
169	6	308
170	13	191
170	13	197
171	10	309
171	9	9
172	18	212
172	10	310
173	6	280
173	43	311
173	43	312
173	14	313
174	6	281
174	43	314
174	43	315
174	14	316
175	43	145
175	14	317
176	13	318
176	11	319
177	10	283
177	9	98
177	9	29
178	52	320
178	53	321
179	10	322
179	9	323
181	42	324
181	42	325
181	46	294
181	46	326
181	46	293
181	41	295
181	70	327
182	6	146
183	13	166
183	11	10
184	20	207
186	49	328
186	49	172
186	49	329
187	20	330
188	44	9
189	18	305
190	4	331
190	10	85
190	9	256
191	9	332
192	10	277
192	3	307
192	9	333
193	28	334
194	10	283
194	9	29
195	28	335
195	28	336
196	9	13
196	18	337
197	6	329
197	14	338
199	12	13
199	13	337
200	6	339
200	14	329
201	19	337
201	20	340
