37	0	44
44	1	37
37	0	39
39	1	37
35	0	41
41	1	35
35	0	44
44	1	35
35	0	46
46	1	35
35	0	37
37	1	35
35	0	42
42	1	35
39	0	41
41	1	39
39	0	44
44	1	39
39	0	46
46	1	39
39	0	42
42	1	39
16	0	25
25	1	16
25	0	28
28	1	25
25	0	31
31	1	25
25	0	35
35	1	25
25	0	44
44	1	25
25	0	37
37	1	25
25	0	46
46	1	25
25	0	42
42	1	25
25	0	39
39	1	25
44	0	45
45	1	44
44	0	46
46	1	44
44	0	47
47	1	44
44	0	48
48	1	44
44	0	49
49	1	44
13	0	23
23	1	13
4	0	23
23	1	4
17	0	37
37	1	17
3	0	23
23	1	3
11	0	19
19	1	11
11	0	20
20	1	11
19	0	34
34	1	19
19	0	29
29	1	19
19	0	36
36	1	19
19	0	38
38	1	19
19	0	43
43	1	19
19	0	26
26	1	19
19	0	32
32	1	19
19	0	40
40	1	19
2	0	25
25	1	2
2	0	28
28	1	2
2	0	35
35	1	2
2	0	39
39	1	2
2	0	44
44	1	2
2	0	46
46	1	2
2	0	37
37	1	2
2	0	42
42	1	2
2	0	17
17	1	2
28	0	44
44	1	28
28	0	46
46	1	28
28	0	37
37	1	28
28	0	35
35	1	28
28	0	31
31	1	28
28	0	42
42	1	28
28	0	39
39	1	28
29	0	32
32	1	29
29	0	40
40	1	29
29	0	43
43	1	29
29	0	36
36	1	29
29	0	38
38	1	29
29	0	33
33	1	29
29	0	34
34	1	29
26	0	29
29	1	26
26	0	43
43	1	26
26	0	38
38	1	26
26	0	36
36	1	26
26	0	32
32	1	26
26	0	40
40	1	26
36	0	40
40	1	36
36	0	43
43	1	36
36	0	38
38	1	36
38	0	43
43	1	38
38	0	40
40	1	38
33	0	43
43	1	33
34	0	36
36	1	34
34	0	38
38	1	34
34	0	43
43	1	34
12	0	21
21	1	12
12	0	22
22	1	12
32	0	43
43	1	32
32	0	40
40	1	32
32	0	36
36	1	32
40	0	43
43	1	40
31	0	41
41	1	31
31	0	35
35	1	31
14	0	38
38	1	14
14	0	24
24	1	14
14	0	27
27	1	14
14	0	30
30	1	14
24	0	38
38	1	24
24	0	27
27	1	24
24	0	30
30	1	24
27	0	38
38	1	27
27	0	30
30	1	27
30	0	38
38	1	30
42	0	44
44	1	42
6	0	18
18	1	6
20	0	33
33	1	20
10	0	21
21	1	10
47	0	48
48	1	47
47	0	49
49	1	47
48	0	49
49	1	48
