65	0	78
78	1	65
65	0	75
75	1	65
65	0	133
133	1	65
65	0	126
126	1	65
65	0	103
103	1	65
65	0	160
160	1	65
65	0	171
171	1	65
65	0	96
96	1	65
65	0	76
76	1	65
65	0	113
113	1	65
65	0	80
80	1	65
93	0	153
153	1	93
93	0	123
123	1	93
93	0	163
163	1	93
14	0	56
56	1	14
14	0	78
78	1	14
14	0	91
91	1	14
56	0	78
78	1	56
56	0	91
91	1	56
56	0	140
140	1	56
56	0	122
122	1	56
56	0	152
152	1	56
68	0	78
78	1	68
68	0	143
143	1	68
68	0	142
142	1	68
68	0	154
154	1	68
68	0	125
125	1	68
68	0	95
95	1	68
78	0	144
144	1	78
78	0	127
127	1	78
78	0	169
169	1	78
78	0	80
80	1	78
78	0	137
137	1	78
78	0	143
143	1	78
78	0	81
81	1	78
78	0	82
82	1	78
78	0	83
83	1	78
78	0	84
84	1	78
78	0	151
151	1	78
78	0	161
161	1	78
78	0	139
139	1	78
78	0	117
117	1	78
78	0	150
150	1	78
78	0	165
165	1	78
78	0	131
131	1	78
78	0	118
118	1	78
78	0	156
156	1	78
78	0	145
145	1	78
78	0	140
140	1	78
78	0	122
122	1	78
78	0	152
152	1	78
78	0	129
129	1	78
78	0	171
171	1	78
78	0	173
173	1	78
78	0	175
175	1	78
78	0	155
155	1	78
78	0	167
167	1	78
78	0	85
85	1	78
78	0	121
121	1	78
78	0	86
86	1	78
78	0	115
115	1	78
78	0	174
174	1	78
78	0	87
87	1	78
78	0	88
88	1	78
78	0	119
119	1	78
78	0	120
120	1	78
78	0	149
149	1	78
78	0	89
89	1	78
78	0	160
160	1	78
78	0	172
172	1	78
78	0	182
182	1	78
78	0	183
183	1	78
78	0	159
159	1	78
78	0	184
184	1	78
78	0	90
90	1	78
78	0	128
128	1	78
78	0	91
91	1	78
78	0	146
146	1	78
78	0	157
157	1	78
78	0	176
176	1	78
78	0	92
92	1	78
78	0	93
93	1	78
78	0	123
123	1	78
78	0	163
163	1	78
78	0	94
94	1	78
78	0	142
142	1	78
78	0	95
95	1	78
78	0	96
96	1	78
78	0	168
168	1	78
78	0	170
170	1	78
78	0	166
166	1	78
78	0	97
97	1	78
78	0	153
153	1	78
78	0	98
98	1	78
78	0	99
99	1	78
78	0	130
130	1	78
78	0	100
100	1	78
78	0	133
133	1	78
78	0	147
147	1	78
78	0	136
136	1	78
78	0	162
162	1	78
78	0	113
113	1	78
78	0	101
101	1	78
78	0	148
148	1	78
78	0	125
125	1	78
78	0	102
102	1	78
78	0	138
138	1	78
78	0	126
126	1	78
78	0	103
103	1	78
78	0	154
154	1	78
78	0	104
104	1	78
78	0	105
105	1	78
78	0	106
106	1	78
78	0	107
107	1	78
78	0	108
108	1	78
78	0	109
109	1	78
78	0	110
110	1	78
78	0	111
111	1	78
78	0	112
112	1	78
85	0	121
121	1	85
59	0	78
78	1	59
59	0	86
86	1	59
59	0	99
99	1	59
21	0	78
78	1	21
21	0	99
99	1	21
21	0	86
86	1	21
21	0	59
59	1	21
45	0	80
80	1	45
45	0	115
115	1	45
45	0	78
78	1	45
94	0	124
124	1	94
2	0	184
184	1	2
2	0	172
172	1	2
37	0	78
78	1	37
80	0	113
113	1	80
80	0	114
114	1	80
80	0	115
115	1	80
80	0	133
133	1	80
80	0	149
149	1	80
80	0	116
116	1	80
80	0	137
137	1	80
80	0	161
161	1	80
80	0	139
139	1	80
80	0	117
117	1	80
80	0	150
150	1	80
80	0	170
170	1	80
80	0	168
168	1	80
80	0	169
169	1	80
80	0	171
171	1	80
80	0	179
179	1	80
80	0	178
178	1	80
80	0	180
180	1	80
80	0	181
181	1	80
80	0	166
166	1	80
80	0	176
176	1	80
80	0	182
182	1	80
80	0	136
136	1	80
80	0	167
167	1	80
80	0	164
164	1	80
41	0	78
78	1	41
41	0	83
83	1	41
41	0	119
119	1	41
41	0	89
89	1	41
43	0	67
67	1	43
136	0	149
149	1	136
136	0	172
172	1	136
136	0	182
182	1	136
136	0	183
183	1	136
136	0	159
159	1	136
136	0	184
184	1	136
96	0	151
151	1	96
96	0	161
161	1	96
96	0	139
139	1	96
96	0	160
160	1	96
96	0	126
126	1	96
117	0	150
150	1	117
117	0	168
168	1	117
117	0	170
170	1	117
117	0	166
166	1	117
117	0	161
161	1	117
117	0	139
139	1	117
172	0	182
182	1	172
172	0	183
183	1	172
172	0	184
184	1	172
172	0	174
174	1	172
172	0	175
175	1	172
105	0	146
146	1	105
105	0	129
129	1	105
148	0	169
169	1	148
148	0	172
172	1	148
148	0	164
164	1	148
148	0	158
158	1	148
134	0	169
169	1	134
134	0	179
179	1	134
134	0	178
178	1	134
134	0	181
181	1	134
134	0	171
171	1	134
134	0	182
182	1	134
134	0	148
148	1	134
134	0	164
164	1	134
132	0	169
169	1	132
132	0	181
181	1	132
132	0	178
178	1	132
132	0	179
179	1	132
132	0	182
182	1	132
132	0	164
164	1	132
132	0	147
147	1	132
132	0	171
171	1	132
132	0	180
180	1	132
132	0	148
148	1	132
132	0	167
167	1	132
51	0	169
169	1	51
51	0	164
164	1	51
51	0	171
171	1	51
51	0	176
176	1	51
51	0	179
179	1	51
51	0	178
178	1	51
51	0	180
180	1	51
51	0	181
181	1	51
51	0	182
182	1	51
51	0	158
158	1	51
51	0	132
132	1	51
51	0	134
134	1	51
51	0	167
167	1	51
51	0	147
147	1	51
51	0	80
80	1	51
51	0	135
135	1	51
147	0	157
157	1	147
25	0	179
179	1	25
25	0	180
180	1	25
25	0	178
178	1	25
54	0	172
172	1	54
54	0	92
92	1	54
54	0	169
169	1	54
54	0	77
77	1	54
54	0	175
175	1	54
54	0	78
78	1	54
54	0	71
71	1	54
54	0	72
72	1	54
22	0	93
93	1	22
22	0	123
123	1	22
22	0	153
153	1	22
22	0	141
141	1	22
22	0	78
78	1	22
22	0	163
163	1	22
22	0	162
162	1	22
141	0	153
153	1	141
141	0	162
162	1	141
98	0	155
155	1	98
98	0	144
144	1	98
98	0	127
127	1	98
12	0	116
116	1	12
16	0	115
115	1	16
58	0	94
94	1	58
58	0	124
124	1	58
58	0	74
74	1	58
109	0	174
174	1	109
109	0	172
172	1	109
109	0	182
182	1	109
109	0	183
183	1	109
109	0	159
159	1	109
109	0	184
184	1	109
109	0	149
149	1	109
104	0	174
174	1	104
11	0	174
174	1	11
11	0	172
172	1	11
3	0	143
143	1	3
3	0	142
142	1	3
3	0	125
125	1	3
3	0	68
68	1	3
3	0	95
95	1	3
3	0	46
46	1	3
3	0	78
78	1	3
46	0	142
142	1	46
46	0	125
125	1	46
46	0	68
68	1	46
36	0	64
64	1	36
130	0	154
154	1	130
75	0	126
126	1	75
75	0	113
113	1	75
19	0	65
65	1	19
84	0	120
120	1	84
114	0	149
149	1	114
114	0	136
136	1	114
76	0	78
78	1	76
76	0	103
103	1	76
160	0	165
165	1	160
35	0	78
78	1	35
35	0	63
63	1	35
63	0	78
78	1	63
63	0	160
160	1	63
33	0	172
172	1	33
33	0	182
182	1	33
33	0	183
183	1	33
33	0	159
159	1	33
33	0	149
149	1	33
33	0	184
184	1	33
159	0	172
172	1	159
159	0	184
184	1	159
159	0	183
183	1	159
28	0	78
78	1	28
28	0	97
97	1	28
82	0	118
118	1	82
6	0	118
118	1	6
6	0	82
82	1	6
6	0	78
78	1	6
27	0	78
78	1	27
27	0	156
156	1	27
27	0	128
128	1	27
27	0	145
145	1	27
27	0	102
102	1	27
27	0	60
60	1	27
27	0	61
61	1	27
60	0	78
78	1	60
60	0	156
156	1	60
60	0	128
128	1	60
60	0	145
145	1	60
60	0	102
102	1	60
102	0	156
156	1	102
102	0	128
128	1	102
102	0	145
145	1	102
61	0	156
156	1	61
61	0	78
78	1	61
61	0	128
128	1	61
61	0	145
145	1	61
61	0	102
102	1	61
145	0	156
156	1	145
13	0	78
78	1	13
13	0	73
73	1	13
13	0	55
55	1	13
44	0	78
78	1	44
44	0	140
140	1	44
44	0	73
73	1	44
44	0	152
152	1	44
44	0	122
122	1	44
129	0	146
146	1	129
8	0	158
158	1	8
8	0	164
164	1	8
8	0	169
169	1	8
8	0	134
134	1	8
8	0	171
171	1	8
8	0	176
176	1	8
8	0	179
179	1	8
8	0	178
178	1	8
8	0	180
180	1	8
8	0	181
181	1	8
8	0	182
182	1	8
8	0	80
80	1	8
8	0	167
167	1	8
8	0	50
50	1	8
8	0	132
132	1	8
8	0	113
113	1	8
8	0	135
135	1	8
8	0	51
51	1	8
164	0	169
169	1	164
164	0	179
179	1	164
164	0	178
178	1	164
164	0	181
181	1	164
164	0	182
182	1	164
164	0	171
171	1	164
164	0	176
176	1	164
164	0	180
180	1	164
164	0	167
167	1	164
15	0	157
157	1	15
15	0	169
169	1	15
15	0	147
147	1	15
135	0	179
179	1	135
135	0	178
178	1	135
135	0	180
180	1	135
135	0	181
181	1	135
135	0	182
182	1	135
135	0	169
169	1	135
135	0	167
167	1	135
135	0	176
176	1	135
10	0	172
172	1	10
10	0	71
71	1	10
10	0	169
169	1	10
10	0	175
175	1	10
10	0	77
77	1	10
10	0	72
72	1	10
10	0	54
54	1	10
123	0	153
153	1	123
123	0	163
163	1	123
123	0	141
141	1	123
163	0	175
175	1	163
40	0	162
162	1	40
72	0	79
79	1	72
72	0	172
172	1	72
72	0	175
175	1	72
72	0	77
77	1	72
72	0	169
169	1	72
9	0	52
52	1	9
9	0	53
53	1	9
144	0	155
155	1	144
144	0	169
169	1	144
127	0	155
155	1	127
127	0	169
169	1	127
127	0	144
144	1	127
62	0	78
78	1	62
62	0	167
167	1	62
31	0	78
78	1	31
31	0	167
167	1	31
31	0	62
62	1	31
95	0	142
142	1	95
95	0	143
143	1	95
95	0	125
125	1	95
125	0	142
142	1	125
125	0	154
154	1	125
125	0	143
143	1	125
20	0	142
142	1	20
20	0	95
95	1	20
20	0	101
101	1	20
20	0	110
110	1	20
142	0	154
154	1	142
4	0	78
78	1	4
4	0	80
80	1	4
4	0	126
126	1	4
4	0	161
161	1	4
4	0	139
139	1	4
4	0	160
160	1	4
4	0	65
65	1	4
4	0	170
170	1	4
4	0	168
168	1	4
4	0	117
117	1	4
4	0	150
150	1	4
4	0	166
166	1	4
4	0	96
96	1	4
39	0	65
65	1	39
39	0	66
66	1	39
149	0	172
172	1	149
149	0	182
182	1	149
149	0	183
183	1	149
149	0	159
159	1	149
149	0	184
184	1	149
182	0	184
184	1	182
182	0	183
183	1	182
183	0	184
184	1	183
55	0	78
78	1	55
55	0	91
91	1	55
55	0	73
73	1	55
158	0	171
171	1	158
158	0	176
176	1	158
158	0	179
179	1	158
158	0	178
178	1	158
158	0	181
181	1	158
158	0	182
182	1	158
158	0	169
169	1	158
158	0	180
180	1	158
158	0	164
164	1	158
113	0	169
169	1	113
113	0	132
132	1	113
113	0	171
171	1	113
113	0	179
179	1	113
113	0	178
178	1	113
113	0	181
181	1	113
113	0	182
182	1	113
113	0	180
180	1	113
113	0	167
167	1	113
113	0	133
133	1	113
113	0	157
157	1	113
113	0	176
176	1	113
113	0	164
164	1	113
113	0	134
134	1	113
113	0	135
135	1	113
113	0	158
158	1	113
169	0	181
181	1	169
169	0	171
171	1	169
169	0	172
172	1	169
169	0	179
179	1	169
169	0	178
178	1	169
169	0	180
180	1	169
169	0	182
182	1	169
169	0	176
176	1	169
171	0	179
179	1	171
171	0	178
178	1	171
171	0	180
180	1	171
171	0	181
181	1	171
171	0	182
182	1	171
171	0	173
173	1	171
176	0	179
179	1	176
176	0	181
181	1	176
176	0	182
182	1	176
176	0	177
177	1	176
176	0	180
180	1	176
176	0	178
178	1	176
167	0	179
179	1	167
167	0	180
180	1	167
167	0	169
169	1	167
167	0	171
171	1	167
167	0	181
181	1	167
167	0	176
176	1	167
167	0	178
178	1	167
167	0	182
182	1	167
179	0	181
181	1	179
179	0	182
182	1	179
179	0	180
180	1	179
71	0	172
172	1	71
71	0	77
77	1	71
77	0	172
172	1	77
77	0	175
175	1	77
77	0	79
79	1	77
90	0	184
184	1	90
90	0	159
159	1	90
90	0	149
149	1	90
90	0	172
172	1	90
90	0	183
183	1	90
90	0	182
182	1	90
90	0	136
136	1	90
42	0	182
182	1	42
111	0	131
131	1	111
116	0	137
137	1	116
116	0	138
138	1	116
23	0	138
138	1	23
23	0	169
169	1	23
23	0	112
112	1	23
23	0	78
78	1	23
178	0	181
181	1	178
178	0	179
179	1	178
178	0	182
182	1	178
178	0	180
180	1	178
50	0	182
182	1	50
50	0	167
167	1	50
50	0	80
80	1	50
18	0	116
116	1	18
18	0	58
58	1	18
26	0	78
78	1	26
26	0	142
142	1	26
162	0	175
175	1	162
79	0	148
148	1	79
150	0	160
160	1	150
150	0	168
168	1	150
150	0	170
170	1	150
150	0	166
166	1	150
48	0	69
69	1	48
17	0	57
57	1	17
110	0	130
130	1	110
139	0	170
170	1	139
139	0	168
168	1	139
139	0	166
166	1	139
139	0	161
161	1	139
139	0	150
150	1	139
139	0	151
151	1	139
173	0	176
176	1	173
38	0	149
149	1	38
38	0	120
120	1	38
112	0	138
138	1	112
112	0	169
169	1	112
140	0	152
152	1	140
83	0	119
119	1	83
180	0	181
181	1	180
180	0	182
182	1	180
91	0	152
152	1	91
91	0	122
122	1	91
91	0	140
140	1	91
29	0	78
78	1	29
34	0	148
148	1	34
34	0	79
79	1	34
34	0	78
78	1	34
5	0	47
47	1	5
153	0	162
162	1	153
153	0	163
163	1	153
166	0	170
170	1	166
166	0	168
168	1	166
100	0	144
144	1	100
74	0	115
115	1	74
161	0	170
170	1	161
161	0	168
168	1	161
161	0	166
166	1	161
126	0	160
160	1	126
106	0	138
138	1	106
151	0	161
161	1	151
128	0	145
145	1	128
7	0	70
70	1	7
7	0	48
48	1	7
7	0	49
49	1	7
168	0	170
170	1	168
122	0	140
140	1	122
122	0	152
152	1	122
181	0	182
182	1	181
49	0	70
70	1	49
