15	0	27
27	1	15
15	0	16
16	1	15
15	0	17
17	1	15
15	0	18
18	1	15
15	0	25
25	1	15
15	0	19
19	1	15
15	0	20
20	1	15
15	0	21
21	1	15
15	0	30
30	1	15
15	0	22
22	1	15
15	0	23
23	1	15
15	0	31
31	1	15
15	0	24
24	1	15
15	0	26
26	1	15
16	0	27
27	1	16
6	0	29
29	1	6
6	0	31
31	1	6
24	0	31
31	1	24
24	0	29
29	1	24
4	0	15
15	1	4
4	0	19
19	1	4
4	0	11
11	1	4
11	0	15
15	1	11
11	0	19
19	1	11
25	0	30
30	1	25
17	0	25
25	1	17
17	0	26
26	1	17
7	0	25
25	1	7
7	0	15
15	1	7
7	0	22
22	1	7
3	0	28
28	1	3
3	0	15
15	1	3
3	0	23
23	1	3
3	0	9
9	1	3
3	0	13
13	1	3
3	0	14
14	1	3
3	0	10
10	1	3
8	0	15
15	1	8
8	0	18
18	1	8
8	0	19
19	1	8
2	0	23
23	1	2
2	0	15
15	1	2
9	0	23
23	1	9
9	0	28
28	1	9
9	0	12
12	1	9
10	0	23
23	1	10
10	0	28
28	1	10
10	0	13
13	1	10
10	0	14
14	1	10
23	0	27
27	1	23
23	0	28
28	1	23
5	0	31
31	1	5
5	0	24
24	1	5
5	0	15
15	1	5
29	0	31
31	1	29
14	0	28
28	1	14
14	0	23
23	1	14
13	0	23
23	1	13
13	0	28
28	1	13
12	0	23
23	1	12
