32	146	2534
32	146	3461
32	146	2578
32	146	3463
32	146	3197
32	146	3
32	147	69
32	147	2
32	147	1129
32	147	2164
32	147	2559
32	147	1152
32	147	2805
32	147	3
32	147	1503
32	147	965
32	147	2583
32	147	147
32	147	197
32	147	3137
32	147	2381
32	147	2502
32	147	2433
32	147	2371
32	147	1112
32	147	129
32	147	3161
32	147	91
32	147	984
32	147	1031
32	147	110
32	147	1423
32	147	1057
32	147	2166
32	147	329
32	152	3332
32	152	2655
237	150	2
237	150	3230
237	147	970
237	147	2
237	147	3
197	146	3
197	146	993
197	146	1018
197	147	3
197	147	1129
197	147	2233
197	147	73
197	147	1222
197	147	2234
197	147	1355
197	147	1031
261	146	3
261	146	563
261	146	3120
261	146	2756
261	146	1049
261	146	129
261	146	1103
69	147	91
69	147	3
2027	147	3345
2027	147	1941
2027	150	2015
2027	145	2015
137	152	1185
137	152	1253
91	147	1592
91	147	2649
91	147	32
91	147	562
91	147	2851
91	147	2938
91	147	1317
91	146	2389
91	146	32
91	146	261
2179	148	2560
2179	150	2560
2179	150	3
23	147	2678
23	147	1957
23	147	1942
23	147	240
23	147	171
23	147	300
23	147	2941
23	147	0
23	148	32
23	148	91
23	148	2669
23	148	3443
23	148	2589
23	148	2141
23	148	2724
23	148	3050
23	148	2978
23	148	2957
23	148	3279
23	148	3048
23	148	3251
23	148	2703
23	148	2154
23	148	3462
23	148	2351
23	148	2539
23	148	1850
23	148	3359
23	148	2343
23	148	2943
23	148	1825
23	148	2464
23	148	3360
23	148	3114
23	148	2618
23	148	3381
23	148	3015
23	153	2634
23	153	2610
23	153	2978
23	153	3081
23	153	2703
23	153	2539
23	153	1850
23	153	1825
23	153	2530
23	153	2523
23	145	2634
23	145	3037
23	145	91
23	145	3050
23	145	2862
23	145	2494
23	145	2315
23	145	3320
23	145	3462
23	145	2519
23	145	2351
23	145	3227
23	145	1850
23	145	3261
23	145	3129
23	145	2343
23	145	1825
23	145	2530
23	145	2885
23	145	3298
23	149	1956
23	149	2652
23	149	2003
23	149	2766
23	149	1987
23	149	2008
23	149	2847
23	149	3256
23	149	1955
23	149	3336
23	149	2357
23	149	2028
23	149	2037
23	149	2412
23	149	2318
23	150	91
23	150	2671
13	148	3002
13	148	2439
13	147	563
13	147	618
13	147	3
13	147	9
13	147	12
203	146	340
475	146	129
475	146	3
475	146	2
475	147	2554
475	147	129
475	147	1256
475	147	405
475	147	1328
475	147	1177
475	147	477
475	147	990
475	147	3181
475	147	3
475	147	1400
475	147	1109
1855	147	1229
1855	147	1250
1855	147	129
1855	147	475
1855	148	3
1855	150	2
1855	150	2457
129	146	3
129	146	2549
129	146	1080
129	146	1049
129	146	3204
129	146	261
129	146	3130
129	146	3162
129	146	2798
129	146	1103
129	146	3133
129	146	2531
129	146	2350
129	146	3455
129	147	1049
129	147	1129
129	147	3159
129	147	3427
129	147	3
129	147	2458
129	147	563
129	147	2355
129	147	990
129	147	1029
129	147	1031
129	147	32
129	147	3354
129	147	1103
129	147	1109
504	147	73
280	146	197
26	148	91
26	148	3468
26	148	2536
26	148	2691
26	148	2978
26	148	2494
26	148	3271
26	148	3379
26	148	3172
26	148	3355
26	148	3290
26	148	2794
26	148	2539
26	148	3227
26	148	2324
26	148	2436
26	148	3219
26	148	3163
26	148	2387
26	148	3
26	148	3179
26	147	3
26	147	2236
26	147	1085
26	147	2240
26	147	2
26	149	316
1962	148	2861
1962	148	3052
1962	148	3
1962	148	2310
1962	148	2996
1962	148	2420
1962	147	1259
1962	147	563
2270	148	119
2270	147	3113
2270	147	3169
2246	148	119
2246	148	3151
2246	147	279
2246	147	2247
2246	147	2273
279	147	2247
2272	152	2246
2272	147	2273
2272	147	2013
2272	147	1055
2272	147	2980
2273	147	2013
2273	147	1055
2273	147	2980
2273	147	1148
1148	147	2272
1148	147	2013
1148	147	1055
1148	147	2980
1148	147	1110
2013	147	1055
2013	147	2980
2013	147	2380
1055	147	2013
1055	147	2980
1055	147	129
1055	146	2247
2010	147	2012
2010	147	2013
2011	148	119
2011	147	2012
2012	147	2380
2012	147	1055
1891	146	3151
2224	148	3151
2224	147	279
2224	147	2013
1230	146	32
220	148	2707
219	150	32
1945	147	1957
470	147	110
470	146	3012
470	146	2329
3	147	3056
3	147	2947
3	147	1082
3	147	1982
3	147	2
3	147	32
3	147	475
3	147	3459
3	147	3007
3	147	3030
3	147	3465
3	147	3017
3	147	3092
3	147	2584
3	147	16
3	147	2458
3	147	3347
3	147	3137
3	147	69
3	147	2502
3	147	1010
3	147	15
3	147	2180
3	147	2287
3	147	1155
3	147	2319
3	147	14
3	147	2855
3	147	2278
3	147	1033
3	147	3430
3	147	23
3	147	2413
3	147	2987
3	147	3382
3	147	329
3	147	1953
3	147	3278
3	147	17
3	147	2480
3	147	2841
3	147	3393
3	147	2467
3	147	2451
3	147	3481
3	147	2758
3	147	2375
3	147	1140
3	147	291
3	147	210
3	146	3062
3	146	1688
3	146	3204
3	146	1740
3	146	1532
3	146	544
3	146	1729
3	146	1804
3	146	3383
3	146	2225
3	146	1082
3	146	439
3	146	546
3	146	1934
3	146	993
3	146	1870
3	146	532
3	146	1491
3	146	3245
3	146	1856
3	146	1942
3	146	438
3	146	3252
3	146	2511
3	146	1686
3	146	437
3	146	91
3	146	3198
3	146	2999
3	146	129
3	146	3405
3	146	1018
3	146	1835
3	146	2605
3	146	1827
3	146	1281
3	146	3133
3	146	1796
3	146	1858
3	146	534
3	146	2990
3	146	2227
3	146	1776
3	146	2906
3	146	1875
2	147	336
2	147	3
2	147	197
2	147	295
2	147	1736
2	147	10
2	147	1686
2	147	2502
2	147	58
2	147	1118
2	147	3254
2	147	3249
2	147	1412
2	147	11
2	147	57
2	147	9
2	147	1104
2	147	12
2	147	2842
2	147	3374
2	147	3068
2	147	1034
2	147	1123
2	146	1884
2	146	336
2	146	340
2	146	295
2	146	3
2	146	1682
225	147	2518
583	146	91
93	147	2367
93	147	2417
340	146	169
448	147	361
448	147	2
448	146	361
2180	148	3
2180	145	3
339	148	169
339	147	1940
47	146	2
49	147	3
49	147	1554
2268	146	2
1554	147	475
81	146	3
80	148	2
80	147	3
80	147	1464
1464	147	3
121	148	32
121	148	3061
121	145	32
121	147	175
121	147	171
121	150	32
253	146	310
253	146	91
1071	147	197
1071	147	3
1495	147	1071
1580	147	197
1580	147	1071
1580	146	197
1777	150	2986
1777	150	2
1777	150	32
1777	147	2
1435	147	3
1636	147	1628
1636	147	475
1636	147	2554
1628	147	129
563	147	2554
563	147	3181
563	146	3
563	146	129
2252	148	3
2200	148	204
2200	148	3061
1	148	32
1	148	3
1	148	169
1	148	1942
1	145	32
1	147	1942
1	147	171
1	147	240
1	147	1941
1	150	32
1	149	1961
209	150	2986
1666	147	1632
647	152	1666
1632	147	3
110	147	2290
1399	147	3120
2229	148	3
2229	147	1085
2229	150	91
1742	145	32
1742	145	91
1742	147	279
1742	147	3193
1742	148	32
1742	148	2511
1742	150	32
1942	146	32
1942	147	171
1923	148	197
1923	148	2323
1923	148	253
1923	148	3477
1923	148	2461
1923	148	2338
1923	148	2728
1923	148	3482
1923	145	2701
1923	145	2626
1923	145	3386
1923	145	3122
1923	150	197
1923	147	1572
1923	147	1161
1923	147	1952
1144	147	197
1144	147	32
1432	147	3
979	146	2
979	146	3
4	147	10
4	147	11
4	148	2
4	148	3049
4	148	2988
1944	146	3190
175	147	313
432	146	137
432	146	3
1904	146	137
383	148	3020
383	147	2
2221	146	91
538	146	3
1871	150	1921
1871	147	2
1693	148	2899
1693	147	1583
248	148	2899
248	147	251
1685	147	3
1685	148	3
1689	150	32
1689	148	32
163	146	32
164	148	91
164	148	2902
1854	150	32
1854	147	963
1854	147	230
963	147	32
963	147	197
963	147	149
124	148	91
124	147	110
467	148	2949
467	147	3
1499	152	1884
1772	146	3
1366	147	91
1366	147	2478
1366	147	32
501	148	1884
321	147	1035
1965	147	129
73	146	197
73	147	2409
73	147	3367
1056	146	3
1943	147	2499
1723	150	2316
165	147	166
1998	148	3
1998	147	2232
2266	148	2832
2266	147	2232
2232	147	2540
1595	147	3
1611	147	3
1940	146	24
1433	152	3215
1302	147	129
1080	146	3
2056	148	3
2056	147	1085
2045	147	1957
2045	148	91
2045	148	3157
1763	150	2
1956	147	1957
1269	147	129
1269	147	475
361	147	3
361	146	3383
361	146	2388
361	146	1686
361	146	2990
361	146	1875
1711	150	2
1711	150	3328
92	148	3093
92	148	32
92	147	93
960	147	1049
960	147	3204
960	147	129
1049	146	3
1176	147	475
347	146	197
1713	150	2
1713	150	1357
1357	147	2368
1588	147	475
1588	147	129
2251	146	3
1620	147	3120
336	146	3
336	147	32
1653	147	1419
1653	148	1774
1419	147	3
335	147	333
1179	146	3
169	146	91
1907	150	3
1907	150	2445
1455	147	3
2235	148	2536
2235	147	2236
1989	150	32
1416	147	3
2051	148	2658
2198	145	24
2198	148	24
2198	147	1952
186	148	3
186	150	3
186	147	523
186	147	175
186	149	3441
477	147	475
477	147	1035
483	147	3
408	147	483
408	147	2
1430	147	1078
1329	147	1430
1078	147	2853
1078	147	3073
1129	147	3
1129	147	2406
476	147	129
476	147	2896
553	147	2915
1861	150	2
1861	150	1890
964	147	129
964	147	475
1729	147	2
1507	147	1729
1507	147	2
1624	150	1507
2020	148	1729
1286	147	3159
2108	147	69
2108	147	405
366	147	1286
1256	147	563
199	148	2678
199	148	198
199	148	91
2022	148	261
1816	147	2
1692	147	2
1886	146	32
606	148	1804
1186	150	3
525	147	2
528	146	2
89	147	1168
1401	147	3
1668	148	1744
1668	148	2543
1668	147	1100
1274	147	129
1274	147	475
1274	147	3
2164	147	197
211	152	2
1844	148	32
1995	148	169
1995	147	3
1857	148	2
1926	147	2226
1926	147	2
1926	147	405
1926	147	1146
1926	147	1319
1926	147	1029
1926	150	242
1926	150	1762
1926	148	2672
1926	148	1762
1820	146	3383
242	147	2226
242	147	1082
242	147	1146
2258	147	2257
2258	147	2256
2258	147	2259
1841	147	2493
2225	146	3
2212	147	2210
1540	147	3001
1931	146	3
1931	146	3383
1931	146	1762
1085	146	2573
1085	146	3
1085	147	2573
523	147	1085
523	147	2573
523	146	3
1339	147	1146
1339	147	1219
1219	147	1146
2168	147	1319
1373	147	1146
1798	147	1146
2219	150	2907
1029	147	2852
1029	147	2
1029	147	2474
1029	146	3
1029	146	1080
718	152	1926
1154	147	1926
2009	147	1172
1364	147	129
1364	147	475
38	147	2
1909	147	2
2002	148	583
2002	147	3
1488	147	2
1488	147	3
28	152	32
2254	147	3
2254	148	91
1077	147	129
1662	148	2
1662	150	3194
1662	150	32
1662	150	2
1662	147	1224
1136	147	1224
1012	147	3123
1731	147	2765
1224	147	129
474	147	91
474	147	2
474	147	32
474	147	470
474	147	967
1456	147	1113
1427	147	129
1427	147	1098
473	152	470
1152	147	3
1152	147	2
1152	147	1037
1767	147	1152
1767	147	2
1767	150	2495
390	148	391
1874	148	32
1733	147	3
1733	147	1064
1064	147	3
1064	147	3459
1064	147	3084
405	147	3
1225	147	3459
295	146	3
295	147	32
1868	147	1254
1868	148	1933
1254	147	3
292	147	293
1563	146	3
1974	147	129
380	150	2
491	150	149
1736	150	2
1736	147	2
1736	148	173
1352	147	2
1346	152	261
1346	147	1131
1346	147	129
1346	147	475
1131	147	3
1131	146	3
134	150	2
134	150	3045
134	147	1021
134	147	2
134	147	3
1663	147	2
1663	150	2621
1025	147	3470
1528	147	129
2040	148	261
2040	147	1085
1919	150	2
1919	150	1912
1096	147	129
1096	147	475
1934	147	2
1476	147	1934
1476	147	2
1483	150	1476
1527	147	3159
2110	147	69
2110	147	405
234	147	1527
1328	147	563
2039	148	261
1479	146	3
1124	152	1479
1185	147	1613
1283	152	3150
148	148	3
148	148	2536
148	148	3028
148	147	149
543	146	73
578	148	2300
578	147	2527
1393	147	3
100	147	69
100	147	3
2127	147	2133
2127	150	32
2130	148	91
2130	147	2131
2130	147	197
1436	146	197
2213	148	2659
1543	147	129
375	148	91
375	148	2431
502	148	432
502	148	3199
1312	147	1039
1039	146	277
1165	147	1035
1795	147	1035
1795	147	1165
1795	150	2466
1768	148	2
1768	150	1824
1824	147	1585
1824	147	1086
1824	147	3017
1585	147	1086
1585	147	3017
1086	147	2
1086	147	3017
1879	147	3
1879	147	1184
1410	147	2370
1410	147	3
1410	146	3
207	147	205
206	147	69
1195	147	1024
1024	146	3
1833	150	979
1295	147	979
1529	150	1833
1529	147	1024
1529	147	1122
1262	147	2
1262	147	129
1262	147	475
1174	147	129
1174	147	1262
1174	147	475
1167	150	3
1771	148	32
1847	148	1530
1667	146	3
1866	148	2914
2026	148	2583
2070	148	2848
2070	147	2787
153	148	73
153	150	73
153	147	305
153	147	154
153	147	394
153	145	73
305	147	91
299	148	2281
299	147	300
1745	148	2
1745	150	1714
1714	147	1234
1714	147	1020
1714	147	3092
1234	147	1020
1234	147	3092
1020	147	2
1020	147	3092
1900	150	3
1900	150	1878
1900	148	2672
532	147	3
1621	147	532
1621	147	3
1166	150	1959
1169	147	3159
2106	147	69
2106	147	405
389	147	1169
1177	147	563
2190	146	3
2025	148	261
1584	152	2700
1342	152	261
983	146	3
16	148	2684
16	148	1829
16	148	1671
16	147	3
16	147	2
1406	147	129
1787	147	1406
1413	146	3
1697	148	2684
1260	147	1035
1084	147	967
2244	148	91
2244	147	3
1369	147	3
2152	146	277
2152	146	91
147	150	3312
147	150	2
510	147	129
510	147	3041
1709	150	3
1709	150	2
1709	150	2308
1709	147	91
313	147	2904
184	150	2
184	150	1730
184	147	2
184	147	3
184	147	1376
184	148	3
184	148	1485
1500	147	2993
1500	147	3
1500	147	129
1500	147	1029
2083	148	530
2083	148	91
2084	148	530
1482	147	475
2052	148	3
2052	147	1943
1074	147	475
1074	147	129
1730	147	2
1730	150	32
707	152	184
1370	147	475
1784	146	3
1719	146	3
1038	147	1029
1038	146	1080
1038	146	3
1929	148	2
1929	150	1892
1892	147	1321
1892	147	1107
1892	147	3347
1321	147	1107
1321	147	3347
1107	147	2
1107	147	3347
615	147	3
615	147	177
615	147	2149
615	147	2425
615	147	2542
615	148	1769
615	150	3
615	150	1641
615	150	1769
1641	150	979
1641	150	3476
1641	147	3
1461	147	475
479	148	2833
2073	147	3
1747	146	3
104	147	107
116	147	2783
1381	147	1035
1381	147	3058
1381	147	3308
1381	147	2650
1381	147	1982
1381	147	2586
1371	147	3
2239	148	2536
2239	147	2240
1990	150	32
1261	147	2
2082	148	2658
1670	150	2
1670	148	3411
1216	147	3436
84	147	3
1380	147	129
1380	147	475
36	147	2
1937	147	2
1986	148	583
1986	147	3
1444	147	2
1444	147	3
30	152	32
2220	147	3
2220	148	91
1558	147	475
216	150	2
216	150	1899
216	147	3317
216	147	217
568	147	3471
568	147	3124
568	148	169
1087	147	3304
95	150	2
95	147	454
95	147	2
95	147	96
1348	147	129
1566	147	2627
1566	147	475
353	147	3
455	147	454
96	147	2
96	147	2643
178	148	91
178	148	3155
178	147	179
178	150	204
1938	150	2390
1938	147	1141
1550	147	2390
1550	147	1141
541	145	24
541	145	203
541	145	204
1637	147	990
1637	147	129
1637	147	475
990	147	3
413	147	3
1134	147	413
462	147	2
411	148	3248
111	147	2
111	147	113
113	147	2
113	147	2982
1201	147	3
1758	150	2
1758	150	2161
988	147	3130
988	147	563
2161	147	146
1378	147	3228
2105	147	988
2105	147	329
2105	147	405
338	147	3
338	147	32
338	150	3
338	150	3292
1259	152	261
1259	147	1041
1041	147	3
1041	146	3
1462	147	3
1497	147	3
1497	147	32
1110	147	1055
1110	152	3284
2033	148	119
2033	147	1148
1823	150	2
1823	150	2521
1687	150	2
1687	148	1889
1687	147	361
1687	147	2689
360	147	2
1245	147	3446
1245	147	3
1245	147	129
613	150	2
613	150	558
613	150	2275
613	147	2426
613	147	618
613	147	2
613	147	3388
1627	147	475
1895	146	2
1895	146	3
105	147	106
115	147	3288
558	147	555
558	147	2
558	149	3104
558	150	613
556	147	2995
566	148	2
478	148	2833
494	147	2
1517	147	129
1517	147	475
37	147	2
1839	147	2
2007	148	583
2007	147	3
1443	147	2
1443	147	3
29	152	32
2222	147	3
2222	148	91
1469	147	1467
1469	147	475
346	150	2
346	150	3214
1467	147	1081
1081	147	129
1081	147	563
2120	147	329
2120	147	405
125	147	1297
1834	150	2
1834	150	3185
415	148	3461
415	147	513
1678	147	2
2157	146	2
55	148	119
55	148	3046
55	147	58
55	147	310
55	147	2
619	147	32
1576	147	110
1576	152	3
1898	150	3313
1898	147	2
1424	147	1135
1690	148	32
972	147	129
972	147	475
972	147	3
972	147	1010
1548	147	475
1548	147	1010
1548	147	3
1118	147	197
1118	147	32
486	146	3
180	149	2286
180	148	2799
180	148	2651
180	148	2796
180	148	3277
180	147	2678
1647	148	3
1766	148	91
865	152	1766
968	147	1766
1244	147	3
1664	150	2
1112	147	32
272	147	2647
273	147	272
549	146	32
549	146	149
1849	150	2792
1849	150	2
1849	150	32
1849	147	2
1239	147	3
1509	147	1374
1509	147	475
1509	147	3181
1374	147	129
2253	148	3
344	150	2792
1751	147	1207
892	152	1751
1207	147	3
268	147	3
1133	147	268
266	148	3334
112	147	114
114	147	2
114	147	3023
427	150	2
427	150	32
427	150	15
427	147	2
15	148	3098
15	147	2
2191	148	3
434	146	3
1704	148	3016
1704	147	3
1524	147	1035
130	150	2
130	150	1853
130	147	2729
130	147	131
1106	147	1306
1106	147	3
1106	147	1277
1675	145	32
1277	147	475
1215	147	1002
1210	147	475
1994	148	169
1994	147	3
1840	146	3
2205	146	3
1475	146	3
1557	147	1439
379	148	2578
379	147	509
1721	147	2
2159	146	2
56	148	119
56	148	2927
56	147	57
56	147	310
56	147	2
620	147	32
1155	147	129
1155	147	475
572	148	3
572	150	287
572	147	2295
572	147	2594
1520	147	1011
1520	147	475
2050	147	1011
2050	147	1520
287	147	32
1011	147	563
1011	147	1029
306	148	261
306	150	91
306	147	3125
1382	147	3162
2109	147	1382
2109	147	329
2109	147	405
235	147	1582
1282	147	1035
1026	147	129
1649	147	2
1649	150	2551
973	147	2739
1308	147	129
1523	146	3
1120	152	1523
1253	147	1200
1470	152	3150
278	148	3
278	148	2536
278	148	3059
278	147	149
540	146	73
579	148	2334
579	147	2720
1313	147	3
101	147	69
101	147	3
2126	147	2132
2126	150	32
2128	148	91
2128	147	2129
2128	147	197
1639	146	197
428	150	2
428	150	32
428	150	14
428	147	2
428	147	3
428	148	2789
14	148	3311
14	147	2
2192	148	3
1872	146	3
1387	147	1035
985	147	129
1880	148	2
1880	150	3299
1880	150	32
1880	150	2
1880	147	1626
1047	147	1626
1069	147	2352
1800	147	3259
1626	147	129
2074	148	3322
2074	147	3032
154	147	91
1725	150	2
1955	147	1957
1426	147	129
1426	147	475
482	147	3
324	147	482
324	147	2
1300	147	1078
1333	147	1300
1031	147	3
1031	147	2919
67	147	2
67	150	32
1007	147	32
1007	147	329
1770	150	3370
319	147	320
468	147	2904
1779	147	2
1779	145	2967
1845	147	2
1748	146	32
1046	147	129
1046	147	475
1046	147	3
1046	147	1033
1291	147	475
1291	147	1033
1291	147	3
1104	147	197
1104	147	32
488	146	3
1906	148	3
1802	148	91
864	152	1802
1052	147	1802
1498	147	3430
27	150	24
27	147	3
1743	147	3
2000	148	149
1851	148	2940
1681	147	1490
1681	147	2
1954	149	23
31	152	32
2255	147	3
2255	148	91
1379	152	261
1326	147	3
1873	146	91
174	147	175
2231	148	3
2231	147	313
2231	150	3
1460	152	1682
1673	146	3
500	148	1682
168	147	1035
2199	148	3
2199	150	3
422	150	2
422	147	2
422	148	2185
423	147	2
1999	148	91
1264	147	129
1264	147	475
1151	147	2804
94	150	2
94	147	459
94	147	2
94	147	97
1415	147	129
1514	147	2632
1514	147	475
392	147	3
1418	147	3
517	147	459
97	147	2
97	147	3094
585	148	583
585	148	2342
585	147	3040
1233	147	563
639	152	261
1519	147	3
1807	150	2
1057	147	32
317	147	2961
318	147	317
548	146	32
548	146	149
1726	148	1699
1726	148	3276
1726	147	1139
1453	147	129
1453	147	475
1453	147	3
2166	147	197
342	152	2
1869	148	32
1996	148	169
1996	147	3
1650	148	2
1065	147	475
1362	147	475
2085	148	261
1629	147	2
1157	147	3
2206	148	3
1813	150	1696
1813	147	2
1752	148	3
244	150	32
1946	147	1957
1610	152	1390
1390	150	2
1390	148	2890
1836	146	3
1815	147	3420
2004	146	2
497	147	2
497	148	3
2175	148	32
623	148	361
623	147	361
622	147	361
1534	147	3
1565	147	3
1209	146	32
2207	148	3
17	147	2
431	147	2
431	148	3323
1294	147	129
1863	147	1294
1206	147	1035
1925	146	3
1005	147	69
2243	148	91
2243	147	3
1272	147	129
2094	148	24
2094	148	169
2094	145	24
2094	149	1
2094	150	32
2094	147	171
1646	150	2486
1646	150	2
1646	147	2
1659	146	3
46	146	2
48	147	3
48	147	1448
2269	146	2
1448	147	475
82	146	3
79	148	2
79	147	3
79	147	1252
1252	147	3
1073	147	197
1073	147	3
1511	147	1073
1178	147	197
1178	147	1073
1178	146	197
1068	147	1103
1068	147	3133
1068	147	129
1103	146	3
1347	147	475
245	146	197
1651	150	2
1651	150	1478
1478	147	3434
1218	147	475
1218	147	129
2250	146	3
1605	147	3
1605	147	2383
511	147	2
511	148	3
410	147	2
316	147	3
1749	150	2
1749	147	1941
2076	150	3
2076	151	2480
2176	148	32
2078	147	2
2242	148	583
561	147	110
2046	148	3
1334	147	3
2248	146	91
2271	148	2813
2271	147	3
2271	147	110
559	147	197
85	147	86
2047	148	3
2049	147	2
560	147	149
604	148	91
604	147	86
1794	150	3
1794	150	1914
1794	148	2672
534	147	3
1442	147	534
1442	147	3
1285	150	1958
1496	147	3159
2117	147	69
2117	147	405
416	147	1496
1400	147	563
2055	148	261
1902	150	2
1902	148	2537
1607	147	2619
83	147	3
547	145	24
547	145	203
547	145	204
1360	147	1109
1360	147	129
1360	147	475
1109	147	3
1630	146	3
327	148	2
327	148	2354
327	150	371
327	150	2354
327	150	3
327	147	328
1409	147	1493
1409	147	475
371	147	2831
371	147	1053
1097	147	563
2113	147	1097
2113	147	329
2113	147	405
1417	147	1035
394	147	91
1463	147	91
1463	147	129
1463	147	475
65	147	2904
65	147	91
587	146	586
275	146	261
276	147	3301
276	147	225
1887	147	2
1887	147	405
1887	147	981
1887	147	1466
1887	147	1635
1887	147	1029
1887	150	187
1887	150	1864
1887	148	2672
1887	148	1864
1679	146	2990
187	147	2228
187	147	2493
187	147	1082
187	147	981
187	148	2672
2262	147	2261
2262	147	2260
2262	147	2263
2227	146	3
2209	147	2210
1559	147	2839
1783	146	3
1783	146	1864
1160	147	981
1160	147	1502
1502	147	981
1505	147	981
1757	147	981
2218	150	2907
871	152	1887
1158	147	1887
1985	147	1172
231	147	3481
25	150	24
25	147	3
1660	147	3
1960	148	149
1735	148	3024
1414	147	3
1434	147	3
1340	147	3
1928	150	2
1928	150	2162
1043	147	2350
1043	147	563
2162	147	260
1232	147	2386
2122	147	1043
2122	147	329
2122	147	405
1997	148	3
1997	147	2232
2267	148	2832
2267	147	2232
1243	147	3
68	147	2
68	150	32
1150	147	32
1150	147	329
1391	147	3
1391	147	129
1391	147	475
1391	147	3055
418	147	2907
284	148	1776
1235	150	3
519	147	2
522	146	2
90	147	1372
1562	147	3
2057	147	2059
2057	147	2061
2057	147	1407
2059	147	2061
1407	147	2061
1407	147	1383
2061	146	129
2061	146	3
2061	147	129
264	150	2
264	150	373
264	150	2777
264	150	3
264	148	2777
264	147	265
373	147	448
373	147	3467
373	147	1102
1383	147	3
1383	147	475
1102	147	2
1070	147	563
1070	147	2061
2114	147	1070
2114	147	329
2114	147	405
1622	147	1035
584	148	583
584	148	2342
584	147	2964
1394	147	563
633	152	261
1111	147	129
1597	147	3
1935	146	91
2230	148	3
2230	147	313
2230	150	3
2058	147	2060
2058	147	2062
2058	147	1596
2060	147	2062
1596	147	2062
1596	147	1287
2062	146	129
2062	146	3
2062	147	129
126	150	2
126	150	377
126	150	3484
126	150	3
126	148	3484
126	147	127
377	147	448
377	147	2876
377	147	978
1287	147	3
1287	147	475
978	147	2
1083	147	563
1083	147	2062
2121	147	1083
2121	147	329
2121	147	405
1198	147	1035
503	145	73
503	147	343
343	147	91
571	148	3
571	150	301
571	147	2710
571	147	3134
1546	147	962
1546	147	475
2023	147	962
2023	147	1546
301	147	32
962	147	563
962	147	1029
286	148	261
286	150	91
286	147	2960
1551	147	3455
2116	147	1551
2116	147	329
2116	147	405
226	147	1327
1642	147	1035
1842	147	1202
1842	147	1301
1842	147	129
1842	147	475
1842	148	3
1842	150	2
1842	150	2784
1508	147	110
1508	152	3
1786	150	3
1786	150	2
1786	150	3096
1786	147	91
1473	147	129
1473	147	1142
1263	148	304
1568	147	3
1862	150	1741
1862	147	2
1913	148	3
1090	147	129
1090	147	475
1090	147	3
1090	147	1140
1480	147	475
1480	147	1140
1480	147	3
1034	147	197
1034	147	32
485	146	3
1701	148	3
1911	148	91
658	152	1911
1072	147	1911
1765	147	986
1765	147	1019
1765	147	3126
1765	150	2
1765	150	369
1367	152	261
1123	147	32
369	147	1123
369	147	2
369	147	2741
369	147	1337
369	147	507
396	148	3
1656	147	1367
2249	148	261
1875	146	3
1590	147	3
1035	147	3380
368	148	2833
1655	150	32
