0	48
1	49
2	48
3	48
4	49
5	52
6	52
7	46
8	46
9	48
10	48
11	48
12	48
13	49
14	49
15	49
16	49
17	49
18	47
19	47
20	52
21	52
22	49
23	49
24	48
25	49
26	49
27	49
28	52
29	52
30	52
31	52
32	48
33	52
34	52
35	52
36	49
37	49
38	49
39	49
40	49
41	49
42	50
43	49
44	49
45	49
46	50
47	50
48	49
49	49
50	52
51	52
52	52
53	52
54	52
55	49
56	49
57	51
58	51
59	52
60	52
61	52
62	52
63	49
64	49
65	49
66	52
67	49
68	49
69	51
70	52
71	52
72	47
73	48
74	47
75	52
76	52
77	46
78	46
79	49
80	49
81	50
82	50
83	49
84	49
85	49
86	48
87	52
88	52
89	49
90	49
91	48
92	49
93	48
94	49
95	49
96	51
97	51
98	52
99	52
100	46
101	46
102	48
103	48
104	49
105	49
106	46
107	46
108	47
109	47
110	51
111	49
112	49
113	51
114	51
115	49
116	49
117	52
118	50
119	50
120	49
121	49
122	50
123	50
124	49
125	49
126	49
127	46
128	52
129	48
130	49
131	51
132	48
133	52
134	49
135	52
136	50
137	48
138	52
139	50
140	48
141	48
142	47
143	52
144	52
145	46
146	51
147	49
148	49
149	48
150	49
151	48
152	49
153	49
154	46
155	49
156	49
157	52
158	46
159	48
160	50
161	52
162	49
163	50
164	49
165	49
166	46
167	46
168	46
169	50
170	49
171	48
172	52
173	50
174	49
175	48
176	49
177	46
178	49
179	48
180	49
181	48
182	48
183	50
184	49
185	50
186	49
187	49
188	52
189	48
190	52
191	52
192	52
193	49
194	50
195	50
196	49
197	48
198	50
199	49
200	52
201	50
202	49
203	48
204	48
205	51
206	51
207	46
208	47
209	49
210	49
211	52
212	48
213	52
214	46
215	52
216	49
217	51
218	48
219	49
220	49
221	52
222	46
223	46
224	46
225	51
226	49
227	49
228	49
229	46
230	48
231	46
232	46
233	49
234	49
235	49
236	52
237	49
238	52
239	52
240	46
241	49
242	49
243	48
244	49
245	50
246	52
247	52
248	49
249	52
250	52
251	51
252	50
253	50
254	49
255	47
256	48
257	52
258	52
259	46
260	51
261	50
262	53
263	49
264	49
265	46
266	49
267	52
268	46
269	46
270	52
271	49
272	46
273	49
274	49
275	50
276	46
277	51
278	49
279	48
280	50
281	52
282	49
283	52
284	49
285	50
286	49
287	49
288	52
289	48
290	52
291	46
292	46
293	46
294	46
295	48
296	49
297	49
298	48
299	49
300	46
301	49
302	52
303	49
304	50
305	46
306	49
307	52
308	50
309	52
310	48
311	51
312	46
313	48
314	47
315	46
316	49
317	46
318	49
319	49
320	46
321	46
322	46
323	52
324	49
325	48
326	53
327	49
328	46
329	51
330	50
331	52
332	48
333	46
334	46
335	46
336	48
337	52
338	49
339	49
340	50
341	48
342	52
343	46
344	49
345	52
346	49
347	50
348	52
349	48
350	49
351	50
352	48
353	46
354	52
355	47
356	47
357	47
358	49
359	52
360	49
361	48
362	48
363	47
364	50
365	50
366	49
367	46
368	49
369	49
370	52
371	49
372	52
373	49
374	52
375	49
376	46
377	49
378	52
379	49
380	49
381	52
382	52
383	49
384	47
385	46
386	46
387	46
388	51
389	49
390	49
391	48
392	48
393	47
394	46
395	52
396	49
397	47
398	47
399	47
400	52
401	52
402	49
403	48
404	50
405	51
406	46
407	52
408	49
409	48
410	49
411	49
412	52
413	46
414	49
415	49
416	49
417	49
418	46
419	50
420	49
421	50
422	49
423	49
424	52
425	49
426	49
427	49
428	49
429	52
430	52
431	49
432	50
433	50
434	50
435	49
436	49
437	50
438	50
439	50
440	49
441	49
442	49
443	49
444	49
445	52
446	46
447	48
448	48
449	52
450	46
451	52
452	52
453	52
454	51
455	49
456	52
457	52
458	52
459	51
460	51
461	51
462	48
463	48
464	51
465	52
466	52
467	49
468	48
469	48
470	48
471	47
472	47
473	52
474	51
475	48
476	46
477	46
478	49
479	49
480	47
481	47
482	51
483	51
484	48
485	50
486	50
487	50
488	50
489	48
490	49
491	49
492	52
493	46
494	49
495	53
496	47
497	49
498	49
499	49
500	49
501	49
502	49
503	49
504	49
505	49
506	49
507	48
508	52
509	46
510	46
511	49
512	52
513	46
514	52
515	52
516	51
517	49
518	47
519	49
520	52
521	52
522	50
523	48
524	52
525	49
526	52
527	52
528	50
529	52
530	50
531	52
532	48
533	49
534	48
535	49
536	49
537	49
538	50
539	49
540	48
541	49
542	50
543	48
544	50
545	50
546	50
547	49
548	50
549	50
550	48
551	48
552	49
553	49
554	51
555	51
556	46
557	48
558	49
559	49
560	49
561	49
562	51
563	48
564	49
565	49
566	49
567	49
568	49
569	49
570	49
571	49
572	49
573	52
574	46
575	52
576	52
577	46
578	49
579	49
580	47
581	47
582	47
583	50
584	49
585	49
586	48
587	50
588	52
589	52
590	52
591	47
592	47
593	47
594	52
595	52
596	52
597	52
598	52
599	52
600	47
601	47
602	47
603	52
604	49
605	52
606	49
607	46
608	46
609	50
610	50
611	52
612	52
613	49
614	52
615	49
616	52
617	53
618	48
619	49
620	49
621	46
622	49
623	49
624	47
625	52
626	52
627	52
628	47
629	49
630	49
631	52
632	52
633	52
634	52
635	52
636	52
637	52
638	52
639	52
640	52
641	52
642	52
643	52
644	52
645	52
646	52
647	52
648	52
649	52
650	52
651	52
652	52
653	52
654	52
655	52
656	52
657	52
658	52
659	52
660	52
661	47
662	52
663	47
664	52
665	52
666	52
667	52
668	52
669	52
670	52
671	52
672	52
673	52
674	52
675	52
676	52
677	52
678	52
679	52
680	52
681	52
682	52
683	52
684	52
685	52
686	52
687	47
688	52
689	52
690	52
691	52
692	52
693	52
694	47
695	52
696	52
697	52
698	52
699	52
700	52
701	52
702	52
703	52
704	52
705	52
706	52
707	52
708	52
709	52
710	52
711	52
712	52
713	52
714	52
715	52
716	47
717	52
718	52
719	52
720	52
721	47
722	52
723	52
724	52
725	47
726	52
727	52
728	52
729	52
730	52
731	52
732	52
733	52
734	52
735	52
736	52
737	52
738	52
739	52
740	52
741	52
742	52
743	52
744	52
745	47
746	52
747	52
748	52
749	47
750	52
751	52
752	52
753	52
754	52
755	52
756	52
757	52
758	52
759	52
760	52
761	52
762	52
763	52
764	52
765	52
766	52
767	52
768	52
769	52
770	52
771	52
772	52
773	52
774	52
775	52
776	52
777	52
778	52
779	52
780	52
781	52
782	52
783	52
784	52
785	52
786	52
787	52
788	52
789	52
790	52
791	52
792	52
793	52
794	52
795	52
796	52
797	52
798	52
799	52
800	52
801	52
802	52
803	52
804	52
805	52
806	52
807	52
808	52
809	52
810	52
811	52
812	52
813	52
814	47
815	52
816	52
817	52
818	52
819	52
820	52
821	52
822	52
823	52
824	52
825	52
826	52
827	52
828	52
829	52
830	52
831	52
832	52
833	52
834	52
835	52
836	52
837	52
838	52
839	52
840	52
841	52
842	52
843	52
844	52
845	52
846	52
847	52
848	52
849	52
850	52
851	52
852	52
853	52
854	52
855	52
856	52
857	52
858	52
859	52
860	52
861	52
862	47
863	52
864	52
865	52
866	52
867	52
868	52
869	52
870	52
871	52
872	47
873	52
874	47
875	52
876	52
877	52
878	52
879	52
880	52
881	52
882	52
883	52
884	52
885	52
886	52
887	52
888	52
889	52
890	52
891	52
892	52
893	52
894	52
895	52
896	52
897	52
898	52
899	52
900	47
901	47
902	52
903	52
904	52
905	52
906	52
907	52
908	52
909	47
910	52
911	52
912	52
913	52
914	52
915	52
916	52
917	52
918	52
919	52
920	52
921	47
922	52
923	52
924	52
925	52
926	52
927	47
928	52
929	52
930	52
931	52
932	52
933	47
934	52
935	52
936	52
937	47
938	52
939	52
940	52
941	52
942	52
943	52
944	52
945	52
946	52
947	52
948	52
949	52
950	52
951	52
952	52
953	52
954	52
955	52
956	52
957	52
958	52
959	52
960	46
961	46
962	46
963	51
964	46
965	51
966	51
967	51
968	51
969	48
970	46
971	51
972	46
973	46
974	46
975	46
976	46
977	51
978	51
979	48
980	46
981	46
982	46
983	48
984	51
985	46
986	51
987	46
988	46
989	51
990	51
991	46
992	46
993	48
994	46
995	51
996	51
997	51
998	51
999	46
1000	51
1001	46
1002	48
1003	51
1004	46
1005	51
1006	51
1007	51
1008	51
1009	46
1010	51
1011	46
1012	46
1013	51
1014	51
1015	51
1016	51
1017	51
1018	48
1019	51
1020	51
1021	46
1022	51
1023	46
1024	48
1025	46
1026	46
1027	51
1028	46
1029	48
1030	51
1031	48
1032	46
1033	51
1034	51
1035	48
1036	51
1037	51
1038	48
1039	48
1040	51
1041	48
1042	51
1043	46
1044	46
1045	51
1046	46
1047	46
1048	51
1049	48
1050	51
1051	46
1052	51
1053	51
1054	51
1055	48
1056	48
1057	51
1058	46
1059	51
1060	51
1061	46
1062	46
1063	51
1064	46
1065	46
1066	51
1067	51
1068	46
1069	46
1070	46
1071	51
1072	51
1073	51
1074	46
1075	51
1076	51
1077	46
1078	46
1079	51
1080	51
1081	48
1082	48
1083	46
1084	51
1085	48
1086	51
1087	51
1088	46
1089	51
1090	46
1091	51
1092	51
1093	46
1094	51
1095	48
1096	46
1097	46
1098	48
1099	46
1100	51
1101	51
1102	51
1103	48
1104	51
1105	48
1106	51
1107	51
1108	46
1109	51
1110	46
1111	46
1112	51
1113	51
1114	51
1115	46
1116	51
1117	51
1118	51
1119	51
1120	46
1121	51
1122	51
1123	51
1124	46
1125	51
1126	51
1127	46
1128	51
1129	48
1130	46
1131	48
1132	51
1133	51
1134	51
1135	51
1136	46
1137	46
1138	51
1139	51
1140	51
1141	48
1142	48
1143	51
1144	51
1145	48
1146	46
1147	51
1148	48
1149	51
1150	51
1151	51
1152	46
1153	51
1154	46
1155	46
1156	46
1157	46
1158	46
1159	50
1160	49
1161	46
1162	46
1163	49
1164	46
1165	46
1166	49
1167	49
1168	46
1169	46
1170	46
1171	50
1172	46
1173	46
1174	46
1175	46
1176	46
1177	46
1178	48
1179	50
1180	46
1181	46
1182	49
1183	46
1184	46
1185	49
1186	49
1187	46
1188	47
1189	46
1190	50
1191	46
1192	47
1193	48
1194	47
1195	46
1196	46
1197	46
1198	46
1199	46
1200	46
1201	46
1202	46
1203	47
1204	46
1205	48
1206	46
1207	46
1208	46
1209	50
1210	46
1211	46
1212	46
1213	47
1214	47
1215	46
1216	46
1217	46
1218	46
1219	46
1220	49
1221	46
1222	46
1223	46
1224	46
1225	46
1226	47
1227	47
1228	46
1229	46
1230	50
1231	47
1232	48
1233	46
1234	46
1235	49
1236	47
1237	47
1238	46
1239	46
1240	46
1241	47
1242	46
1243	46
1244	46
1245	46
1246	49
1247	46
1248	46
1249	46
1250	46
1251	46
1252	46
1253	49
1254	46
1255	46
1256	46
1257	46
1258	47
1259	46
1260	46
1261	49
1262	46
1263	49
1264	46
1265	46
1266	51
1267	48
1268	47
1269	46
1270	48
1271	48
1272	46
1273	50
1274	46
1275	46
1276	48
1277	46
1278	46
1279	47
1280	46
1281	48
1282	46
1283	46
1284	47
1285	49
1286	46
1287	46
1288	49
1289	46
1290	50
1291	46
1292	51
1293	48
1294	46
1295	46
1296	46
1297	46
1298	46
1299	46
1300	46
1301	46
1302	46
1303	46
1304	46
1305	49
1306	51
1307	48
1308	46
1309	46
1310	47
1311	50
1312	46
1313	46
1314	46
1315	46
1316	46
1317	46
1318	46
1319	46
1320	46
1321	46
1322	46
1323	46
1324	49
1325	46
1326	46
1327	46
1328	46
1329	49
1330	46
1331	46
1332	46
1333	49
1334	46
1335	51
1336	46
1337	46
1338	47
1339	49
1340	46
1341	46
1342	46
1343	46
1344	49
1345	48
1346	46
1347	46
1348	46
1349	46
1350	47
1351	46
1352	49
1353	51
1354	51
1355	46
1356	46
1357	49
1358	46
1359	47
1360	46
1361	50
1362	46
1363	46
1364	46
1365	46
1366	46
1367	46
1368	50
1369	46
1370	46
1371	46
1372	46
1373	49
1374	46
1375	46
1376	46
1377	46
1378	48
1379	46
1380	46
1381	46
1382	46
1383	46
1384	46
1385	47
1386	46
1387	46
1388	46
1389	46
1390	49
1391	46
1392	46
1393	46
1394	46
1395	46
1396	51
1397	46
1398	46
1399	46
1400	46
1401	46
1402	49
1403	46
1404	46
1405	46
1406	46
1407	46
1408	47
1409	46
1410	48
1411	47
1412	51
1413	48
1414	46
1415	46
1416	49
1417	46
1418	46
1419	46
1420	46
1421	49
1422	46
1423	46
1424	46
1425	48
1426	46
1427	46
1428	47
1429	46
1430	46
1431	46
1432	46
1433	46
1434	46
1435	46
1436	50
1437	49
1438	46
1439	46
1440	46
1441	46
1442	48
1443	48
1444	48
1445	46
1446	47
1447	50
1448	46
1449	46
1450	46
1451	47
1452	46
1453	46
1454	46
1455	46
1456	46
1457	46
1458	46
1459	46
1460	46
1461	46
1462	49
1463	46
1464	46
1465	49
1466	46
1467	46
1468	46
1469	46
1470	46
1471	46
1472	50
1473	46
1474	46
1475	50
1476	48
1477	46
1478	49
1479	50
1480	46
1481	48
1482	46
1483	49
1484	46
1485	48
1486	46
1487	46
1488	48
1489	46
1490	46
1491	50
1492	47
1493	46
1494	50
1495	46
1496	46
1497	46
1498	46
1499	46
1500	46
1501	46
1502	46
1503	46
1504	46
1505	49
1506	46
1507	48
1508	46
1509	46
1510	46
1511	46
1512	46
1513	46
1514	46
1515	46
1516	46
1517	46
1518	51
1519	46
1520	46
1521	46
1522	46
1523	50
1524	46
1525	46
1526	46
1527	46
1528	46
1529	49
1530	50
1531	50
1532	50
1533	46
1534	46
1535	46
1536	46
1537	46
1538	46
1539	47
1540	46
1541	51
1542	48
1543	46
1544	50
1545	46
1546	46
1547	46
1548	46
1549	46
1550	49
1551	46
1552	46
1553	46
1554	46
1555	46
1556	46
1557	46
1558	46
1559	46
1560	46
1561	48
1562	46
1563	50
1564	46
1565	46
1566	46
1567	46
1568	46
1569	46
1570	46
1571	46
1572	46
1573	48
1574	46
1575	49
1576	46
1577	46
1578	51
1579	46
1580	48
1581	46
1582	46
1583	46
1584	46
1585	46
1586	47
1587	51
1588	46
1589	46
1590	46
1591	48
1592	46
1593	46
1594	46
1595	46
1596	46
1597	46
1598	46
1599	46
1600	49
1601	46
1602	46
1603	46
1604	46
1605	46
1606	46
1607	46
1608	49
1609	47
1610	46
1611	46
1612	47
1613	46
1614	46
1615	46
1616	49
1617	46
1618	46
1619	46
1620	46
1621	48
1622	46
1623	46
1624	49
1625	47
1626	46
1627	46
1628	46
1629	49
1630	50
1631	46
1632	46
1633	46
1634	46
1635	46
1636	46
1637	46
1638	46
1639	50
1640	46
1641	49
1642	46
1643	46
1644	49
1645	49
1646	49
1647	49
1648	49
1649	49
1650	49
1651	49
1652	50
1653	49
1654	49
1655	49
1656	49
1657	49
1658	49
1659	50
1660	49
1661	49
1662	49
1663	49
1664	49
1665	49
1666	49
1667	48
1668	49
1669	49
1670	49
1671	50
1672	49
1673	50
1674	49
1675	49
1676	50
1677	49
1678	49
1679	50
1680	49
1681	49
1682	50
1683	49
1684	48
1685	49
1686	48
1687	49
1688	48
1689	49
1690	49
1691	50
1692	49
1693	49
1694	50
1695	50
1696	49
1697	49
1698	48
1699	50
1700	49
1701	49
1702	49
1703	50
1704	49
1705	50
1706	50
1707	49
1708	48
1709	49
1710	49
1711	49
1712	49
1713	49
1714	49
1715	49
1716	49
1717	48
1718	49
1719	50
1720	49
1721	49
1722	49
1723	49
1724	48
1725	49
1726	49
1727	48
1728	50
1729	48
1730	49
1731	48
1732	49
1733	49
1734	50
1735	49
1736	49
1737	50
1738	49
1739	49
1740	50
1741	49
1742	49
1743	49
1744	50
1745	49
1746	48
1747	48
1748	50
1749	49
1750	48
1751	49
1752	49
1753	49
1754	49
1755	49
1756	49
1757	49
1758	49
1759	49
1760	50
1761	50
1762	48
1763	49
1764	50
1765	49
1766	49
1767	49
1768	49
1769	48
1770	49
1771	49
1772	50
1773	49
1774	50
1775	50
1776	50
1777	49
1778	49
1779	49
1780	48
1781	48
1782	49
1783	50
1784	50
1785	49
1786	49
1787	49
1788	49
1789	49
1790	50
1791	49
1792	49
1793	48
1794	49
1795	49
1796	50
1797	50
1798	49
1799	49
1800	48
1801	49
1802	49
1803	50
1804	50
1805	49
1806	49
1807	49
1808	50
1809	49
1810	49
1811	49
1812	49
1813	49
1814	49
1815	49
1816	49
1817	49
1818	50
1819	49
1820	50
1821	49
1822	50
1823	49
1824	49
1825	50
1826	49
1827	50
1828	49
1829	50
1830	49
1831	49
1832	50
1833	49
1834	49
1835	48
1836	50
1837	50
1838	49
1839	49
1840	50
1841	49
1842	49
1843	49
1844	49
1845	49
1846	48
1847	49
1848	50
1849	49
1850	50
1851	49
1852	49
1853	49
1854	49
1855	49
1856	50
1857	49
1858	50
1859	49
1860	50
1861	49
1862	49
1863	49
1864	48
1865	49
1866	49
1867	48
1868	49
1869	49
1870	50
1871	49
1872	48
1873	50
1874	49
1875	50
1876	49
1877	49
1878	49
1879	49
1880	49
1881	49
1882	49
1883	49
1884	50
1885	49
1886	50
1887	49
1888	49
1889	50
1890	49
1891	50
1892	49
1893	49
1894	50
1895	48
1896	50
1897	49
1898	49
1899	49
1900	49
1901	50
1902	49
1903	49
1904	50
1905	48
1906	49
1907	49
1908	49
1909	49
1910	50
1911	49
1912	49
1913	49
1914	49
1915	49
1916	49
1917	49
1918	49
1919	49
1920	50
1921	49
1922	49
1923	49
1924	49
1925	50
1926	49
1927	48
1928	49
1929	49
1930	49
1931	50
1932	50
1933	50
1934	48
1935	50
1936	49
1937	49
1938	49
1939	49
1940	48
1941	48
1942	50
1943	48
1944	48
1945	46
1946	46
1947	52
1948	52
1949	52
1950	52
1951	47
1952	46
1953	48
1954	49
1955	49
1956	49
1957	46
1958	48
1959	48
1960	49
1961	49
1962	49
1963	50
1964	50
1965	46
1966	53
1967	47
1968	46
1969	46
1970	47
1971	46
1972	46
1973	46
1974	46
1975	46
1976	46
1977	46
1978	46
1979	53
1980	46
1981	47
1982	48
1983	49
1984	49
1985	49
1986	49
1987	49
1988	49
1989	49
1990	49
1991	49
1992	49
1993	49
1994	49
1995	49
1996	49
1997	49
1998	49
1999	49
2000	49
2001	49
2002	49
2003	49
2004	48
2005	49
2006	50
2007	49
2008	49
2009	49
2010	49
2011	49
2012	51
2013	46
2014	50
2015	48
2016	48
2017	49
2018	48
2019	49
2020	49
2021	49
2022	49
2023	49
2024	49
2025	49
2026	49
2027	49
2028	49
2029	46
2030	50
2031	46
2032	46
2033	49
2034	47
2035	47
2036	49
2037	49
2038	49
2039	49
2040	49
2041	49
2042	49
2043	49
2044	49
2045	49
2046	49
2047	49
2048	52
2049	49
2050	49
2051	49
2052	49
2053	49
2054	49
2055	49
2056	49
2057	49
2058	49
2059	46
2060	46
2061	48
2062	48
2063	52
2064	46
2065	47
2066	49
2067	48
2068	47
2069	46
2070	49
2071	46
2072	46
2073	49
2074	49
2075	49
2076	49
2077	49
2078	48
2079	52
2080	51
2081	51
2082	49
2083	49
2084	49
2085	49
2086	50
2087	52
2088	51
2089	51
2090	47
2091	47
2092	51
2093	51
2094	49
2095	49
2096	49
2097	49
2098	49
2099	52
2100	52
2101	52
2102	52
2103	46
2104	46
2105	51
2106	51
2107	46
2108	51
2109	51
2110	51
2111	46
2112	46
2113	51
2114	51
2115	46
2116	51
2117	51
2118	46
2119	46
2120	51
2121	51
2122	51
2123	52
2124	52
2125	49
2126	49
2127	49
2128	49
2129	46
2130	49
2131	46
2132	51
2133	51
2134	48
2135	48
2136	48
2137	52
2138	52
2139	46
2140	46
2141	50
2142	49
2143	49
2144	49
2145	49
2146	52
2147	52
2148	49
2149	48
2150	52
2151	50
2152	48
2153	52
2154	50
2155	49
2156	49
2157	48
2158	49
2159	48
2160	52
2161	49
2162	49
2163	52
2164	46
2165	52
2166	46
2167	49
2168	49
2169	49
2170	49
2171	49
2172	52
2173	52
2174	48
2175	49
2176	49
2177	49
2178	49
2179	49
2180	49
2181	52
2182	46
2183	46
2184	50
2185	50
2186	49
2187	49
2188	49
2189	49
2190	50
2191	49
2192	49
2193	51
2194	52
2195	51
2196	52
2197	47
2198	49
2199	49
2200	49
2201	50
2202	47
2203	52
2204	52
2205	48
2206	49
2207	49
2208	52
2209	49
2210	48
2211	52
2212	49
2213	49
2214	52
2215	52
2216	52
2217	46
2218	49
2219	49
2220	49
2221	50
2222	49
2223	49
2224	49
2225	50
2226	51
2227	50
2228	51
2229	49
2230	49
2231	49
2232	48
2233	51
2234	51
2235	49
2236	46
2237	49
2238	49
2239	49
2240	46
2241	50
2242	49
2243	49
2244	49
2245	49
2246	49
2247	48
2248	50
2249	49
2250	50
2251	50
2252	49
2253	49
2254	49
2255	49
2256	46
2257	46
2258	49
2259	46
2260	46
2261	46
2262	49
2263	46
2264	52
2265	52
2266	49
2267	49
2268	50
2269	50
2270	49
2271	49
2272	46
2273	46
2274	49
2275	48
2276	50
2277	49
2278	51
2279	49
2280	50
2281	50
2282	49
2283	49
2284	50
2285	49
2286	49
2287	51
2288	49
2289	49
2290	51
2291	49
2292	50
2293	46
2294	49
2295	48
2296	48
2297	50
2298	50
2299	50
2300	50
2301	50
2302	49
2303	50
2304	50
2305	49
2306	50
2307	49
2308	49
2309	48
2310	48
2311	50
2312	49
2313	46
2314	49
2315	50
2316	49
2317	49
2318	49
2319	51
2320	50
2321	49
2322	49
2323	50
2324	50
2325	49
2326	49
2327	49
2328	49
2329	48
2330	49
2331	49
2332	50
2333	50
2334	50
2335	48
2336	49
2337	49
2338	50
2339	49
2340	50
2341	46
2342	50
2343	50
2344	49
2345	51
2346	49
2347	48
2348	49
2349	49
2350	48
2351	50
2352	48
2353	49
2354	48
2355	48
2356	49
2357	49
2358	49
2359	49
2360	49
2361	49
2362	46
2363	49
2364	50
2365	50
2366	50
2367	51
2368	51
2369	49
2370	51
2371	51
2372	50
2373	49
2374	46
2375	51
2376	50
2377	49
2378	50
2379	49
2380	48
2381	46
2382	51
2383	51
2384	46
2385	49
2386	51
2387	50
2388	48
2389	50
2390	48
2391	49
2392	51
2393	50
2394	49
2395	49
2396	49
2397	49
2398	49
2399	49
2400	50
2401	50
2402	49
2403	49
2404	49
2405	48
2406	51
2407	49
2408	49
2409	51
2410	49
2411	46
2412	49
2413	51
2414	49
2415	50
2416	50
2417	51
2418	46
2419	50
2420	50
2421	50
2422	49
2423	50
2424	50
2425	51
2426	51
2427	49
2428	50
2429	48
2430	48
2431	50
2432	50
2433	46
2434	48
2435	50
2436	50
2437	49
2438	49
2439	50
2440	49
2441	49
2442	50
2443	49
2444	49
2445	49
2446	50
2447	49
2448	46
2449	49
2450	51
2451	51
2452	49
2453	51
2454	49
2455	49
2456	48
2457	49
2458	51
2459	50
2460	50
2461	50
2462	49
2463	49
2464	50
2465	49
2466	49
2467	51
2468	46
2469	49
2470	50
2471	49
2472	50
2473	50
2474	46
2475	49
2476	48
2477	49
2478	46
2479	49
2480	51
2481	49
2482	49
2483	49
2484	50
2485	49
2486	49
2487	49
2488	48
2489	50
2490	50
2491	49
2492	50
2493	48
2494	50
2495	49
2496	48
2497	46
2498	49
2499	48
2500	49
2501	49
2502	51
2503	49
2504	49
2505	49
2506	50
2507	49
2508	50
2509	50
2510	46
2511	50
2512	49
2513	50
2514	49
2515	49
2516	50
2517	50
2518	46
2519	50
2520	48
2521	49
2522	49
2523	50
2524	49
2525	49
2526	49
2527	46
2528	50
2529	49
2530	50
2531	48
2532	49
2533	48
2534	50
2535	49
2536	50
2537	50
2538	49
2539	50
2540	48
2541	49
2542	51
2543	48
2544	50
2545	49
2546	49
2547	49
2548	49
2549	48
2550	49
2551	49
2552	49
2553	50
2554	48
2555	46
2556	49
2557	48
2558	50
2559	46
2560	48
2561	50
2562	49
2563	49
2564	49
2565	50
2566	49
2567	49
2568	49
2569	48
2570	48
2571	50
2572	46
2573	48
2574	50
2575	50
2576	49
2577	49
2578	50
2579	49
2580	50
2581	50
2582	49
2583	48
2584	51
2585	46
2586	46
2587	49
2588	50
2589	50
2590	49
2591	48
2592	49
2593	49
2594	51
2595	49
2596	50
2597	51
2598	50
2599	46
2600	49
2601	48
2602	46
2603	49
2604	49
2605	50
2606	49
2607	48
2608	49
2609	49
2610	50
2611	48
2612	50
2613	48
2614	50
2615	49
2616	49
2617	46
2618	50
2619	51
2620	49
2621	49
2622	50
2623	49
2624	50
2625	49
2626	50
2627	51
2628	50
2629	50
2630	50
2631	49
2632	51
2633	49
2634	50
2635	49
2636	50
2637	49
2638	49
2639	50
2640	50
2641	49
2642	49
2643	51
2644	49
2645	49
2646	49
2647	49
2648	48
2649	51
2650	46
2651	50
2652	49
2653	49
2654	49
2655	49
2656	49
2657	49
2658	50
2659	50
2660	49
2661	46
2662	50
2663	49
2664	49
2665	49
2666	49
2667	49
2668	50
2669	48
2670	50
2671	49
2672	50
2673	49
2674	49
2675	50
2676	49
2677	49
2678	48
2679	48
2680	50
2681	48
2682	49
2683	50
2684	48
2685	49
2686	49
2687	46
2688	49
2689	48
2690	46
2691	50
2692	49
2693	50
2694	51
2695	50
2696	48
2697	50
2698	50
2699	49
2700	49
2701	50
2702	49
2703	50
2704	48
2705	51
2706	46
2707	50
2708	46
2709	50
2710	48
2711	49
2712	49
2713	49
2714	48
2715	46
2716	50
2717	50
2718	49
2719	49
2720	46
2721	49
2722	46
2723	49
2724	50
2725	49
2726	49
2727	49
2728	50
2729	48
2730	50
2731	46
2732	49
2733	50
2734	50
2735	49
2736	49
2737	51
2738	48
2739	46
2740	49
2741	51
2742	48
2743	50
2744	49
2745	48
2746	49
2747	48
2748	49
2749	50
2750	50
2751	50
2752	49
2753	49
2754	49
2755	49
2756	50
2757	49
2758	51
2759	49
2760	48
2761	49
2762	50
2763	49
2764	49
2765	51
2766	49
2767	49
2768	48
2769	49
2770	49
2771	49
2772	50
2773	50
2774	49
2775	49
2776	49
2777	48
2778	50
2779	49
2780	49
2781	49
2782	48
2783	46
2784	49
2785	49
2786	50
2787	46
2788	50
2789	48
2790	49
2791	49
2792	49
2793	49
2794	50
2795	49
2796	50
2797	49
2798	48
2799	50
2800	49
2801	51
2802	49
2803	49
2804	51
2805	51
2806	49
2807	50
2808	46
2809	49
2810	49
2811	49
2812	49
2813	50
2814	50
2815	49
2816	49
2817	49
2818	50
2819	50
2820	49
2821	50
2822	50
2823	48
2824	49
2825	49
2826	49
2827	49
2828	46
2829	48
2830	49
2831	48
2832	50
2833	50
2834	50
2835	46
2836	50
2837	50
2838	50
2839	46
2840	49
2841	51
2842	51
2843	49
2844	49
2845	50
2846	50
2847	49
2848	50
2849	49
2850	49
2851	51
2852	46
2853	51
2854	49
2855	51
2856	49
2857	49
2858	49
2859	48
2860	49
2861	50
2862	50
2863	49
2864	48
2865	49
2866	49
2867	46
2868	49
2869	49
2870	51
2871	49
2872	49
2873	49
2874	49
2875	49
2876	48
2877	49
2878	51
2879	49
2880	49
2881	49
2882	49
2883	49
2884	49
2885	50
2886	48
2887	49
2888	49
2889	50
2890	50
2891	50
2892	50
2893	49
2894	49
2895	49
2896	46
2897	49
2898	49
2899	48
2900	49
2901	46
2902	50
2903	46
2904	51
2905	49
2906	50
2907	48
2908	48
2909	49
2910	50
2911	50
2912	49
2913	49
2914	48
2915	51
2916	49
2917	49
2918	48
2919	51
2920	49
2921	48
2922	49
2923	48
2924	49
2925	50
2926	50
2927	50
2928	48
2929	50
2930	46
2931	49
2932	49
2933	49
2934	49
2935	49
2936	46
2937	49
2938	51
2939	49
2940	50
2941	47
2942	49
2943	50
2944	49
2945	50
2946	49
2947	51
2948	49
2949	50
2950	49
2951	49
2952	46
2953	50
2954	50
2955	49
2956	49
2957	50
2958	49
2959	50
2960	46
2961	49
2962	49
2963	49
2964	51
2965	49
2966	49
2967	50
2968	50
2969	50
2970	51
2971	49
2972	50
2973	50
2974	49
2975	49
2976	50
2977	49
2978	50
2979	50
2980	48
2981	49
2982	51
2983	50
2984	49
2985	50
2986	49
2987	51
2988	50
2989	49
2990	48
2991	48
2992	51
2993	51
2994	50
2995	51
2996	48
2997	49
2998	49
2999	48
3000	49
3001	46
3002	50
3003	49
3004	50
3005	49
3006	49
3007	51
3008	50
3009	49
3010	49
3011	49
3012	48
3013	46
3014	50
3015	50
3016	48
3017	51
3018	49
3019	46
3020	48
3021	49
3022	49
3023	51
3024	50
3025	49
3026	50
3027	49
3028	50
3029	49
3030	51
3031	49
3032	46
3033	48
3034	48
3035	50
3036	49
3037	50
3038	49
3039	48
3040	51
3041	46
3042	49
3043	49
3044	49
3045	49
3046	50
3047	50
3048	50
3049	48
3050	50
3051	50
3052	50
3053	49
3054	48
3055	48
3056	51
3057	50
3058	51
3059	50
3060	48
3061	50
3062	50
3063	49
3064	48
3065	49
3066	49
3067	48
3068	51
3069	49
3070	49
3071	49
3072	50
3073	51
3074	49
3075	49
3076	50
3077	49
3078	49
3079	49
3080	49
3081	50
3082	50
3083	50
3084	48
3085	50
3086	50
3087	49
3088	49
3089	46
3090	49
3091	48
3092	51
3093	50
3094	51
3095	50
3096	49
3097	46
3098	50
3099	49
3100	51
3101	49
3102	49
3103	49
3104	49
3105	49
3106	49
3107	49
3108	49
3109	51
3110	49
3111	50
3112	48
3113	46
3114	50
3115	50
3116	48
3117	48
3118	48
3119	49
3120	48
3121	49
3122	50
3123	48
3124	46
3125	46
3126	46
3127	49
3128	46
3129	50
3130	48
3131	46
3132	46
3133	48
3134	51
3135	46
3136	48
3137	51
3138	48
3139	50
3140	49
3141	50
3142	49
3143	49
3144	48
3145	49
3146	49
3147	49
3148	50
3149	49
3150	50
3151	50
3152	49
3153	46
3154	49
3155	50
3156	49
3157	50
3158	46
3159	48
3160	50
3161	51
3162	48
3163	50
3164	50
3165	50
3166	50
3167	49
3168	49
3169	46
3170	49
3171	49
3172	50
3173	46
3174	49
3175	49
3176	49
3177	50
3178	51
3179	50
3180	49
3181	48
3182	49
3183	50
3184	50
3185	49
3186	50
3187	50
3188	49
3189	49
3190	48
3191	50
3192	49
3193	48
3194	49
3195	49
3196	50
3197	50
3198	50
3199	50
3200	49
3201	50
3202	49
3203	50
3204	48
3205	50
3206	46
3207	49
3208	49
3209	46
3210	49
3211	50
3212	50
3213	50
3214	49
3215	49
3216	48
3217	49
3218	49
3219	50
3220	50
3221	49
3222	50
3223	49
3224	49
3225	49
3226	49
3227	50
3228	51
3229	49
3230	49
3231	49
3232	50
3233	50
3234	50
3235	49
3236	49
3237	49
3238	48
3239	46
3240	49
3241	50
3242	49
3243	50
3244	46
3245	50
3246	49
3247	48
3248	50
3249	51
3250	49
3251	50
3252	46
3253	50
3254	46
3255	49
3256	49
3257	49
3258	48
3259	51
3260	49
3261	50
3262	50
3263	48
3264	46
3265	49
3266	50
3267	49
3268	49
3269	49
3270	50
3271	50
3272	50
3273	49
3274	49
3275	49
3276	48
3277	50
3278	51
3279	50
3280	50
3281	49
3282	49
3283	52
3284	49
3285	50
3286	50
3287	46
3288	46
3289	49
3290	50
3291	49
3292	49
3293	51
3294	50
3295	50
3296	46
3297	50
3298	50
3299	49
3300	48
3301	46
3302	48
3303	49
3304	51
3305	49
3306	50
3307	49
3308	51
3309	49
3310	51
3311	50
3312	49
3313	49
3314	49
3315	49
3316	49
3317	48
3318	49
3319	50
3320	50
3321	50
3322	50
3323	48
3324	50
3325	48
3326	48
3327	49
3328	49
3329	51
3330	50
3331	46
3332	49
3333	46
3334	50
3335	49
3336	49
3337	51
3338	49
3339	49
3340	50
3341	46
3342	49
3343	46
3344	48
3345	48
3346	50
3347	51
3348	51
3349	49
3350	48
3351	51
3352	49
3353	49
3354	48
3355	50
3356	49
3357	46
3358	49
3359	50
3360	50
3361	50
3362	50
3363	49
3364	49
3365	50
3366	49
3367	51
3368	49
3369	49
3370	49
3371	48
3372	49
3373	50
3374	51
3375	49
3376	50
3377	49
3378	50
3379	50
3380	51
3381	50
3382	48
3383	48
3384	50
3385	50
3386	50
3387	49
3388	51
3389	48
3390	49
3391	50
3392	49
3393	51
3394	49
3395	49
3396	49
3397	49
3398	49
3399	49
3400	49
3401	49
3402	50
3403	49
3404	50
3405	50
3406	49
3407	49
3408	50
3409	49
3410	48
3411	50
3412	52
3413	46
3414	49
3415	50
3416	50
3417	48
3418	49
3419	50
3420	48
3421	49
3422	49
3423	46
3424	46
3425	49
3426	49
3427	46
3428	49
3429	50
3430	51
3431	49
3432	49
3433	50
3434	51
3435	49
3436	51
3437	50
3438	50
3439	51
3440	46
3441	49
3442	49
3443	50
3444	49
3445	49
3446	51
3447	50
3448	49
3449	49
3450	49
3451	50
3452	49
3453	49
3454	49
3455	48
3456	49
3457	49
3458	49
3459	48
3460	49
3461	50
3462	50
3463	50
3464	49
3465	51
3466	50
3467	48
3468	50
3469	49
3470	46
3471	46
3472	49
3473	49
3474	50
3475	49
3476	48
3477	50
3478	49
3479	50
3480	50
3481	51
3482	50
3483	50
3484	48
