0	48
1	49
2	48
3	46
4	46
5	51
6	50
7	49
8	49
9	50
10	49
11	49
12	49
13	49
14	49
15	49
16	49
17	49
18	52
19	50
20	46
21	48
22	49
23	49
24	49
25	49
26	49
27	49
28	49
29	48
30	48
31	49
32	49
33	50
34	50
35	49
36	49
37	50
38	49
39	49
40	49
41	50
42	49
43	49
44	50
45	48
46	48
47	50
48	49
49	49
50	49
51	46
52	49
53	50
54	50
55	49
56	49
57	49
58	46
59	49
60	49
61	49
62	49
63	49
64	49
65	48
66	49
67	49
68	50
69	46
70	48
71	50
72	49
73	49
74	46
75	49
76	52
77	46
78	46
79	48
80	50
81	49
82	48
83	49
84	49
85	48
86	50
87	49
88	49
89	49
90	50
91	50
92	49
93	50
94	49
95	49
96	52
97	49
98	49
99	46
100	48
101	49
102	49
103	49
104	51
105	48
106	49
107	49
108	48
109	50
110	49
111	49
112	49
113	46
114	46
115	46
116	49
117	49
118	48
119	49
120	49
121	51
122	51
123	49
124	51
125	49
126	48
127	48
128	49
129	49
130	50
131	48
132	46
133	48
134	49
135	49
136	49
137	50
138	50
139	49
140	49
141	49
142	49
143	49
144	48
145	52
146	49
147	46
148	46
149	46
150	49
151	49
152	49
153	49
154	50
155	50
156	49
157	48
158	48
159	49
160	49
161	49
162	49
163	46
164	49
165	51
166	50
167	49
168	49
169	50
170	49
171	49
172	49
173	46
174	49
175	49
176	46
177	46
178	46
179	50
180	49
181	46
182	49
183	48
184	49
185	50
186	49
187	49
188	50
189	48
190	49
191	49
192	50
193	46
194	49
195	52
196	46
197	46
198	49
199	49
200	49
201	49
202	46
203	49
204	49
205	46
206	46
207	49
208	46
209	49
210	49
211	48
212	52
213	46
214	49
215	49
216	49
217	49
218	50
219	46
220	53
221	46
222	49
223	49
224	48
225	49
226	50
227	49
228	49
229	49
230	50
231	50
232	49
233	50
234	49
235	49
236	49
237	49
238	49
239	49
240	49
241	49
242	49
243	49
244	50
245	46
246	49
247	46
248	49
249	49
250	49
251	49
252	46
253	50
254	49
255	49
256	46
257	49
258	49
259	49
260	49
261	49
262	49
263	49
264	49
265	50
266	49
267	50
268	49
269	49
270	46
271	49
272	50
273	49
274	49
275	49
276	49
277	50
278	49
279	48
280	48
281	46
282	49
283	49
284	49
285	51
286	49
287	46
288	49
289	48
290	48
291	49
292	49
293	50
294	49
295	49
296	49
297	50
298	50
299	49
300	49
301	46
302	50
303	49
304	46
305	46
306	51
307	49
308	48
309	49
310	48
311	47
312	46
313	50
314	49
315	49
316	49
317	49
318	46
319	51
320	49
321	46
322	48
323	48
324	50
325	46
326	49
327	49
328	49
329	50
330	49
331	50
332	49
333	49
334	49
335	49
336	46
337	46
338	46
339	46
340	49
341	50
342	50
343	50
344	49
345	49
346	49
347	46
348	46
349	46
350	46
351	50
352	50
353	49
354	48
355	49
356	46
357	46
358	49
359	49
360	49
361	49
362	51
363	49
364	49
365	49
366	46
367	46
368	49
369	49
370	49
371	49
372	49
373	49
374	50
375	46
376	53
377	49
378	49
379	46
380	49
381	49
382	49
383	49
384	49
385	46
386	46
387	46
388	46
389	51
390	49
391	49
392	49
393	49
394	49
395	49
396	46
397	49
398	49
399	49
400	49
401	49
402	49
403	52
404	49
405	50
406	49
407	48
408	49
409	49
410	48
411	46
412	50
413	49
414	49
415	49
416	50
417	49
418	49
419	49
420	49
421	51
422	49
423	49
424	50
425	46
426	46
427	46
428	50
429	51
430	46
431	46
432	49
433	49
434	48
435	49
436	49
437	48
438	46
439	46
440	46
441	46
442	46
443	46
444	46
445	46
446	49
447	46
448	46
449	49
450	49
451	46
452	50
453	49
454	50
455	46
456	51
457	49
458	50
459	49
460	46
461	46
462	49
463	46
464	49
465	46
466	46
467	46
468	49
469	49
470	49
471	49
472	46
473	49
474	49
475	48
476	49
477	46
478	50
479	49
480	48
481	49
482	47
483	47
484	49
485	51
486	48
487	49
488	49
489	50
490	48
491	49
492	49
493	49
494	49
495	49
496	49
497	49
498	49
499	49
500	49
501	49
502	49
503	49
504	46
505	49
506	49
507	49
508	49
509	49
510	49
511	46
512	49
513	50
514	49
515	49
516	49
517	51
518	49
519	49
520	46
521	46
522	51
523	49
524	46
525	46
526	50
527	49
528	49
529	48
530	51
531	50
532	49
533	49
534	49
535	51
536	51
537	51
538	49
539	48
540	49
541	51
542	46
543	46
544	49
545	49
546	49
547	52
548	49
549	52
550	49
551	49
552	49
553	49
554	49
555	49
556	49
557	51
558	46
559	49
560	49
561	49
562	49
563	49
564	49
565	49
566	48
567	49
568	49
569	49
570	48
571	48
572	48
573	49
574	46
575	46
576	49
577	49
578	49
579	50
580	49
581	49
582	49
583	48
584	52
585	52
586	49
587	49
588	49
589	48
590	50
591	49
592	49
593	49
594	49
595	46
596	46
597	52
598	50
599	48
600	49
601	49
602	46
603	49
604	49
605	49
606	49
607	50
608	49
609	46
610	49
611	50
612	49
613	46
614	46
615	51
616	49
617	46
618	46
619	49
620	49
621	48
622	49
623	46
624	46
625	50
626	51
627	49
628	46
629	49
630	50
631	49
632	49
633	49
634	52
635	49
636	49
637	46
638	49
639	46
640	50
641	46
642	46
643	49
644	47
645	51
646	52
647	52
648	49
649	49
650	49
651	49
652	46
653	49
654	49
655	49
656	50
657	49
658	48
659	50
660	49
661	48
662	48
663	49
664	49
665	52
666	49
667	49
668	50
669	46
670	49
671	48
672	50
673	52
674	52
675	49
676	49
677	49
678	49
679	46
680	46
681	50
682	49
683	52
684	46
685	46
686	46
687	49
688	49
689	52
690	49
691	48
692	49
693	49
694	46
695	48
696	46
697	49
698	49
699	50
700	49
701	46
702	49
703	49
704	46
705	46
706	47
707	46
708	52
709	52
710	52
711	52
712	52
713	52
714	52
715	52
716	52
717	52
718	52
719	52
720	52
721	52
722	52
723	52
724	52
725	52
726	52
727	52
728	52
729	52
730	52
731	52
732	52
733	52
734	52
735	52
736	52
737	52
738	52
739	52
740	52
741	52
742	52
743	52
744	52
745	52
746	52
747	52
748	52
749	52
750	52
751	52
752	52
753	52
754	52
755	52
756	52
757	52
758	52
759	52
760	52
761	52
762	52
763	52
764	52
765	52
766	52
767	52
768	52
769	52
770	52
771	52
772	52
773	52
774	52
775	52
776	52
777	52
778	52
779	52
780	52
781	52
782	52
783	52
784	52
785	52
786	52
787	52
788	52
789	52
790	52
791	46
792	49
793	46
794	46
795	49
796	46
797	49
798	49
799	46
800	46
801	46
802	49
803	49
804	46
805	49
806	49
807	46
808	49
809	46
810	49
811	46
812	49
813	49
814	49
815	49
816	49
817	49
818	49
819	49
820	50
821	49
822	46
823	49
824	49
825	46
826	46
827	49
828	49
829	46
830	46
831	46
832	50
833	49
834	49
835	46
836	49
837	49
838	46
839	49
840	49
841	49
842	46
843	49
844	49
845	49
846	49
847	46
848	49
849	46
850	49
851	49
852	49
853	46
854	49
855	50
856	49
857	46
858	49
859	46
860	46
861	49
862	49
863	49
864	46
865	49
866	46
867	46
868	46
869	50
870	49
871	49
872	49
873	49
874	49
875	49
876	49
877	46
878	49
879	46
880	49
881	46
882	46
883	49
884	49
885	49
886	49
887	49
888	46
889	48
890	46
891	49
892	49
893	49
894	46
895	46
896	46
897	50
898	49
899	49
900	46
901	46
902	49
903	46
904	46
905	49
906	46
907	49
908	46
909	49
910	46
911	49
912	49
913	49
914	49
915	49
916	46
917	49
918	49
919	46
920	49
921	46
922	49
923	49
924	49
925	46
926	49
927	49
928	49
929	46
930	49
931	49
932	49
933	46
934	49
935	46
936	46
937	46
938	49
939	46
940	46
941	49
942	46
943	49
944	49
945	49
946	49
947	46
948	46
949	46
950	46
951	49
952	46
953	51
954	46
955	46
956	46
957	46
958	46
959	49
960	46
961	46
962	49
963	46
964	49
965	49
966	46
967	49
968	49
969	49
970	49
971	49
972	49
973	50
974	49
975	49
976	49
977	46
978	50
979	49
980	49
981	49
982	49
983	50
984	49
985	46
986	49
987	49
988	49
989	49
990	46
991	49
992	49
993	49
994	46
995	46
996	49
997	49
998	49
999	49
1000	49
1001	49
1002	49
1003	46
1004	46
1005	49
1006	49
1007	49
1008	46
1009	49
1010	49
1011	49
1012	46
1013	49
1014	46
1015	46
1016	49
1017	46
1018	49
1019	46
1020	46
1021	46
1022	46
1023	49
1024	46
1025	49
1026	49
1027	46
1028	49
1029	49
1030	46
1031	49
1032	49
1033	49
1034	49
1035	50
1036	49
1037	49
1038	49
1039	49
1040	49
1041	49
1042	49
1043	46
1044	46
1045	49
1046	46
1047	46
1048	46
1049	51
1050	49
1051	49
1052	46
1053	49
1054	49
1055	49
1056	49
1057	46
1058	46
1059	49
1060	49
1061	49
1062	49
1063	49
1064	49
1065	46
1066	46
1067	46
1068	46
1069	49
1070	49
1071	46
1072	49
1073	49
1074	49
1075	49
1076	49
1077	49
1078	49
1079	46
1080	49
1081	49
1082	46
1083	49
1084	49
1085	49
1086	49
1087	49
1088	46
1089	46
1090	49
1091	46
1092	46
1093	49
1094	49
1095	49
1096	46
1097	49
1098	46
1099	50
1100	49
1101	49
1102	46
1103	46
1104	46
1105	49
1106	49
1107	49
1108	46
1109	49
1110	50
1111	50
1112	46
1113	46
1114	49
1115	49
1116	49
1117	49
1118	49
1119	49
1120	46
1121	49
1122	49
1123	49
1124	46
1125	46
1126	49
1127	46
1128	46
1129	49
1130	46
1131	49
1132	49
1133	49
1134	49
1135	46
1136	49
1137	49
1138	49
1139	49
1140	46
1141	49
1142	46
1143	46
1144	46
1145	49
1146	49
1147	46
1148	49
1149	46
1150	49
1151	49
1152	49
1153	49
1154	49
1155	49
1156	46
1157	49
1158	46
1159	49
1160	46
1161	46
1162	49
1163	49
1164	49
1165	46
1166	49
1167	49
1168	46
1169	49
1170	49
1171	49
1172	46
1173	46
1174	49
1175	49
1176	49
1177	49
1178	49
1179	49
1180	46
1181	46
1182	49
1183	46
1184	49
1185	49
1186	49
1187	46
1188	46
1189	46
1190	49
1191	49
1192	46
1193	49
1194	49
1195	46
1196	48
1197	46
1198	46
1199	49
1200	46
1201	49
1202	46
1203	46
1204	49
1205	49
1206	49
1207	49
1208	46
1209	46
1210	49
1211	49
1212	46
1213	49
1214	46
1215	46
1216	49
1217	46
1218	49
1219	49
1220	46
1221	49
1222	49
1223	50
1224	49
1225	49
1226	49
1227	49
1228	46
1229	49
1230	49
1231	46
1232	49
1233	49
1234	49
1235	49
1236	49
1237	46
1238	49
1239	46
1240	49
1241	49
1242	46
1243	46
1244	49
1245	46
1246	49
1247	49
1248	49
1249	49
1250	49
1251	49
1252	49
1253	46
1254	49
1255	46
1256	49
1257	49
1258	46
1259	46
1260	46
1261	49
1262	46
1263	49
1264	46
1265	46
1266	49
1267	49
1268	49
1269	46
1270	46
1271	49
1272	49
1273	49
1274	49
1275	49
1276	46
1277	49
1278	49
1279	49
1280	49
1281	46
1282	49
1283	49
1284	46
1285	49
1286	46
1287	49
1288	49
1289	49
1290	49
1291	49
1292	49
1293	49
1294	46
1295	48
1296	46
1297	49
1298	46
1299	49
1300	49
1301	49
1302	46
1303	49
1304	46
1305	49
1306	49
1307	49
1308	49
1309	49
1310	49
1311	49
1312	46
1313	46
1314	46
1315	46
1316	46
1317	46
1318	49
1319	46
1320	49
1321	49
1322	49
1323	46
1324	46
1325	49
1326	46
1327	46
1328	46
1329	49
1330	49
1331	55
1332	46
1333	47
1334	49
1335	46
1336	49
1337	46
1338	49
1339	46
1340	49
1341	46
1342	49
1343	49
1344	49
1345	49
1346	51
1347	46
1348	49
1349	49
1350	49
1351	49
1352	49
1353	46
1354	46
1355	49
1356	49
1357	46
1358	46
1359	49
1360	49
1361	49
1362	49
1363	46
1364	49
1365	46
1366	46
1367	49
1368	46
1369	49
1370	49
1371	46
1372	49
1373	49
1374	49
1375	49
1376	49
1377	49
1378	49
1379	49
1380	49
1381	49
1382	46
1383	49
1384	49
1385	49
1386	49
1387	46
1388	49
1389	49
1390	46
1391	46
1392	46
1393	49
1394	49
1395	49
1396	49
1397	46
1398	49
1399	49
1400	49
1401	46
1402	46
1403	49
1404	49
1405	49
1406	49
1407	49
1408	49
1409	49
1410	49
1411	46
1412	49
1413	46
1414	49
1415	46
1416	46
1417	46
1418	46
1419	49
1420	49
1421	46
1422	49
1423	49
1424	49
1425	49
1426	49
1427	46
1428	49
1429	49
1430	49
1431	46
1432	49
1433	49
1434	49
1435	49
1436	46
1437	46
1438	49
1439	49
1440	49
1441	49
1442	46
1443	49
1444	46
1445	49
1446	46
1447	49
1448	46
1449	46
1450	49
1451	46
1452	49
1453	49
1454	51
1455	46
1456	49
1457	46
1458	49
1459	49
1460	49
1461	46
1462	47
1463	49
1464	49
1465	49
1466	49
1467	46
1468	46
1469	46
1470	49
1471	49
1472	46
1473	46
1474	49
1475	46
1476	49
1477	46
1478	46
1479	46
1480	46
1481	49
1482	46
1483	46
1484	49
1485	49
1486	49
1487	49
1488	49
1489	46
1490	46
1491	49
1492	46
1493	49
1494	49
1495	49
1496	46
1497	49
1498	46
1499	46
1500	49
1501	49
1502	49
1503	49
1504	49
1505	49
1506	46
1507	49
1508	46
1509	46
1510	46
1511	51
1512	49
1513	49
1514	49
1515	49
1516	46
1517	49
1518	49
1519	49
1520	49
1521	49
1522	46
1523	46
1524	49
1525	46
1526	46
1527	46
1528	49
1529	49
1530	46
1531	46
1532	49
1533	49
1534	49
1535	49
1536	46
1537	46
1538	49
1539	46
1540	50
1541	46
1542	50
1543	49
1544	49
1545	46
1546	49
1547	49
1548	49
1549	49
1550	46
1551	49
1552	49
1553	49
1554	49
1555	46
1556	46
1557	49
1558	49
1559	46
1560	49
1561	46
1562	49
1563	49
1564	46
1565	46
1566	46
1567	46
1568	46
1569	46
1570	49
1571	49
1572	46
1573	46
1574	46
1575	46
1576	46
1577	49
1578	49
1579	49
1580	46
1581	49
1582	49
1583	46
1584	49
1585	49
1586	46
1587	49
1588	49
1589	49
1590	46
1591	49
1592	46
1593	46
1594	46
1595	49
1596	49
1597	49
1598	46
1599	49
1600	49
1601	49
1602	49
1603	49
1604	49
1605	46
1606	49
1607	49
1608	46
1609	49
1610	46
1611	49
1612	49
1613	46
1614	46
1615	46
1616	49
1617	49
1618	49
1619	46
1620	46
1621	49
1622	46
1623	49
1624	49
1625	49
1626	46
1627	49
1628	49
1629	46
1630	49
1631	46
1632	49
1633	49
1634	46
1635	46
1636	46
1637	49
1638	46
1639	46
1640	49
1641	46
1642	46
1643	46
1644	46
1645	49
1646	49
1647	49
1648	50
1649	49
1650	46
1651	46
1652	49
1653	49
1654	49
1655	49
1656	49
1657	46
1658	46
1659	46
1660	49
1661	46
1662	46
1663	46
1664	49
1665	46
1666	50
1667	49
1668	49
1669	46
1670	46
1671	49
1672	46
1673	46
1674	49
1675	46
1676	46
1677	46
1678	49
1679	50
1680	46
1681	46
1682	46
1683	49
1684	46
1685	46
1686	46
1687	49
1688	49
1689	49
1690	46
1691	46
1692	49
1693	49
1694	49
1695	49
1696	46
1697	49
1698	46
1699	46
1700	46
1701	49
1702	46
1703	49
1704	50
1705	46
1706	49
1707	49
1708	49
1709	46
1710	46
1711	49
1712	46
1713	49
1714	46
1715	49
1716	46
1717	46
1718	49
1719	46
1720	49
1721	46
1722	49
1723	46
1724	46
1725	49
1726	50
1727	46
1728	49
1729	46
1730	49
1731	46
1732	49
1733	46
1734	46
1735	49
1736	46
1737	49
1738	49
1739	46
1740	49
1741	49
1742	49
1743	49
1744	49
1745	49
1746	46
1747	46
1748	49
1749	49
1750	49
1751	49
1752	46
1753	46
1754	46
1755	49
1756	46
1757	49
1758	49
1759	46
1760	49
1761	51
1762	51
1763	46
1764	49
1765	49
1766	49
1767	49
1768	49
1769	49
1770	46
1771	46
1772	49
1773	46
1774	46
1775	49
1776	46
1777	49
1778	46
1779	49
1780	49
1781	46
1782	49
1783	49
1784	49
1785	46
1786	46
1787	46
1788	49
1789	46
1790	49
1791	49
1792	49
1793	49
1794	46
1795	49
1796	46
1797	49
1798	46
1799	46
1800	49
1801	46
1802	49
1803	49
1804	46
1805	49
1806	49
1807	46
1808	46
1809	49
1810	49
1811	46
1812	46
1813	49
1814	49
1815	46
1816	46
1817	46
1818	49
1819	49
1820	49
1821	49
1822	49
1823	49
1824	49
1825	46
1826	49
1827	49
1828	49
1829	46
1830	46
1831	49
1832	46
1833	49
1834	49
1835	46
1836	49
1837	49
1838	49
1839	51
1840	46
1841	46
1842	46
1843	49
1844	49
1845	49
1846	46
1847	49
1848	49
1849	46
1850	49
1851	49
1852	46
1853	46
1854	49
1855	46
1856	49
1857	49
1858	49
1859	49
1860	46
1861	49
1862	46
1863	49
1864	46
1865	49
1866	46
1867	49
1868	49
1869	46
1870	49
1871	49
1872	49
1873	46
1874	49
1875	49
1876	49
1877	49
1878	49
1879	46
1880	49
1881	46
1882	49
1883	49
1884	49
1885	49
1886	49
1887	49
1888	49
1889	46
1890	49
1891	46
1892	46
1893	46
1894	49
1895	49
1896	46
1897	49
1898	46
1899	46
1900	46
1901	51
1902	48
1903	48
1904	48
1905	46
1906	48
1907	48
1908	51
1909	48
1910	51
1911	51
1912	51
1913	46
1914	51
1915	46
1916	48
1917	51
1918	51
1919	46
1920	51
1921	51
1922	48
1923	51
1924	51
1925	48
1926	48
1927	51
1928	51
1929	51
1930	46
1931	51
1932	48
1933	51
1934	46
1935	51
1936	48
1937	46
1938	51
1939	51
1940	48
1941	48
1942	46
1943	48
1944	46
1945	48
1946	48
1947	51
1948	46
1949	46
1950	46
1951	46
1952	51
1953	46
1954	48
1955	51
1956	51
1957	51
1958	51
1959	51
1960	48
1961	48
1962	51
1963	48
1964	48
1965	46
1966	51
1967	48
1968	51
1969	48
1970	48
1971	46
1972	46
1973	51
1974	51
1975	48
1976	51
1977	48
1978	46
1979	48
1980	48
1981	48
1982	48
1983	48
1984	48
1985	46
1986	46
1987	46
1988	51
1989	46
1990	48
1991	51
1992	48
1993	51
1994	51
1995	51
1996	46
1997	51
1998	51
1999	48
2000	51
2001	51
2002	48
2003	51
2004	51
2005	46
2006	51
2007	51
2008	51
2009	48
2010	48
2011	51
2012	51
2013	48
2014	48
2015	46
2016	51
2017	46
2018	51
2019	48
2020	48
2021	51
2022	51
2023	46
2024	46
2025	46
2026	48
2027	49
2028	49
2029	49
2030	49
2031	50
2032	49
2033	49
2034	49
2035	49
2036	49
2037	49
2038	49
2039	49
2040	50
2041	49
2042	50
2043	49
2044	49
2045	49
2046	50
2047	49
2048	49
2049	49
2050	49
2051	49
2052	49
2053	49
2054	50
2055	49
2056	49
2057	49
2058	50
2059	49
2060	49
2061	49
2062	49
2063	49
2064	49
2065	49
2066	49
2067	49
2068	50
2069	49
2070	49
2071	50
2072	49
2073	50
2074	49
2075	48
2076	49
2077	50
2078	50
2079	49
2080	49
2081	50
2082	49
2083	49
2084	49
2085	50
2086	49
2087	49
2088	49
2089	50
2090	49
2091	50
2092	49
2093	49
2094	49
2095	49
2096	49
2097	49
2098	49
2099	49
2100	50
2101	49
2102	49
2103	49
2104	49
2105	49
2106	49
2107	50
2108	49
2109	49
2110	49
2111	49
2112	49
2113	49
2114	48
2115	49
2116	49
2117	49
2118	49
2119	49
2120	49
2121	49
2122	49
2123	50
2124	50
2125	49
2126	50
2127	49
2128	50
2129	49
2130	49
2131	49
2132	49
2133	50
2134	49
2135	50
2136	49
2137	49
2138	49
2139	49
2140	49
2141	49
2142	49
2143	49
2144	49
2145	50
2146	49
2147	49
2148	49
2149	50
2150	49
2151	50
2152	49
2153	49
2154	49
2155	50
2156	49
2157	49
2158	49
2159	49
2160	49
2161	49
2162	49
2163	49
2164	50
2165	49
2166	50
2167	49
2168	50
2169	49
2170	50
2171	50
2172	49
2173	49
2174	50
2175	49
2176	49
2177	49
2178	49
2179	49
2180	49
2181	49
2182	50
2183	49
2184	49
2185	49
2186	49
2187	49
2188	50
2189	49
2190	50
2191	49
2192	49
2193	49
2194	49
2195	49
2196	49
2197	50
2198	50
2199	50
2200	50
2201	49
2202	49
2203	49
2204	49
2205	50
2206	49
2207	50
2208	49
2209	49
2210	49
2211	49
2212	49
2213	50
2214	50
2215	49
2216	49
2217	50
2218	50
2219	49
2220	49
2221	50
2222	49
2223	49
2224	49
2225	49
2226	49
2227	49
2228	49
2229	49
2230	49
2231	50
2232	49
2233	49
2234	49
2235	49
2236	49
2237	49
2238	49
2239	49
2240	50
2241	50
2242	49
2243	50
2244	49
2245	49
2246	49
2247	49
2248	50
2249	49
2250	49
2251	49
2252	49
2253	49
2254	49
2255	49
2256	49
2257	49
2258	48
2259	50
2260	50
2261	49
2262	49
2263	49
2264	49
2265	50
2266	49
2267	49
2268	49
2269	49
2270	49
2271	49
2272	49
2273	49
2274	49
2275	49
2276	49
2277	49
2278	49
2279	49
2280	49
2281	49
2282	49
2283	49
2284	49
2285	50
2286	49
2287	49
2288	49
2289	50
2290	49
2291	49
2292	49
2293	49
2294	50
2295	49
2296	50
2297	49
2298	50
2299	49
2300	50
2301	49
2302	49
2303	49
2304	49
2305	49
2306	49
2307	49
2308	49
2309	49
2310	49
2311	49
2312	49
2313	50
2314	50
2315	49
2316	49
2317	49
2318	49
2319	49
2320	49
2321	49
2322	49
2323	49
2324	49
2325	50
2326	50
2327	49
2328	49
2329	49
2330	49
2331	49
2332	49
2333	49
2334	49
2335	49
2336	49
2337	46
2338	51
2339	46
2340	46
2341	51
2342	46
2343	46
2344	46
2345	46
2346	46
2347	46
2348	46
2349	51
2350	46
2351	46
2352	48
2353	51
2354	46
2355	46
2356	46
2357	48
2358	48
2359	46
2360	46
2361	52
2362	52
2363	52
2364	52
2365	52
2366	52
2367	52
2368	52
2369	53
2370	52
2371	52
2372	52
2373	52
2374	52
2375	52
2376	46
2377	48
2378	51
2379	48
2380	46
2381	48
2382	48
2383	51
2384	46
2385	48
2386	46
2387	48
2388	51
2389	46
2390	46
2391	46
2392	46
2393	46
2394	48
2395	46
2396	48
2397	46
2398	46
2399	46
2400	46
2401	46
2402	46
2403	46
2404	52
2405	46
2406	48
2407	48
2408	46
2409	48
2410	52
2411	49
2412	49
2413	50
2414	50
2415	49
2416	49
2417	49
2418	49
2419	49
2420	49
2421	50
2422	49
2423	50
2424	49
2425	49
2426	49
2427	46
2428	46
2429	46
2430	49
2431	49
2432	49
2433	49
2434	49
2435	48
2436	50
2437	50
2438	49
2439	49
2440	49
2441	50
2442	49
2443	49
2444	49
2445	49
2446	50
2447	49
2448	49
2449	50
2450	49
2451	49
2452	49
2453	49
2454	50
2455	49
2456	54
2457	49
2458	50
2459	50
2460	49
2461	49
2462	49
2463	49
2464	49
2465	46
2466	49
2467	49
2468	50
2469	49
2470	49
2471	50
2472	50
2473	49
2474	46
2475	49
2476	49
2477	48
2478	50
2479	49
2480	52
2481	50
2482	50
2483	49
2484	49
2485	49
2486	51
2487	49
2488	49
2489	49
2490	46
2491	50
2492	49
2493	49
2494	49
2495	49
2496	49
2497	49
2498	49
2499	49
2500	49
2501	49
2502	49
2503	49
2504	49
2505	49
2506	50
2507	50
2508	50
2509	49
2510	49
2511	50
2512	49
2513	52
2514	47
2515	49
2516	49
2517	50
2518	50
2519	49
2520	46
2521	49
2522	46
2523	49
2524	49
2525	49
2526	49
2527	49
2528	50
2529	50
2530	49
2531	46
2532	49
2533	49
2534	49
2535	50
2536	50
2537	49
2538	49
2539	49
2540	49
2541	50
2542	49
2543	49
2544	52
2545	49
2546	49
2547	49
2548	49
2549	49
2550	49
2551	50
2552	50
2553	49
2554	50
2555	49
2556	49
2557	49
2558	49
2559	49
2560	49
2561	49
2562	49
2563	49
2564	50
2565	50
2566	49
2567	49
2568	49
2569	46
2570	49
2571	49
2572	50
2573	50
2574	50
2575	52
2576	49
2577	49
2578	49
2579	49
2580	49
2581	49
2582	49
2583	49
2584	50
2585	49
2586	49
2587	49
2588	49
2589	49
2590	49
2591	50
2592	49
2593	49
2594	49
2595	49
2596	49
2597	49
2598	46
2599	49
2600	50
2601	50
2602	49
2603	46
2604	49
2605	49
2606	49
2607	50
2608	49
2609	49
2610	49
2611	49
2612	48
2613	49
2614	50
2615	50
2616	46
2617	49
2618	46
2619	49
2620	49
2621	50
2622	50
2623	49
2624	49
2625	49
2626	49
2627	49
2628	49
2629	49
2630	49
2631	49
2632	50
2633	52
2634	49
2635	49
2636	49
2637	49
2638	49
2639	54
2640	49
2641	49
2642	50
2643	49
2644	49
2645	51
2646	49
2647	49
2648	49
2649	49
2650	51
2651	49
2652	49
2653	49
2654	49
2655	49
2656	49
2657	49
2658	49
2659	49
2660	49
2661	50
2662	50
2663	49
2664	49
2665	49
2666	46
2667	48
2668	50
2669	49
2670	49
2671	49
2672	50
2673	49
2674	46
2675	51
2676	46
2677	49
2678	49
2679	49
2680	49
2681	50
2682	46
2683	50
2684	49
2685	49
2686	50
2687	49
2688	50
2689	49
2690	50
2691	49
2692	51
2693	49
2694	46
2695	54
2696	50
2697	49
2698	49
2699	49
2700	49
2701	49
2702	49
2703	49
2704	49
2705	49
2706	49
2707	49
2708	49
2709	46
2710	49
2711	49
2712	49
2713	49
2714	49
2715	49
2716	49
2717	46
2718	49
2719	49
2720	49
2721	49
2722	49
2723	49
2724	49
2725	46
2726	46
2727	49
2728	50
2729	49
2730	49
2731	49
2732	49
2733	49
2734	49
2735	49
2736	50
2737	50
2738	49
2739	49
2740	49
2741	49
2742	49
2743	49
2744	49
2745	49
2746	49
2747	48
2748	49
2749	49
2750	53
2751	49
2752	50
2753	49
2754	49
2755	49
2756	46
2757	49
2758	46
2759	49
2760	49
2761	49
2762	50
2763	46
2764	46
2765	46
2766	52
2767	49
2768	49
2769	48
2770	49
2771	49
2772	49
2773	49
2774	49
2775	49
2776	46
2777	48
2778	49
2779	49
2780	48
2781	49
2782	49
2783	49
2784	49
2785	49
2786	49
2787	50
2788	46
2789	49
2790	46
2791	46
2792	50
2793	49
2794	49
2795	51
2796	49
2797	49
2798	52
2799	52
2800	49
2801	49
2802	49
2803	49
2804	46
2805	46
2806	49
2807	46
2808	50
2809	49
2810	50
2811	50
2812	49
2813	50
2814	50
2815	48
2816	49
2817	49
2818	49
2819	49
2820	51
2821	50
2822	50
2823	49
2824	49
2825	50
2826	50
2827	49
2828	49
2829	49
2830	49
2831	51
2832	49
2833	49
2834	49
2835	49
2836	49
2837	50
2838	49
2839	49
2840	49
2841	49
2842	49
2843	49
2844	49
2845	50
2846	46
2847	49
2848	49
2849	49
2850	49
2851	49
2852	46
2853	49
2854	49
2855	49
2856	49
2857	48
2858	50
2859	48
2860	49
2861	49
2862	49
2863	49
2864	50
2865	49
2866	49
2867	49
2868	49
2869	49
2870	49
2871	49
2872	49
2873	46
2874	49
2875	49
2876	50
2877	49
2878	49
2879	49
2880	49
2881	49
2882	49
2883	46
2884	49
2885	49
2886	49
2887	49
2888	49
2889	49
2890	49
2891	48
2892	49
2893	49
2894	49
2895	49
2896	46
2897	49
2898	49
2899	49
2900	46
2901	49
2902	49
2903	50
2904	46
2905	49
2906	49
2907	49
2908	49
2909	49
2910	49
2911	46
2912	49
2913	49
2914	46
2915	49
2916	49
2917	49
2918	50
2919	49
2920	49
2921	49
2922	50
2923	49
2924	51
2925	50
2926	49
2927	49
2928	46
2929	49
2930	50
2931	50
2932	52
2933	49
2934	49
2935	46
2936	46
2937	46
2938	49
2939	49
2940	56
2941	49
2942	49
2943	49
2944	49
2945	49
2946	49
2947	46
2948	49
2949	48
2950	49
2951	50
2952	49
2953	46
2954	49
2955	46
2956	46
2957	50
2958	49
2959	47
2960	48
2961	49
2962	49
2963	49
2964	49
2965	50
2966	49
2967	46
2968	50
2969	49
2970	46
2971	49
2972	47
2973	49
2974	49
2975	49
2976	50
2977	50
2978	49
2979	50
2980	46
2981	49
2982	46
2983	49
2984	49
2985	49
2986	49
2987	49
2988	52
2989	49
2990	49
2991	49
2992	49
2993	49
2994	50
2995	51
2996	49
2997	49
2998	48
2999	50
3000	50
3001	49
3002	46
3003	49
3004	49
3005	49
3006	48
3007	50
3008	50
3009	51
3010	49
3011	51
3012	49
3013	49
3014	48
3015	49
3016	48
3017	50
3018	50
3019	49
3020	49
3021	48
3022	48
3023	49
3024	50
3025	51
3026	46
3027	49
3028	49
3029	50
3030	49
3031	49
3032	50
3033	50
3034	49
3035	50
3036	49
3037	49
3038	49
3039	49
3040	50
3041	49
3042	49
3043	49
3044	49
3045	46
3046	49
3047	50
3048	51
3049	49
3050	50
3051	46
3052	49
3053	49
3054	49
3055	50
3056	49
3057	49
3058	49
3059	48
3060	49
3061	49
3062	50
3063	50
3064	49
3065	49
3066	49
3067	49
3068	49
3069	51
3070	49
3071	49
3072	49
3073	49
3074	46
3075	49
3076	49
3077	50
3078	49
3079	49
3080	49
3081	50
3082	49
3083	49
3084	49
3085	49
3086	50
3087	50
3088	50
3089	49
3090	49
3091	49
3092	49
3093	49
3094	49
3095	49
3096	46
3097	50
3098	49
3099	49
3100	49
3101	49
3102	49
3103	49
3104	49
3105	50
3106	51
3107	49
3108	48
3109	49
3110	51
3111	50
3112	46
3113	50
3114	51
3115	49
3116	49
3117	49
3118	49
3119	49
3120	49
3121	46
3122	49
3123	49
3124	49
3125	51
3126	49
3127	48
3128	49
3129	49
3130	46
3131	46
3132	49
3133	49
3134	49
3135	50
3136	49
3137	49
3138	49
3139	49
3140	48
3141	48
3142	50
3143	49
3144	49
3145	49
3146	48
3147	48
3148	50
3149	49
3150	50
3151	50
3152	46
3153	49
3154	49
3155	49
3156	49
3157	49
3158	50
3159	49
3160	49
3161	49
3162	48
3163	49
3164	49
3165	49
3166	46
3167	49
3168	50
3169	49
3170	49
3171	50
3172	46
3173	50
3174	49
3175	49
3176	46
3177	49
3178	50
3179	48
3180	49
3181	49
3182	49
3183	50
3184	46
3185	48
3186	49
3187	49
3188	46
3189	51
3190	49
3191	49
3192	46
3193	49
3194	48
3195	49
3196	49
3197	49
3198	50
3199	50
3200	46
3201	50
3202	49
3203	50
3204	49
3205	51
3206	49
3207	49
3208	49
3209	49
3210	49
3211	49
3212	48
3213	49
3214	49
3215	49
3216	49
3217	46
3218	49
3219	50
3220	46
3221	48
3222	49
3223	49
3224	49
3225	46
3226	49
3227	49
3228	49
3229	50
3230	48
3231	50
3232	49
3233	50
3234	49
3235	50
3236	46
3237	49
3238	49
3239	49
3240	49
3241	49
3242	49
3243	46
3244	50
3245	50
3246	46
3247	50
3248	46
3249	49
3250	51
3251	49
3252	50
3253	50
3254	50
3255	50
3256	49
3257	50
3258	50
3259	50
3260	49
3261	46
3262	51
3263	49
3264	49
3265	46
3266	50
3267	50
3268	50
3269	50
3270	46
3271	49
3272	49
3273	49
3274	49
3275	50
3276	49
3277	49
3278	46
3279	49
3280	46
3281	49
3282	49
3283	50
3284	46
3285	49
3286	50
3287	49
3288	49
3289	51
3290	49
3291	50
3292	50
3293	49
3294	50
3295	49
3296	50
3297	50
3298	49
3299	49
3300	49
3301	50
3302	51
3303	49
3304	49
3305	48
3306	50
3307	49
3308	50
3309	49
3310	48
3311	49
3312	50
3313	49
3314	49
3315	49
3316	49
3317	49
3318	49
3319	49
3320	49
3321	49
3322	49
3323	46
3324	49
3325	49
3326	49
3327	46
3328	46
3329	49
3330	49
3331	49
3332	49
3333	49
3334	50
3335	49
3336	49
3337	50
3338	50
3339	49
3340	49
3341	50
3342	49
3343	50
3344	46
3345	49
3346	46
3347	46
3348	49
3349	49
3350	49
3351	50
3352	49
3353	50
3354	46
3355	49
3356	49
3357	49
3358	49
3359	49
3360	49
3361	46
3362	49
3363	46
3364	51
3365	50
3366	46
3367	49
3368	49
3369	50
3370	50
3371	49
3372	49
3373	50
3374	49
3375	49
3376	50
3377	49
3378	51
3379	48
3380	49
3381	49
3382	49
3383	50
3384	48
3385	49
3386	49
3387	49
3388	49
3389	50
3390	50
3391	49
3392	46
3393	50
3394	46
3395	49
3396	50
3397	50
3398	50
3399	49
3400	49
3401	50
3402	49
3403	49
3404	49
3405	50
3406	46
3407	46
3408	49
3409	50
3410	50
3411	49
3412	51
3413	50
3414	50
3415	49
3416	49
3417	48
3418	50
3419	49
3420	49
3421	50
3422	50
3423	49
3424	48
3425	49
3426	46
3427	46
3428	49
3429	50
3430	49
3431	49
3432	49
3433	50
3434	50
3435	49
3436	49
3437	49
3438	49
3439	50
3440	51
3441	49
3442	49
3443	49
3444	49
3445	50
3446	49
3447	49
3448	46
3449	49
3450	48
3451	49
3452	50
3453	46
3454	51
3455	49
3456	46
3457	50
3458	50
3459	49
3460	46
3461	48
3462	51
3463	46
3464	49
3465	46
3466	49
3467	49
3468	48
3469	48
3470	49
3471	50
3472	46
3473	49
3474	46
3475	48
3476	49
3477	50
3478	50
3479	50
3480	49
3481	49
3482	50
3483	50
3484	49
3485	49
3486	49
3487	50
3488	48
3489	46
3490	49
3491	49
3492	46
3493	46
3494	51
3495	46
3496	49
3497	50
3498	49
3499	50
3500	50
3501	49
3502	46
3503	50
3504	46
3505	49
3506	49
3507	49
3508	49
3509	49
3510	50
3511	49
3512	50
3513	49
3514	49
3515	49
3516	49
3517	49
3518	49
3519	50
3520	49
3521	50
3522	49
3523	49
3524	49
3525	50
3526	48
3527	50
3528	49
3529	48
3530	49
3531	50
3532	50
3533	46
3534	46
3535	50
3536	48
3537	49
3538	48
3539	49
3540	49
3541	49
3542	49
3543	49
3544	50
3545	49
3546	49
3547	46
3548	46
3549	46
3550	49
3551	49
3552	50
3553	49
3554	51
3555	48
3556	49
3557	46
3558	46
3559	49
3560	49
3561	50
3562	49
3563	49
3564	46
3565	49
3566	49
3567	49
3568	49
3569	49
3570	49
3571	49
3572	46
3573	50
3574	51
3575	49
3576	49
3577	49
3578	48
3579	48
3580	49
3581	49
3582	49
3583	49
3584	48
3585	50
3586	49
3587	50
3588	48
3589	49
3590	49
3591	48
3592	50
3593	48
3594	49
3595	48
3596	49
3597	49
3598	49
3599	49
3600	49
3601	49
3602	49
3603	49
3604	49
3605	46
3606	51
3607	50
3608	49
3609	49
3610	49
3611	49
3612	49
3613	48
3614	49
3615	48
3616	50
3617	49
3618	50
3619	49
3620	49
3621	49
3622	49
3623	50
3624	49
3625	46
3626	49
3627	51
3628	49
3629	48
3630	49
3631	49
3632	49
3633	49
3634	49
3635	49
3636	46
3637	49
3638	46
3639	49
3640	49
3641	49
3642	49
3643	49
3644	49
3645	50
3646	48
3647	49
3648	49
3649	49
3650	49
3651	50
3652	49
3653	49
3654	49
3655	49
3656	51
3657	49
3658	46
3659	49
3660	49
3661	48
3662	49
3663	46
3664	46
3665	49
3666	49
3667	50
3668	46
3669	49
3670	49
3671	49
3672	49
3673	49
3674	49
3675	50
3676	49
3677	48
3678	48
3679	50
3680	48
3681	49
3682	48
3683	46
3684	48
3685	50
3686	49
3687	49
3688	50
3689	49
3690	46
3691	46
3692	50
3693	50
3694	49
3695	46
3696	51
3697	49
3698	50
3699	49
3700	48
3701	49
3702	48
3703	49
3704	49
3705	48
3706	49
3707	46
3708	49
3709	49
3710	49
3711	49
3712	50
3713	51
3714	49
3715	49
3716	51
3717	49
3718	48
3719	49
3720	49
3721	48
3722	50
3723	46
3724	46
3725	50
3726	50
3727	49
3728	50
3729	51
3730	49
3731	49
3732	46
3733	51
3734	46
3735	49
3736	49
3737	50
3738	49
3739	50
3740	49
3741	46
3742	49
3743	49
3744	49
3745	48
3746	49
3747	49
3748	49
3749	49
3750	49
3751	46
3752	49
3753	49
3754	50
3755	49
3756	49
3757	49
3758	50
3759	51
3760	49
3761	49
3762	48
3763	50
3764	49
3765	46
3766	48
3767	49
3768	49
3769	49
3770	49
3771	50
3772	48
3773	49
3774	48
3775	49
3776	48
3777	50
3778	49
3779	46
3780	46
3781	49
3782	49
3783	48
3784	49
3785	49
3786	50
3787	50
3788	46
3789	49
3790	49
3791	49
3792	49
3793	48
3794	48
3795	49
3796	51
3797	48
3798	49
3799	46
3800	49
3801	46
3802	49
3803	49
3804	50
3805	49
3806	49
3807	49
3808	49
3809	49
3810	50
3811	49
3812	49
3813	51
3814	46
3815	49
3816	46
3817	49
3818	49
3819	49
3820	49
3821	49
3822	49
3823	49
3824	51
3825	49
3826	49
3827	50
3828	51
3829	48
3830	49
3831	49
3832	49
3833	50
3834	49
3835	46
3836	49
3837	49
3838	49
3839	51
3840	49
3841	49
3842	50
3843	49
3844	50
3845	48
3846	49
3847	50
3848	49
3849	48
3850	48
3851	50
3852	49
3853	49
3854	51
3855	51
3856	49
3857	49
3858	49
3859	49
3860	49
3861	49
3862	49
3863	49
3864	49
3865	49
3866	48
3867	49
3868	50
3869	49
3870	48
3871	48
3872	50
3873	49
3874	46
3875	49
3876	51
3877	49
3878	49
3879	49
3880	50
3881	49
3882	49
3883	49
3884	49
3885	50
3886	49
3887	50
3888	48
3889	46
3890	49
3891	49
3892	49
3893	50
3894	46
3895	49
3896	49
3897	50
3898	46
3899	48
3900	50
3901	49
3902	49
3903	49
3904	49
3905	50
3906	46
3907	46
3908	51
3909	48
3910	49
3911	48
3912	49
3913	49
3914	46
3915	49
3916	48
3917	46
3918	49
3919	49
3920	49
3921	50
3922	49
3923	49
3924	50
3925	49
3926	49
3927	49
3928	50
3929	49
3930	46
3931	49
3932	49
3933	49
3934	49
3935	49
3936	50
3937	49
3938	50
3939	49
3940	49
3941	50
3942	49
3943	49
3944	48
3945	49
3946	49
3947	49
3948	49
3949	50
3950	49
3951	49
3952	46
3953	49
3954	49
3955	48
3956	50
3957	49
3958	51
3959	46
3960	49
3961	49
3962	49
3963	49
3964	48
3965	50
3966	50
3967	49
3968	48
3969	50
3970	50
3971	49
3972	46
3973	49
3974	46
3975	49
3976	46
3977	46
3978	50
3979	49
3980	50
3981	49
3982	50
3983	51
3984	48
3985	50
3986	51
3987	49
3988	49
3989	49
3990	50
3991	49
3992	49
3993	49
3994	49
3995	49
3996	49
3997	49
3998	50
3999	49
4000	49
4001	50
4002	53
4003	49
4004	46
4005	46
4006	48
4007	50
4008	46
4009	49
4010	49
4011	49
4012	49
4013	48
4014	49
4015	49
4016	48
4017	49
4018	49
4019	49
4020	50
4021	49
4022	49
4023	49
4024	46
4025	49
4026	48
4027	49
4028	46
4029	50
4030	49
4031	46
4032	50
4033	48
4034	49
4035	46
4036	46
4037	46
4038	49
4039	46
4040	49
4041	49
4042	46
4043	46
4044	49
4045	49
4046	50
4047	49
4048	49
4049	49
4050	46
4051	49
4052	49
4053	49
4054	49
4055	49
4056	49
4057	49
4058	48
4059	49
4060	51
4061	49
4062	49
4063	49
4064	50
4065	51
4066	51
4067	49
4068	50
4069	49
4070	51
4071	49
4072	49
4073	49
4074	48
4075	49
4076	50
4077	49
4078	46
4079	49
4080	51
4081	49
4082	48
4083	50
4084	49
4085	49
4086	49
4087	48
4088	49
4089	49
4090	48
4091	50
4092	51
4093	49
4094	49
4095	49
4096	51
4097	50
4098	49
4099	49
4100	49
4101	49
4102	49
4103	49
4104	50
4105	49
4106	49
4107	46
4108	50
4109	49
4110	49
4111	50
4112	49
4113	51
4114	46
4115	50
4116	46
4117	49
4118	49
4119	48
4120	49
4121	49
4122	50
4123	49
4124	49
4125	49
4126	46
4127	49
4128	49
4129	50
4130	49
4131	50
4132	50
4133	46
4134	48
4135	49
4136	49
4137	51
4138	49
4139	49
4140	50
4141	49
4142	49
4143	50
4144	49
4145	51
4146	49
4147	50
4148	50
4149	49
4150	49
4151	49
4152	48
4153	49
4154	49
4155	49
4156	49
4157	49
4158	48
4159	51
4160	49
4161	49
4162	51
4163	49
4164	46
4165	49
4166	49
4167	49
4168	50
4169	49
4170	48
4171	46
4172	49
4173	50
4174	50
4175	49
4176	49
4177	48
4178	46
4179	49
4180	49
4181	50
4182	49
4183	49
4184	49
4185	49
4186	51
4187	49
4188	49
4189	49
4190	49
4191	50
4192	48
4193	49
4194	49
4195	49
4196	49
4197	50
4198	46
4199	49
4200	49
4201	50
4202	49
4203	46
4204	49
4205	49
4206	46
4207	46
4208	48
4209	51
4210	50
4211	49
4212	46
4213	49
4214	50
4215	48
4216	50
4217	51
4218	48
4219	50
4220	48
4221	49
4222	50
4223	50
4224	51
4225	49
4226	49
4227	49
4228	49
4229	49
4230	50
4231	48
4232	49
4233	50
4234	49
4235	49
4236	49
4237	49
4238	50
4239	49
4240	46
4241	49
4242	49
4243	50
4244	49
4245	49
4246	49
4247	49
4248	49
4249	50
4250	49
4251	49
4252	49
4253	51
4254	50
4255	49
4256	48
4257	46
4258	50
4259	50
4260	49
4261	51
4262	49
4263	49
4264	49
4265	49
4266	49
4267	48
4268	50
4269	49
4270	50
4271	49
4272	49
4273	49
4274	49
4275	50
4276	49
4277	50
4278	49
4279	46
4280	49
4281	49
4282	49
4283	49
4284	49
4285	50
4286	51
4287	49
4288	49
4289	50
4290	49
4291	50
4292	50
4293	50
4294	49
4295	48
4296	51
4297	49
4298	49
4299	50
4300	46
4301	50
4302	49
4303	48
4304	49
4305	49
4306	46
4307	50
4308	49
4309	49
4310	50
4311	46
4312	49
4313	49
4314	50
4315	49
4316	49
4317	46
4318	51
4319	50
4320	49
4321	48
4322	51
4323	49
4324	49
4325	49
4326	49
4327	46
4328	46
4329	49
4330	46
4331	50
4332	46
4333	49
4334	49
4335	49
4336	46
4337	50
4338	48
4339	50
4340	50
4341	49
4342	49
4343	49
4344	49
4345	48
4346	49
4347	51
4348	49
4349	50
4350	51
4351	49
4352	46
4353	51
4354	46
4355	49
4356	46
4357	49
4358	49
4359	50
4360	49
4361	50
4362	49
4363	50
4364	46
4365	49
4366	50
4367	49
4368	49
4369	49
4370	49
4371	49
4372	49
4373	49
4374	49
4375	49
4376	49
4377	49
4378	49
4379	51
4380	49
4381	49
4382	50
4383	48
4384	50
4385	50
4386	50
4387	50
4388	49
4389	51
4390	48
4391	49
4392	49
4393	49
4394	49
4395	49
4396	49
4397	50
4398	46
4399	49
4400	50
4401	49
4402	51
4403	48
4404	49
4405	50
4406	49
4407	51
4408	46
4409	49
4410	51
4411	46
4412	51
4413	48
4414	50
4415	49
4416	49
4417	49
4418	49
4419	49
4420	49
4421	49
4422	48
4423	49
4424	49
4425	50
4426	49
4427	49
4428	51
4429	50
4430	46
4431	48
4432	49
4433	49
4434	49
4435	46
4436	50
4437	49
4438	49
4439	49
4440	51
4441	46
4442	51
4443	49
4444	49
4445	50
4446	50
4447	46
4448	48
4449	49
4450	49
4451	51
4452	50
4453	48
4454	49
4455	49
4456	46
4457	49
4458	51
4459	50
4460	49
4461	49
4462	49
4463	48
4464	51
4465	49
4466	49
4467	50
4468	50
4469	50
4470	46
4471	49
4472	46
4473	49
4474	49
4475	49
4476	46
4477	46
4478	49
4479	49
4480	50
4481	49
4482	49
4483	49
4484	51
4485	49
4486	49
4487	50
4488	49
4489	49
4490	49
4491	46
4492	49
4493	51
4494	49
4495	49
4496	49
4497	51
4498	49
4499	49
4500	49
4501	51
4502	50
4503	49
4504	49
4505	49
4506	49
4507	49
4508	46
4509	50
4510	49
4511	48
4512	49
4513	49
4514	50
4515	48
4516	49
4517	49
4518	50
4519	49
4520	49
4521	50
4522	49
4523	49
4524	50
4525	49
4526	46
4527	49
4528	49
4529	49
4530	49
4531	49
4532	49
4533	50
4534	49
4535	49
4536	50
4537	46
4538	49
4539	49
4540	49
4541	49
4542	49
4543	49
4544	48
4545	50
4546	49
4547	49
4548	49
4549	49
4550	49
4551	50
4552	46
4553	48
4554	49
4555	49
4556	51
4557	51
4558	49
4559	50
4560	49
4561	50
4562	49
4563	48
4564	49
4565	48
4566	49
4567	46
4568	49
4569	49
4570	50
4571	49
4572	49
4573	49
4574	50
4575	51
4576	50
4577	51
4578	49
4579	50
4580	51
4581	49
4582	49
4583	48
4584	49
4585	49
4586	49
4587	49
4588	51
4589	51
4590	51
4591	50
4592	49
4593	49
4594	49
4595	49
4596	49
4597	49
4598	46
4599	50
4600	49
4601	50
4602	46
4603	46
4604	49
4605	49
4606	49
4607	50
4608	50
4609	50
4610	49
4611	49
4612	51
4613	46
4614	49
4615	49
4616	49
4617	49
4618	49
4619	49
4620	50
4621	49
4622	49
4623	49
4624	49
4625	51
4626	50
4627	49
4628	46
4629	49
4630	49
4631	46
4632	49
4633	49
4634	49
4635	49
4636	49
4637	51
4638	49
4639	49
4640	49
4641	46
4642	49
4643	46
4644	51
4645	50
4646	50
4647	49
4648	49
4649	49
4650	49
4651	49
4652	49
4653	49
4654	49
4655	50
4656	49
4657	46
4658	50
4659	49
4660	46
4661	49
4662	50
4663	49
4664	46
4665	49
4666	46
4667	46
4668	49
4669	48
4670	50
4671	49
4672	49
4673	50
4674	49
4675	49
4676	51
4677	48
4678	49
4679	49
4680	49
4681	49
4682	46
4683	49
4684	49
4685	46
4686	50
4687	49
4688	49
4689	51
4690	48
4691	49
4692	49
4693	49
4694	50
4695	50
4696	49
4697	49
4698	50
4699	50
4700	49
4701	50
4702	48
4703	49
4704	49
4705	49
4706	49
4707	49
4708	49
4709	50
4710	50
4711	49
4712	49
4713	51
4714	48
4715	50
4716	49
4717	49
4718	49
4719	49
4720	48
4721	46
4722	49
4723	49
4724	50
4725	49
4726	49
4727	49
4728	46
4729	49
4730	49
4731	48
4732	49
4733	49
4734	51
4735	46
4736	49
4737	50
4738	49
4739	50
4740	49
4741	49
4742	49
4743	49
4744	49
4745	50
4746	49
4747	49
4748	51
4749	46
4750	49
4751	48
4752	49
4753	49
4754	51
4755	49
4756	49
4757	49
4758	50
4759	48
4760	49
4761	48
4762	50
4763	46
4764	48
4765	49
4766	51
4767	49
4768	49
4769	49
4770	49
4771	46
4772	49
4773	49
4774	49
4775	50
4776	49
4777	50
4778	51
4779	49
4780	49
4781	48
4782	50
4783	49
4784	50
4785	51
4786	49
4787	46
4788	49
4789	49
4790	49
4791	49
4792	49
4793	49
4794	49
4795	50
4796	50
4797	49
4798	49
4799	50
4800	49
4801	49
4802	49
4803	51
4804	46
4805	49
4806	49
4807	48
