499	0	552
552	1	499
499	0	530
530	1	499
499	0	541
541	1	499
499	0	531
531	1	499
499	0	542
542	1	499
499	0	547
547	1	499
499	0	846
846	1	499
499	0	549
549	1	499
499	0	532
532	1	499
3	0	552
552	1	3
3	0	476
476	1	3
3	0	461
461	1	3
377	0	477
477	1	377
12	0	552
552	1	12
12	0	477
477	1	12
12	0	567
567	1	12
12	0	965
965	1	12
445	0	552
552	1	445
445	0	502
502	1	445
445	0	543
543	1	445
445	0	503
503	1	445
445	0	719
719	1	445
445	0	504
504	1	445
445	0	833
833	1	445
445	0	505
505	1	445
551	0	552
552	1	551
551	0	640
640	1	551
487	0	552
552	1	487
487	0	998
998	1	487
63	0	552
552	1	63
66	0	552
552	1	66
66	0	399
399	1	66
66	0	484
484	1	66
66	0	526
526	1	66
66	0	546
546	1	66
66	0	548
548	1	66
66	0	539
539	1	66
66	0	550
550	1	66
66	0	551
551	1	66
66	0	640
640	1	66
433	0	552
552	1	433
433	0	498
498	1	433
433	0	529
529	1	433
433	0	499
499	1	433
433	0	846
846	1	433
433	0	542
542	1	433
433	0	547
547	1	433
433	0	549
549	1	433
532	0	552
552	1	532
532	0	542
542	1	532
532	0	549
549	1	532
532	0	846
846	1	532
532	0	547
547	1	532
117	0	552
552	1	117
117	0	437
437	1	117
117	0	854
854	1	117
542	0	552
552	1	542
542	0	547
547	1	542
542	0	549
549	1	542
548	0	552
552	1	548
548	0	551
551	1	548
548	0	640
640	1	548
548	0	550
550	1	548
184	0	552
552	1	184
184	0	612
612	1	184
184	0	1096
1096	1	184
196	0	552
552	1	196
196	0	428
428	1	196
473	0	552
552	1	473
473	0	981
981	1	473
473	0	522
522	1	473
208	0	552
552	1	208
208	0	432
432	1	208
208	0	531
531	1	208
208	0	541
541	1	208
208	0	542
542	1	208
208	0	547
547	1	208
208	0	549
549	1	208
208	0	846
846	1	208
208	0	499
499	1	208
208	0	532
532	1	208
208	0	433
433	1	208
522	0	552
552	1	522
522	0	981
981	1	522
502	0	552
552	1	502
502	0	543
543	1	502
502	0	840
840	1	502
502	0	534
534	1	502
256	0	552
552	1	256
274	0	552
552	1	274
274	0	978
978	1	274
399	0	552
552	1	399
399	0	484
484	1	399
399	0	526
526	1	399
399	0	546
546	1	399
399	0	548
548	1	399
399	0	539
539	1	399
399	0	550
550	1	399
399	0	551
551	1	399
399	0	640
640	1	399
294	0	552
552	1	294
543	0	552
552	1	543
543	0	840
840	1	543
339	0	552
552	1	339
549	0	552
552	1	549
550	0	552
552	1	550
550	0	551
551	1	550
550	0	640
640	1	550
484	0	552
552	1	484
484	0	526
526	1	484
484	0	548
548	1	484
484	0	546
546	1	484
484	0	551
551	1	484
484	0	640
640	1	484
484	0	550
550	1	484
484	0	539
539	1	484
552	0	1102
1102	1	552
552	0	553
553	1	552
552	0	554
554	1	552
552	0	555
555	1	552
552	0	556
556	1	552
552	0	557
557	1	552
552	0	558
558	1	552
552	0	559
559	1	552
552	0	560
560	1	552
552	0	561
561	1	552
552	0	562
562	1	552
552	0	563
563	1	552
552	0	564
564	1	552
552	0	565
565	1	552
552	0	566
566	1	552
552	0	1043
1043	1	552
552	0	567
567	1	552
552	0	568
568	1	552
552	0	569
569	1	552
552	0	968
968	1	552
552	0	570
570	1	552
552	0	969
969	1	552
552	0	977
977	1	552
552	0	571
571	1	552
552	0	572
572	1	552
552	0	1070
1070	1	552
552	0	1103
1103	1	552
552	0	573
573	1	552
552	0	1094
1094	1	552
552	0	574
574	1	552
552	0	1084
1084	1	552
552	0	1007
1007	1	552
552	0	575
575	1	552
552	0	576
576	1	552
552	0	577
577	1	552
552	0	578
578	1	552
552	0	579
579	1	552
552	0	971
971	1	552
552	0	580
580	1	552
552	0	581
581	1	552
552	0	582
582	1	552
552	0	583
583	1	552
552	0	998
998	1	552
552	0	584
584	1	552
552	0	585
585	1	552
552	0	586
586	1	552
552	0	587
587	1	552
552	0	588
588	1	552
552	0	972
972	1	552
552	0	589
589	1	552
552	0	590
590	1	552
552	0	591
591	1	552
552	0	592
592	1	552
552	0	1049
1049	1	552
552	0	593
593	1	552
552	0	594
594	1	552
552	0	1116
1116	1	552
552	0	1016
1016	1	552
552	0	1085
1085	1	552
552	0	595
595	1	552
552	0	596
596	1	552
552	0	597
597	1	552
552	0	598
598	1	552
552	0	599
599	1	552
552	0	1017
1017	1	552
552	0	600
600	1	552
552	0	601
601	1	552
552	0	1031
1031	1	552
552	0	1091
1091	1	552
552	0	602
602	1	552
552	0	989
989	1	552
552	0	1101
1101	1	552
552	0	603
603	1	552
552	0	604
604	1	552
552	0	605
605	1	552
552	0	1019
1019	1	552
552	0	606
606	1	552
552	0	607
607	1	552
552	0	1108
1108	1	552
552	0	1120
1120	1	552
552	0	608
608	1	552
552	0	609
609	1	552
552	0	610
610	1	552
552	0	991
991	1	552
552	0	611
611	1	552
552	0	612
612	1	552
552	0	613
613	1	552
552	0	614
614	1	552
552	0	615
615	1	552
552	0	616
616	1	552
552	0	617
617	1	552
552	0	618
618	1	552
552	0	619
619	1	552
552	0	620
620	1	552
552	0	621
621	1	552
552	0	992
992	1	552
552	0	622
622	1	552
552	0	623
623	1	552
552	0	624
624	1	552
552	0	1118
1118	1	552
552	0	1128
1128	1	552
552	0	625
625	1	552
552	0	626
626	1	552
552	0	627
627	1	552
552	0	628
628	1	552
552	0	629
629	1	552
552	0	630
630	1	552
552	0	631
631	1	552
552	0	632
632	1	552
552	0	633
633	1	552
552	0	997
997	1	552
552	0	1080
1080	1	552
552	0	634
634	1	552
552	0	635
635	1	552
552	0	636
636	1	552
552	0	637
637	1	552
552	0	638
638	1	552
552	0	639
639	1	552
552	0	640
640	1	552
552	0	641
641	1	552
552	0	642
642	1	552
552	0	643
643	1	552
552	0	644
644	1	552
552	0	645
645	1	552
552	0	646
646	1	552
552	0	1087
1087	1	552
552	0	1024
1024	1	552
552	0	1099
1099	1	552
552	0	647
647	1	552
552	0	648
648	1	552
552	0	649
649	1	552
552	0	650
650	1	552
552	0	651
651	1	552
552	0	652
652	1	552
552	0	1092
1092	1	552
552	0	1034
1034	1	552
552	0	653
653	1	552
552	0	1074
1074	1	552
552	0	654
654	1	552
552	0	655
655	1	552
552	0	656
656	1	552
552	0	657
657	1	552
552	0	658
658	1	552
552	0	659
659	1	552
552	0	660
660	1	552
552	0	1026
1026	1	552
552	0	661
661	1	552
552	0	1029
1029	1	552
552	0	1090
1090	1	552
552	0	662
662	1	552
552	0	663
663	1	552
552	0	1010
1010	1	552
552	0	1083
1083	1	552
552	0	664
664	1	552
552	0	665
665	1	552
552	0	1107
1107	1	552
552	0	1082
1082	1	552
552	0	666
666	1	552
552	0	1110
1110	1	552
552	0	667
667	1	552
552	0	1027
1027	1	552
552	0	668
668	1	552
552	0	1011
1011	1	552
552	0	669
669	1	552
552	0	670
670	1	552
552	0	1058
1058	1	552
552	0	671
671	1	552
552	0	672
672	1	552
552	0	673
673	1	552
552	0	674
674	1	552
552	0	675
675	1	552
552	0	1093
1093	1	552
552	0	676
676	1	552
552	0	677
677	1	552
552	0	678
678	1	552
552	0	679
679	1	552
552	0	1061
1061	1	552
552	0	680
680	1	552
552	0	1056
1056	1	552
552	0	961
961	1	552
552	0	1066
1066	1	552
552	0	681
681	1	552
552	0	682
682	1	552
552	0	683
683	1	552
552	0	965
965	1	552
552	0	684
684	1	552
552	0	1014
1014	1	552
552	0	685
685	1	552
552	0	1124
1124	1	552
552	0	686
686	1	552
552	0	687
687	1	552
552	0	688
688	1	552
552	0	689
689	1	552
552	0	967
967	1	552
552	0	1069
1069	1	552
552	0	690
690	1	552
552	0	1072
1072	1	552
552	0	691
691	1	552
552	0	692
692	1	552
552	0	982
982	1	552
552	0	693
693	1	552
552	0	983
983	1	552
552	0	1077
1077	1	552
552	0	970
970	1	552
552	0	694
694	1	552
552	0	1047
1047	1	552
552	0	695
695	1	552
552	0	696
696	1	552
552	0	697
697	1	552
552	0	1105
1105	1	552
552	0	698
698	1	552
552	0	1132
1132	1	552
552	0	699
699	1	552
552	0	700
700	1	552
552	0	701
701	1	552
552	0	702
702	1	552
552	0	1089
1089	1	552
552	0	703
703	1	552
552	0	704
704	1	552
552	0	705
705	1	552
552	0	1127
1127	1	552
552	0	706
706	1	552
552	0	707
707	1	552
552	0	708
708	1	552
552	0	1062
1062	1	552
552	0	709
709	1	552
552	0	710
710	1	552
552	0	711
711	1	552
552	0	712
712	1	552
552	0	713
713	1	552
552	0	714
714	1	552
552	0	715
715	1	552
552	0	716
716	1	552
552	0	717
717	1	552
552	0	718
718	1	552
552	0	986
986	1	552
552	0	719
719	1	552
552	0	720
720	1	552
552	0	973
973	1	552
552	0	721
721	1	552
552	0	722
722	1	552
552	0	723
723	1	552
552	0	1057
1057	1	552
552	0	724
724	1	552
552	0	1126
1126	1	552
552	0	1125
1125	1	552
552	0	725
725	1	552
552	0	726
726	1	552
552	0	974
974	1	552
552	0	727
727	1	552
552	0	1033
1033	1	552
552	0	975
975	1	552
552	0	728
728	1	552
552	0	729
729	1	552
552	0	730
730	1	552
552	0	731
731	1	552
552	0	732
732	1	552
552	0	733
733	1	552
552	0	734
734	1	552
552	0	735
735	1	552
552	0	736
736	1	552
552	0	1097
1097	1	552
552	0	737
737	1	552
552	0	1096
1096	1	552
552	0	738
738	1	552
552	0	739
739	1	552
552	0	1045
1045	1	552
552	0	740
740	1	552
552	0	741
741	1	552
552	0	742
742	1	552
552	0	993
993	1	552
552	0	743
743	1	552
552	0	744
744	1	552
552	0	745
745	1	552
552	0	1030
1030	1	552
552	0	746
746	1	552
552	0	747
747	1	552
552	0	994
994	1	552
552	0	748
748	1	552
552	0	995
995	1	552
552	0	749
749	1	552
552	0	996
996	1	552
552	0	750
750	1	552
552	0	751
751	1	552
552	0	752
752	1	552
552	0	1052
1052	1	552
552	0	753
753	1	552
552	0	754
754	1	552
552	0	755
755	1	552
552	0	756
756	1	552
552	0	757
757	1	552
552	0	758
758	1	552
552	0	759
759	1	552
552	0	760
760	1	552
552	0	761
761	1	552
552	0	762
762	1	552
552	0	763
763	1	552
552	0	764
764	1	552
552	0	765
765	1	552
552	0	766
766	1	552
552	0	1023
1023	1	552
552	0	1000
1000	1	552
552	0	767
767	1	552
552	0	768
768	1	552
552	0	1001
1001	1	552
552	0	769
769	1	552
552	0	770
770	1	552
552	0	1003
1003	1	552
552	0	771
771	1	552
552	0	1004
1004	1	552
552	0	1005
1005	1	552
552	0	772
772	1	552
552	0	773
773	1	552
552	0	774
774	1	552
552	0	775
775	1	552
552	0	776
776	1	552
552	0	1006
1006	1	552
552	0	777
777	1	552
552	0	778
778	1	552
552	0	779
779	1	552
552	0	780
780	1	552
552	0	781
781	1	552
552	0	782
782	1	552
552	0	1025
1025	1	552
552	0	783
783	1	552
552	0	784
784	1	552
552	0	785
785	1	552
552	0	786
786	1	552
552	0	787
787	1	552
552	0	788
788	1	552
552	0	789
789	1	552
552	0	1008
1008	1	552
552	0	790
790	1	552
552	0	791
791	1	552
552	0	792
792	1	552
552	0	793
793	1	552
552	0	1048
1048	1	552
552	0	794
794	1	552
552	0	1009
1009	1	552
552	0	795
795	1	552
552	0	978
978	1	552
552	0	796
796	1	552
552	0	797
797	1	552
552	0	798
798	1	552
552	0	799
799	1	552
552	0	800
800	1	552
552	0	801
801	1	552
552	0	1119
1119	1	552
552	0	1129
1129	1	552
552	0	802
802	1	552
552	0	803
803	1	552
552	0	804
804	1	552
552	0	805
805	1	552
552	0	806
806	1	552
552	0	807
807	1	552
552	0	808
808	1	552
552	0	809
809	1	552
552	0	810
810	1	552
552	0	811
811	1	552
552	0	812
812	1	552
552	0	1028
1028	1	552
552	0	1088
1088	1	552
552	0	813
813	1	552
552	0	814
814	1	552
552	0	979
979	1	552
552	0	1075
1075	1	552
552	0	1104
1104	1	552
552	0	815
815	1	552
552	0	1013
1013	1	552
552	0	816
816	1	552
552	0	817
817	1	552
552	0	980
980	1	552
552	0	1113
1113	1	552
552	0	1076
1076	1	552
552	0	818
818	1	552
552	0	819
819	1	552
552	0	1073
1073	1	552
552	0	820
820	1	552
552	0	821
821	1	552
552	0	822
822	1	552
552	0	823
823	1	552
552	0	981
981	1	552
552	0	824
824	1	552
552	0	825
825	1	552
552	0	826
826	1	552
552	0	827
827	1	552
552	0	984
984	1	552
552	0	1078
1078	1	552
552	0	1121
1121	1	552
552	0	1133
1133	1	552
552	0	1130
1130	1	552
552	0	828
828	1	552
552	0	829
829	1	552
552	0	830
830	1	552
552	0	831
831	1	552
552	0	832
832	1	552
552	0	833
833	1	552
552	0	834
834	1	552
552	0	835
835	1	552
552	0	836
836	1	552
552	0	837
837	1	552
552	0	838
838	1	552
552	0	839
839	1	552
552	0	840
840	1	552
552	0	1018
1018	1	552
552	0	841
841	1	552
552	0	842
842	1	552
552	0	1020
1020	1	552
552	0	1086
1086	1	552
552	0	843
843	1	552
552	0	990
990	1	552
552	0	844
844	1	552
552	0	976
976	1	552
552	0	845
845	1	552
552	0	846
846	1	552
552	0	847
847	1	552
552	0	848
848	1	552
552	0	849
849	1	552
552	0	850
850	1	552
552	0	851
851	1	552
552	0	852
852	1	552
552	0	853
853	1	552
552	0	854
854	1	552
552	0	855
855	1	552
552	0	856
856	1	552
552	0	857
857	1	552
552	0	858
858	1	552
552	0	859
859	1	552
552	0	1022
1022	1	552
552	0	860
860	1	552
552	0	1059
1059	1	552
552	0	1112
1112	1	552
552	0	861
861	1	552
552	0	862
862	1	552
552	0	863
863	1	552
552	0	1114
1114	1	552
552	0	864
864	1	552
552	0	1081
1081	1	552
552	0	865
865	1	552
552	0	866
866	1	552
552	0	867
867	1	552
552	0	868
868	1	552
552	0	869
869	1	552
552	0	870
870	1	552
552	0	871
871	1	552
552	0	1012
1012	1	552
552	0	1035
1035	1	552
552	0	872
872	1	552
552	0	873
873	1	552
552	0	1046
1046	1	552
552	0	874
874	1	552
552	0	875
875	1	552
552	0	1041
1041	1	552
552	0	876
876	1	552
552	0	966
966	1	552
552	0	1050
1050	1	552
552	0	877
877	1	552
552	0	878
878	1	552
552	0	879
879	1	552
552	0	880
880	1	552
552	0	881
881	1	552
552	0	1044
1044	1	552
552	0	1038
1038	1	552
552	0	1040
1040	1	552
552	0	1002
1002	1	552
552	0	882
882	1	552
552	0	883
883	1	552
552	0	884
884	1	552
552	0	885
885	1	552
552	0	886
886	1	552
552	0	887
887	1	552
552	0	888
888	1	552
552	0	889
889	1	552
552	0	890
890	1	552
552	0	891
891	1	552
552	0	1063
1063	1	552
552	0	892
892	1	552
552	0	893
893	1	552
552	0	894
894	1	552
552	0	895
895	1	552
552	0	896
896	1	552
552	0	897
897	1	552
552	0	1051
1051	1	552
552	0	898
898	1	552
552	0	1042
1042	1	552
552	0	899
899	1	552
552	0	900
900	1	552
552	0	901
901	1	552
552	0	902
902	1	552
552	0	903
903	1	552
552	0	904
904	1	552
552	0	905
905	1	552
552	0	906
906	1	552
552	0	907
907	1	552
552	0	1071
1071	1	552
552	0	908
908	1	552
552	0	909
909	1	552
552	0	910
910	1	552
552	0	911
911	1	552
552	0	912
912	1	552
552	0	913
913	1	552
552	0	914
914	1	552
552	0	915
915	1	552
552	0	1109
1109	1	552
552	0	916
916	1	552
552	0	917
917	1	552
552	0	918
918	1	552
552	0	919
919	1	552
552	0	920
920	1	552
552	0	921
921	1	552
552	0	922
922	1	552
552	0	923
923	1	552
552	0	1064
1064	1	552
552	0	924
924	1	552
552	0	925
925	1	552
552	0	926
926	1	552
552	0	927
927	1	552
552	0	1060
1060	1	552
552	0	928
928	1	552
552	0	929
929	1	552
552	0	930
930	1	552
552	0	931
931	1	552
552	0	932
932	1	552
552	0	933
933	1	552
552	0	934
934	1	552
552	0	935
935	1	552
552	0	936
936	1	552
552	0	937
937	1	552
552	0	938
938	1	552
552	0	939
939	1	552
552	0	940
940	1	552
552	0	941
941	1	552
552	0	942
942	1	552
552	0	943
943	1	552
552	0	944
944	1	552
552	0	945
945	1	552
552	0	946
946	1	552
552	0	947
947	1	552
552	0	948
948	1	552
552	0	949
949	1	552
552	0	950
950	1	552
552	0	951
951	1	552
552	0	952
952	1	552
552	0	953
953	1	552
552	0	954
954	1	552
552	0	1065
1065	1	552
552	0	955
955	1	552
552	0	956
956	1	552
552	0	957
957	1	552
552	0	1015
1015	1	552
552	0	958
958	1	552
552	0	959
959	1	552
552	0	1053
1053	1	552
552	0	1100
1100	1	552
552	0	960
960	1	552
552	0	1098
1098	1	552
2	0	552
552	1	2
2	0	677
677	1	2
40	0	552
552	1	40
40	0	681
681	1	40
209	0	552
552	1	209
209	0	683
683	1	209
567	0	965
965	1	567
567	0	966
966	1	567
439	0	552
552	1	439
439	0	1084
1084	1	439
439	0	1014
1014	1	439
439	0	501
501	1	439
310	0	943
943	1	310
310	0	552
552	1	310
97	0	552
552	1	97
27	0	1039
1039	1	27
27	0	1095
1095	1	27
27	0	385
385	1	27
27	0	479
479	1	27
27	0	907
907	1	27
918	0	1043
1043	1	918
918	0	1044
1044	1	918
374	0	476
476	1	374
374	0	552
552	1	374
305	0	1068
1068	1	305
305	0	967
967	1	305
305	0	689
689	1	305
19	0	552
552	1	19
19	0	1077
1077	1	19
19	0	983
983	1	19
19	0	381
381	1	19
102	0	552
552	1	102
572	0	1070
1070	1	572
572	0	1103
1103	1	572
572	0	970
970	1	572
280	0	552
552	1	280
419	0	493
493	1	419
419	0	540
540	1	419
419	0	528
528	1	419
419	0	552
552	1	419
128	0	552
552	1	128
128	0	413
413	1	128
1084	0	1121
1121	1	1084
1084	0	1120
1120	1	1084
1084	0	1132
1132	1	1084
1084	0	1133
1133	1	1084
1084	0	1130
1130	1	1084
1084	0	1108
1108	1	1084
1084	0	1109
1109	1	1084
1084	0	1110
1110	1	1084
1084	0	1111
1111	1	1084
342	0	1130
1130	1	342
342	0	1133
1133	1	342
58	0	552
552	1	58
302	0	552
552	1	302
373	0	552
552	1	373
298	0	552
552	1	298
298	0	889
889	1	298
464	0	552
552	1	464
464	0	711
711	1	464
464	0	545
545	1	464
464	0	538
538	1	464
464	0	517
517	1	464
517	0	552
552	1	517
517	0	711
711	1	517
517	0	545
545	1	517
517	0	538
538	1	517
538	0	552
552	1	538
538	0	711
711	1	538
538	0	545
545	1	538
59	0	552
552	1	59
59	0	592
592	1	59
59	0	1084
1084	1	59
59	0	591
591	1	59
832	0	1085
1085	1	832
832	0	1016
1016	1	832
218	0	552
552	1	218
218	0	596
596	1	218
218	0	436
436	1	218
436	0	552
552	1	436
436	0	596
596	1	436
10	0	552
552	1	10
10	0	378
378	1	10
187	0	552
552	1	187
187	0	496
496	1	187
187	0	424
424	1	187
194	0	427
427	1	194
457	0	940
940	1	457
457	0	1055
1055	1	457
457	0	1100
1100	1	457
457	0	1054
1054	1	457
457	0	552
552	1	457
457	0	514
514	1	457
514	0	1055
1055	1	514
514	0	1100
1100	1	514
514	0	1054
1054	1	514
514	0	940
940	1	514
451	0	552
552	1	451
451	0	828
828	1	451
451	0	857
857	1	451
451	0	509
509	1	451
126	0	552
552	1	126
126	0	839
839	1	126
534	0	543
543	1	534
885	0	1031
1031	1	885
885	0	1091
1091	1	885
885	0	1032
1032	1	885
163	0	418
418	1	163
477	0	552
552	1	477
477	0	567
567	1	477
477	0	965
965	1	477
477	0	725
725	1	477
477	0	523
523	1	477
523	0	552
552	1	523
842	0	1019
1019	1	842
73	0	552
552	1	73
230	0	552
552	1	230
230	0	442
442	1	230
312	0	552
552	1	312
312	0	737
737	1	312
312	0	508
508	1	312
366	0	474
474	1	366
263	0	552
552	1	263
263	0	617
617	1	263
370	0	549
549	1	370
370	0	552
552	1	370
370	0	532
532	1	370
370	0	499
499	1	370
468	0	518
518	1	468
922	0	1045
1045	1	922
92	0	552
552	1	92
92	0	849
849	1	92
92	0	406
406	1	92
741	0	992
992	1	741
213	0	552
552	1	213
471	0	552
552	1	471
471	0	520
520	1	471
350	0	552
552	1	350
350	0	471
471	1	350
350	0	520
520	1	350
219	0	533
533	1	219
219	0	552
552	1	219
219	0	854
854	1	219
219	0	500
500	1	219
219	0	437
437	1	219
219	0	438
438	1	219
438	0	500
500	1	438
438	0	533
533	1	438
16	0	1102
1102	1	16
16	0	552
552	1	16
16	0	380
380	1	16
46	0	552
552	1	46
46	0	749
749	1	46
46	0	996
996	1	46
124	0	633
633	1	124
124	0	552
552	1	124
124	0	856
856	1	124
193	0	552
552	1	193
193	0	426
426	1	193
127	0	999
999	1	127
127	0	755
755	1	127
148	0	552
552	1	148
148	0	761
761	1	148
215	0	552
552	1	215
215	0	434
434	1	215
52	0	552
552	1	52
52	0	393
393	1	52
526	0	552
552	1	526
526	0	546
546	1	526
526	0	548
548	1	526
526	0	539
539	1	526
526	0	550
550	1	526
526	0	551
551	1	526
526	0	640
640	1	526
546	0	548
548	1	546
546	0	550
550	1	546
546	0	552
552	1	546
546	0	551
551	1	546
546	0	640
640	1	546
539	0	546
546	1	539
539	0	550
550	1	539
539	0	552
552	1	539
539	0	551
551	1	539
539	0	640
640	1	539
168	0	552
552	1	168
168	0	641
641	1	168
168	0	544
544	1	168
168	0	530
530	1	168
168	0	512
512	1	168
512	0	766
766	1	512
512	0	552
552	1	512
512	0	536
536	1	512
544	0	766
766	1	544
544	0	552
552	1	544
530	0	552
552	1	530
530	0	641
641	1	530
861	0	1087
1087	1	861
861	0	1112
1112	1	861
861	0	1024
1024	1	861
1112	0	1131
1131	1	1112
1112	0	1122
1122	1	1112
768	0	1001
1001	1	768
768	0	1002
1002	1	768
191	0	552
552	1	191
8	0	552
552	1	8
934	0	1050
1050	1	934
934	0	1099
1099	1	934
125	0	552
552	1	125
125	0	1005
1005	1	125
125	0	772
772	1	125
42	0	552
552	1	42
777	0	1006
1006	1	777
227	0	552
552	1	227
362	0	1092
1092	1	362
362	0	780
780	1	362
362	0	552
552	1	362
362	0	1114
1114	1	362
362	0	888
888	1	362
362	0	1034
1034	1	362
888	0	1034
1034	1	888
888	0	1092
1092	1	888
145	0	552
552	1	145
175	0	421
421	1	175
50	0	783
783	1	50
50	0	552
552	1	50
22	0	784
784	1	22
22	0	552
552	1	22
7	0	552
552	1	7
789	0	1008
1008	1	789
403	0	527
527	1	403
403	0	552
552	1	403
403	0	865
865	1	403
403	0	488
488	1	403
403	0	955
955	1	403
403	0	489
489	1	403
489	0	865
865	1	489
489	0	552
552	1	489
489	0	527
527	1	489
115	0	552
552	1	115
401	0	895
895	1	401
401	0	552
552	1	401
401	0	486
486	1	401
211	0	793
793	1	211
211	0	552
552	1	211
247	0	552
552	1	247
247	0	1048
1048	1	247
794	0	1009
1009	1	794
93	0	552
552	1	93
378	0	552
552	1	378
378	0	978
978	1	378
513	0	799
799	1	513
513	0	552
552	1	513
1007	0	1107
1107	1	1007
1007	0	1119
1119	1	1007
1007	0	1129
1129	1	1007
1007	0	1081
1081	1	1007
1007	0	1082
1082	1	1007
1082	0	1107
1107	1	1082
1082	0	1119
1119	1	1082
1082	0	1129
1129	1	1082
1119	0	1129
1129	1	1119
344	0	552
552	1	344
389	0	552
552	1	389
389	0	806
806	1	389
389	0	499
499	1	389
389	0	808
808	1	389
293	0	811
811	1	293
293	0	552
552	1	293
956	0	1063
1063	1	956
470	0	519
519	1	470
347	0	519
519	1	347
347	0	470
470	1	347
347	0	552
552	1	347
347	0	1012
1012	1	347
1028	0	1088
1088	1	1028
136	0	903
903	1	136
136	0	552
552	1	136
979	0	1104
1104	1	979
979	0	1075
1075	1	979
980	0	1113
1113	1	980
980	0	1076
1076	1	980
980	0	1089
1089	1	980
1076	0	1113
1113	1	1076
69	0	673
673	1	69
69	0	552
552	1	69
69	0	485
485	1	69
69	0	400
400	1	69
485	0	552
552	1	485
400	0	552
552	1	400
400	0	485
485	1	400
14	0	552
552	1	14
14	0	553
553	1	14
14	0	652
652	1	14
154	0	552
552	1	154
448	0	552
552	1	448
244	0	552
552	1	244
244	0	448
448	1	244
281	0	567
567	1	281
281	0	965
965	1	281
684	0	1084
1084	1	684
684	0	1014
1014	1	684
355	0	552
552	1	355
355	0	981
981	1	355
355	0	473
473	1	355
355	0	522
522	1	355
13	0	552
552	1	13
13	0	564
564	1	13
491	0	552
552	1	491
411	0	552
552	1	411
411	0	491
491	1	411
385	0	1095
1095	1	385
385	0	1039
1039	1	385
385	0	479
479	1	385
385	0	907
907	1	385
1039	0	1095
1095	1	1039
570	0	969
969	1	570
977	0	1072
1072	1	977
977	0	1073
1073	1	977
977	0	1074
1074	1	977
74	0	1072
1072	1	74
74	0	552
552	1	74
74	0	977
977	1	74
77	0	402
402	1	77
235	0	552
552	1	235
139	0	874
874	1	139
139	0	552
552	1	139
139	0	827
827	1	139
282	0	552
552	1	282
282	0	454
454	1	282
181	0	422
422	1	181
181	0	494
494	1	181
166	0	540
540	1	166
166	0	528
528	1	166
166	0	493
493	1	166
166	0	419
419	1	166
493	0	540
540	1	493
493	0	528
528	1	493
207	0	431
431	1	207
207	0	552
552	1	207
54	0	394
394	1	54
54	0	482
482	1	54
481	0	552
552	1	481
481	0	1121
1121	1	481
481	0	1133
1133	1	481
481	0	1132
1132	1	481
387	0	480
480	1	387
480	0	525
525	1	480
217	0	435
435	1	217
217	0	552
552	1	217
372	0	552
552	1	372
241	0	552
552	1	241
277	0	552
552	1	277
182	0	552
552	1	182
182	0	423
423	1	182
423	0	552
552	1	423
423	0	495
495	1	423
299	0	552
552	1	299
320	0	552
552	1	320
320	0	465
465	1	320
320	0	704
704	1	320
465	0	552
552	1	465
270	0	452
452	1	270
270	0	552
552	1	270
270	0	705
705	1	270
270	0	1106
1106	1	270
705	0	985
985	1	705
705	0	1106
1106	1	705
1079	0	1117
1117	1	1079
1079	0	1106
1106	1	1079
545	0	552
552	1	545
545	0	711
711	1	545
309	0	552
552	1	309
309	0	711
711	1	309
309	0	538
538	1	309
309	0	463
463	1	309
309	0	464
464	1	309
309	0	517
517	1	309
229	0	552
552	1	229
229	0	1084
1084	1	229
229	0	687
687	1	229
53	0	552
552	1	53
496	0	552
552	1	496
424	0	552
552	1	424
424	0	496
496	1	424
424	0	497
497	1	424
497	0	552
552	1	497
41	0	552
552	1	41
41	0	390
390	1	41
289	0	1055
1055	1	289
289	0	1100
1100	1	289
289	0	940
940	1	289
289	0	552
552	1	289
289	0	514
514	1	289
289	0	457
457	1	289
240	0	552
552	1	240
279	0	552
552	1	279
279	0	834
834	1	279
363	0	552
552	1	363
254	0	552
552	1	254
147	0	552
552	1	147
147	0	838
838	1	147
110	0	552
552	1	110
11	0	552
552	1	11
11	0	379
379	1	11
379	0	478
478	1	379
379	0	552
552	1	379
379	0	823
823	1	379
260	0	718
718	1	260
260	0	986
986	1	260
260	0	552
552	1	260
719	0	987
987	1	719
288	0	552
552	1	288
288	0	722
722	1	288
164	0	552
552	1	164
946	0	1057
1057	1	946
267	0	552
552	1	267
267	0	925
925	1	267
267	0	460
460	1	267
267	0	451
451	1	267
160	0	552
552	1	160
160	0	605
605	1	160
9	0	552
552	1	9
9	0	523
523	1	9
9	0	725
725	1	9
9	0	377
377	1	9
113	0	552
552	1	113
113	0	974
974	1	113
113	0	606
606	1	113
425	0	552
552	1	425
425	0	1071
1071	1	425
221	0	552
552	1	221
221	0	609
609	1	221
195	0	552
552	1	195
284	0	552
552	1	284
243	0	552
552	1	243
243	0	447
447	1	243
447	0	552
552	1	447
447	0	508
508	1	447
508	0	552
552	1	508
612	0	1096
1096	1	612
909	0	1040
1040	1	909
909	0	1096
1096	1	909
909	0	1041
1041	1	909
205	0	1040
1040	1	205
205	0	552
552	1	205
205	0	909
909	1	205
337	0	552
552	1	337
337	0	613
613	1	337
462	0	552
552	1	462
6	0	616
616	1	6
6	0	552
552	1	6
6	0	1012
1012	1	6
498	0	529
529	1	498
233	0	529
529	1	233
233	0	552
552	1	233
547	0	552
552	1	547
547	0	549
549	1	547
290	0	458
458	1	290
331	0	518
518	1	331
331	0	468
468	1	331
360	0	552
552	1	360
360	0	620
620	1	360
406	0	552
552	1	406
406	0	849
849	1	406
250	0	552
552	1	250
250	0	622
622	1	250
278	0	552
552	1	278
278	0	743
743	1	278
189	0	623
623	1	189
189	0	552
552	1	189
266	0	744
744	1	266
198	0	430
430	1	198
198	0	552
552	1	198
105	0	552
552	1	105
1118	0	1128
1128	1	1118
356	0	552
552	1	356
747	0	994
994	1	747
56	0	995
995	1	56
56	0	483
483	1	56
56	0	748
748	1	56
56	0	395
395	1	56
237	0	552
552	1	237
237	0	994
994	1	237
237	0	631
631	1	237
306	0	753
753	1	306
306	0	552
552	1	306
138	0	634
634	1	138
138	0	552
552	1	138
434	0	552
552	1	434
223	0	552
552	1	223
536	0	552
552	1	536
536	0	641
641	1	536
536	0	544
544	1	536
456	0	552
552	1	456
456	0	766
766	1	456
456	0	1025
1025	1	456
456	0	799
799	1	456
456	0	864
864	1	456
456	0	535
535	1	456
456	0	511
511	1	456
456	0	544
544	1	456
456	0	512
512	1	456
456	0	513
513	1	456
950	0	1059
1059	1	950
770	0	1003
1003	1	770
95	0	1004
1004	1	95
95	0	490
490	1	95
95	0	771
771	1	95
95	0	407
407	1	95
323	0	552
552	1	323
323	0	1003
1003	1	323
323	0	649
649	1	323
204	0	552
552	1	204
326	0	466
466	1	326
251	0	466
466	1	251
318	0	552
552	1	318
318	0	653
653	1	318
287	0	1025
1025	1	287
287	0	864
864	1	287
287	0	456
456	1	287
287	0	552
552	1	287
192	0	552
552	1	192
328	0	552
552	1	328
297	0	461
461	1	297
297	0	552
552	1	297
461	0	552
552	1	461
461	0	655
655	1	461
308	0	552
552	1	308
308	0	656
656	1	308
170	0	552
552	1	170
228	0	552
552	1	228
91	0	1007
1007	1	91
91	0	552
552	1	91
165	0	1007
1007	1	165
165	0	552
552	1	165
417	0	552
552	1	417
417	0	1081
1081	1	417
417	0	1007
1007	1	417
159	0	552
552	1	159
159	0	1081
1081	1	159
159	0	1007
1007	1	159
159	0	417
417	1	159
159	0	788
788	1	159
788	0	1081
1081	1	788
788	0	1007
1007	1	788
101	0	791
791	1	101
101	0	552
552	1	101
121	0	660
660	1	121
121	0	552
552	1	121
866	0	1026
1026	1	866
21	0	382
382	1	21
322	0	794
794	1	322
322	0	1009
1009	1	322
322	0	552
552	1	322
216	0	552
552	1	216
216	0	1009
1009	1	216
797	0	1010
1010	1	797
797	0	1083
1083	1	797
71	0	801
801	1	71
71	0	552
552	1	71
416	0	552
552	1	416
416	0	1107
1107	1	416
416	0	1082
1082	1	416
416	0	492
492	1	416
1107	0	1129
1129	1	1107
1107	0	1118
1118	1	1107
1107	0	1119
1119	1	1107
157	0	552
552	1	157
157	0	492
492	1	157
157	0	1082
1082	1	157
157	0	1007
1007	1	157
157	0	416
416	1	157
666	0	1110
1110	1	666
666	0	1084
1084	1	666
68	0	552
552	1	68
134	0	552
552	1	134
340	0	808
808	1	340
340	0	552
552	1	340
75	0	552
552	1	75
75	0	499
499	1	75
38	0	552
552	1	38
38	0	499
499	1	38
38	0	808
808	1	38
38	0	389
389	1	38
871	0	1088
1088	1	871
871	0	1027
1027	1	871
871	0	1028
1028	1	871
226	0	552
552	1	226
226	0	441
441	1	226
441	0	552
552	1	441
24	0	552
552	1	24
672	0	1113
1113	1	672
672	0	1076
1076	1	672
672	0	980
980	1	672
291	0	552
552	1	291
291	0	980
980	1	291
291	0	1113
1113	1	291
291	0	1089
1089	1	291
291	0	459
459	1	291
257	0	1073
1073	1	257
257	0	552
552	1	257
257	0	977
977	1	257
822	0	1084
1084	1	822
822	0	1014
1014	1	822
338	0	552
552	1	338
338	0	676
676	1	338
371	0	552
552	1	371
371	0	555
555	1	371
62	0	552
552	1	62
64	0	552
552	1	64
64	0	397
397	1	64
64	0	616
616	1	64
222	0	552
552	1	222
222	0	439
439	1	222
222	0	1084
1084	1	222
222	0	1014
1014	1	222
222	0	440
440	1	222
685	0	981
981	1	685
119	0	552
552	1	119
119	0	491
491	1	119
119	0	411
411	1	119
119	0	412
412	1	119
412	0	552
552	1	412
61	0	552
552	1	61
61	0	825
825	1	61
130	0	552
552	1	130
130	0	414
414	1	130
130	0	826
826	1	130
566	0	962
962	1	566
566	0	963
963	1	566
566	0	964
964	1	566
1044	0	1124
1124	1	1044
1044	0	1115
1115	1	1044
1044	0	1098
1098	1	1044
25	0	552
552	1	25
51	0	998
998	1	51
51	0	552
552	1	51
51	0	402
402	1	51
51	0	487
487	1	51
141	0	552
552	1	141
402	0	552
552	1	402
402	0	487
487	1	402
693	0	983
983	1	693
984	0	1105
1105	1	984
984	0	1078
1078	1	984
315	0	552
552	1	315
413	0	552
552	1	413
431	0	552
552	1	431
388	0	552
552	1	388
388	0	1121
1121	1	388
388	0	1133
1133	1	388
388	0	1132
1132	1	388
388	0	481
481	1	388
388	0	1130
1130	1	388
388	0	1109
1109	1	388
34	0	552
552	1	34
34	0	481
481	1	34
34	0	1121
1121	1	34
34	0	1132
1132	1	34
34	0	525
525	1	34
34	0	1133
1133	1	34
34	0	480
480	1	34
34	0	1130
1130	1	34
34	0	387
387	1	34
34	0	388
388	1	34
1121	0	1132
1132	1	1121
1121	0	1133
1133	1	1121
1121	0	1130
1130	1	1121
1132	0	1133
1133	1	1132
334	0	552
552	1	334
579	0	971
971	1	579
199	0	552
552	1	199
199	0	703
703	1	199
495	0	552
552	1	495
268	0	552
552	1	268
120	0	552
552	1	120
120	0	1064
1064	1	120
120	0	960
960	1	120
452	0	1106
1106	1	452
452	0	705
705	1	452
1117	0	1127
1127	1	1117
1106	0	1127
1127	1	1106
1106	0	1117
1117	1	1106
132	0	552
552	1	132
132	0	1065
1065	1	132
463	0	552
552	1	463
29	0	386
386	1	29
98	0	593
593	1	98
98	0	552
552	1	98
55	0	552
552	1	55
234	0	443
443	1	234
354	0	552
552	1	354
354	0	472
472	1	354
354	0	521
521	1	354
390	0	552
552	1	390
472	0	552
552	1	472
472	0	521
521	1	472
521	0	552
552	1	521
44	0	552
552	1	44
940	0	1054
1054	1	940
940	0	1100
1100	1	940
940	0	1055
1055	1	940
428	0	552
552	1	428
345	0	552
552	1	345
345	0	543
543	1	345
345	0	840
840	1	345
345	0	502
502	1	345
238	0	552
552	1	238
238	0	445
445	1	238
203	0	552
552	1	203
504	0	552
552	1	504
504	0	719
719	1	504
1116	0	1125
1125	1	1116
1116	0	1126
1126	1	1116
171	0	552
552	1	171
171	0	913
913	1	171
190	0	608
608	1	190
190	0	975
975	1	190
190	0	425
425	1	190
190	0	1071
1071	1	190
190	0	552
552	1	190
442	0	552
552	1	442
142	0	552
552	1	142
142	0	735
735	1	142
1041	0	1096
1096	1	1041
1041	0	1097
1097	1	1041
301	0	552
552	1	301
301	0	462
462	1	301
301	0	890
890	1	301
114	0	552
552	1	114
114	0	410
410	1	114
410	0	552
552	1	410
173	0	552
552	1	173
365	0	1107
1107	1	365
365	0	1118
1118	1	365
365	0	552
552	1	365
380	0	552
552	1	380
380	0	1102
1102	1	380
85	0	552
552	1	85
754	0	997
997	1	754
754	0	1080
1080	1	754
754	0	998
998	1	754
236	0	552
552	1	236
236	0	444
444	1	236
236	0	858
858	1	236
352	0	552
552	1	352
313	0	552
552	1	313
944	0	1056
1056	1	944
116	0	552
552	1	116
48	0	552
552	1	48
48	0	637
637	1	48
169	0	552
552	1	169
467	0	552
552	1	467
330	0	552
552	1	330
330	0	467
467	1	330
33	0	552
552	1	33
778	0	1006
1006	1	778
262	0	552
552	1	262
864	0	1025
1025	1	864
654	0	977
977	1	654
654	0	1074
1074	1	654
336	0	552
552	1	336
336	0	787
787	1	336
486	0	552
552	1	486
486	0	895
895	1	486
248	0	552
552	1	248
248	0	449
449	1	248
248	0	867
867	1	248
1029	0	1089
1089	1	1029
1029	0	1090
1090	1	1029
156	0	552
552	1	156
31	0	552
552	1	31
459	0	552
552	1	459
459	0	1113
1113	1	459
459	0	1089
1089	1	459
459	0	980
980	1	459
674	0	1089
1089	1	674
906	0	1094
1094	1	906
906	0	1038
1038	1	906
94	0	552
552	1	94
271	0	552
552	1	271
1057	0	1101
1101	1	1057
177	0	552
552	1	177
395	0	995
995	1	395
395	0	483
483	1	395
395	0	748
748	1	395
178	0	552
552	1	178
407	0	1004
1004	1	407
407	0	490
490	1	407
407	0	771
771	1	407
273	0	453
453	1	273
28	0	552
552	1	28
45	0	552
552	1	45
45	0	392
392	1	45
76	0	895
895	1	76
76	0	401
401	1	76
76	0	486
486	1	76
76	0	552
552	1	76
930	0	1048
1048	1	930
197	0	552
552	1	197
197	0	429
429	1	197
137	0	552
552	1	137
210	0	552
552	1	210
210	0	610
610	1	210
695	0	984
984	1	695
957	0	1064
1064	1	957
606	0	974
974	1	606
483	0	995
995	1	483
483	0	748
748	1	483
860	0	1023
1023	1	860
490	0	1004
1004	1	490
490	0	771
771	1	490
479	0	1095
1095	1	479
479	0	524
524	1	479
35	0	586
586	1	35
35	0	552
552	1	35
275	0	948
948	1	275
275	0	552
552	1	275
332	0	469
469	1	332
122	0	552
552	1	122
985	0	1079
1079	1	985
286	0	552
552	1	286
608	0	975
975	1	608
188	0	552
552	1	188
176	0	552
552	1	176
952	0	1061
1061	1	952
528	0	540
540	1	528
953	0	1062
1062	1	953
531	0	552
552	1	531
531	0	541
541	1	531
324	0	672
672	1	324
324	0	552
552	1	324
501	0	552
552	1	501
272	0	552
552	1	272
646	0	976
976	1	646
376	0	552
552	1	376
253	0	1109
1109	1	253
432	0	531
531	1	432
432	0	552
552	1	432
478	0	552
552	1	478
162	0	1093
1093	1	162
162	0	552
552	1	162
162	0	1035
1035	1	162
162	0	896
896	1	162
569	0	968
968	1	569
367	0	958
958	1	367
367	0	1065
1065	1	367
843	0	1086
1086	1	843
843	0	1020
1020	1	843
843	0	1021
1021	1	843
446	0	506
506	1	446
446	0	507
507	1	446
492	0	1082
1082	1	492
492	0	1007
1007	1	492
264	0	552
552	1	264
57	0	396
396	1	57
252	0	1064
1064	1	252
252	0	957
957	1	252
975	0	1071
1071	1	975
283	0	510
510	1	283
283	0	455
455	1	283
1016	0	1085
1085	1	1016
965	0	1067
1067	1	965
1070	0	1103
1103	1	1070
1075	0	1104
1104	1	1075
84	0	552
552	1	84
81	0	552
552	1	81
81	0	1042
1042	1	81
81	0	912
912	1	81
369	0	475
475	1	369
335	0	552
552	1	335
1114	0	1123
1123	1	1114
18	0	961
961	1	18
18	0	1066
1066	1	18
1109	0	1121
1121	1	1109
1010	0	1083
1083	1	1010
816	0	1013
1013	1	816
967	0	1068
1068	1	967
967	0	1069
1069	1	967
718	0	986
986	1	718
562	0	1056
1056	1	562
780	0	1092
1092	1	780
242	0	746
746	1	242
36	0	848
848	1	36
368	0	552
552	1	368
172	0	1111
1111	1	172
172	0	1084
1084	1	172
951	0	1060
1060	1	951
951	0	1102
1102	1	951
929	0	1047
1047	1	929
426	0	552
552	1	426
245	0	552
552	1	245
933	0	1049
1049	1	933
671	0	1104
1104	1	671
671	0	1075
1075	1	671
671	0	979
979	1	671
255	0	700
700	1	255
255	0	552
552	1	255
1102	0	1116
1116	1	1102
755	0	999
999	1	755
454	0	552
552	1	454
1021	0	1086
1086	1	1021
997	0	1080
1080	1	997
1038	0	1094
1094	1	1038
500	0	533
533	1	500
533	0	552
552	1	533
533	0	854
854	1	533
143	0	552
552	1	143
143	0	415
415	1	143
246	0	552
552	1	246
541	0	846
846	1	541
167	0	420
420	1	167
429	0	552
552	1	429
79	0	610
610	1	79
79	0	552
552	1	79
1122	0	1131
1131	1	1122
206	0	552
552	1	206
393	0	552
552	1	393
1060	0	1102
1102	1	1060
511	0	535
535	1	511
602	0	973
973	1	602
1130	0	1133
1133	1	1130
1130	0	1132
1132	1	1130
15	0	511
511	1	15
15	0	535
535	1	15
1092	0	1114
1114	1	1092
527	0	865
865	1	527
563	0	961
961	1	563
563	0	1066
1066	1	563
304	0	903
903	1	304
947	0	1058
1058	1	947
414	0	552
552	1	414
444	0	552
552	1	444
449	0	552
552	1	449
140	0	552
552	1	140
440	0	552
552	1	440
520	0	552
552	1	520
80	0	955
955	1	80
80	0	403
403	1	80
1020	0	1086
1086	1	1020
1014	0	1084
1084	1	1014
961	0	1066
1066	1	961
437	0	552
552	1	437
437	0	854
854	1	437
692	0	982
982	1	692
83	0	552
552	1	83
333	0	552
552	1	333
1050	0	1099
1099	1	1050
239	0	446
446	1	239
859	0	1022
1022	1	859
760	0	1056
1056	1	760
722	0	989
989	1	722
621	0	1045
1045	1	621
185	0	552
552	1	185
259	0	552
552	1	259
939	0	1053
1053	1	939
422	0	494
494	1	422
841	0	1018
1018	1	841
112	0	409
409	1	112
883	0	1030
1030	1	883
828	0	1015
1015	1	828
924	0	1046
1046	1	924
321	0	715
715	1	321
460	0	515
515	1	460
460	0	537
537	1	460
460	0	552
552	1	460
460	0	516
516	1	460
327	0	577
577	1	327
327	0	552
552	1	327
200	0	552
552	1	200
594	0	1116
1116	1	594
265	0	552
552	1	265
1024	0	1087
1087	1	1024
1034	0	1092
1092	1	1034
935	0	1051
1051	1	935
749	0	996
996	1	749
772	0	1005
1005	1	772
970	0	1103
1103	1	970
970	0	1070
1070	1	970
1108	0	1120
1120	1	1108
588	0	972
972	1	588
896	0	1093
1093	1	896
896	0	1035
1035	1	896
1035	0	1093
1093	1	1035
836	0	1017
1017	1	836
1098	0	1115
1115	1	1098
803	0	1084
1084	1	803
902	0	1037
1037	1	902
868	0	1089
1089	1	868
1087	0	1112
1112	1	1087
86	0	405
405	1	86
983	0	1077
1077	1	983
720	0	988
988	1	720
82	0	404
404	1	82
689	0	1068
1068	1	689
1078	0	1105
1105	1	1078
733	0	991
991	1	733
516	0	537
537	1	516
212	0	552
552	1	212
958	0	1065
1065	1	958
882	0	1029
1029	1	882
663	0	978
978	1	663
813	0	1011
1011	1	813
813	0	1012
1012	1	813
258	0	450
450	1	258
180	0	552
552	1	180
296	0	460
460	1	296
296	0	515
515	1	296
1031	0	1091
1091	1	1031
32	0	483
483	1	32
129	0	490
490	1	129
729	0	990
990	1	729
742	0	993
993	1	742
455	0	510
510	1	455
311	0	552
552	1	311
968	0	1069
1069	1	968
146	0	552
552	1	146
1115	0	1124
1124	1	1115
886	0	1033
1033	1	886
568	0	967
967	1	568
748	0	995
995	1	748
771	0	1004
1004	1	771
351	0	947
947	1	351
503	0	552
552	1	503
43	0	391
391	1	43
23	0	383
383	1	23
936	0	1052
1052	1	936
26	0	384
384	1	26
65	0	398
398	1	65
899	0	1036
1036	1	899
394	0	482
482	1	394
488	0	527
527	1	488
111	0	408
408	1	111
1089	0	1113
1113	1	1089
415	0	552
552	1	415
131	0	509
509	1	131
767	0	1000
1000	1	767
912	0	1042
1042	1	912
907	0	1039
1039	1	907
1055	0	1100
1100	1	1055
509	0	537
537	1	509
