36	0	77
77	1	36
36	0	113
113	1	36
36	0	149
149	1	36
36	0	150
150	1	36
2	0	77
77	1	2
2	0	103
103	1	2
4	0	77
77	1	4
4	0	36
36	1	4
14	0	77
77	1	14
14	0	116
116	1	14
14	0	40
40	1	14
43	0	77
77	1	43
77	0	147
147	1	77
77	0	140
140	1	77
77	0	79
79	1	77
77	0	127
127	1	77
77	0	80
80	1	77
77	0	81
81	1	77
77	0	82
82	1	77
77	0	129
129	1	77
77	0	83
83	1	77
77	0	133
133	1	77
77	0	148
148	1	77
77	0	84
84	1	77
77	0	85
85	1	77
77	0	130
130	1	77
77	0	131
131	1	77
77	0	86
86	1	77
77	0	135
135	1	77
77	0	155
155	1	77
77	0	159
159	1	77
77	0	144
144	1	77
77	0	171
171	1	77
77	0	87
87	1	77
77	0	137
137	1	77
77	0	88
88	1	77
77	0	89
89	1	77
77	0	90
90	1	77
77	0	162
162	1	77
77	0	169
169	1	77
77	0	91
91	1	77
77	0	136
136	1	77
77	0	126
126	1	77
77	0	92
92	1	77
77	0	93
93	1	77
77	0	94
94	1	77
77	0	163
163	1	77
77	0	95
95	1	77
77	0	96
96	1	77
77	0	164
164	1	77
77	0	97
97	1	77
77	0	141
141	1	77
77	0	98
98	1	77
77	0	99
99	1	77
77	0	100
100	1	77
77	0	166
166	1	77
77	0	161
161	1	77
77	0	101
101	1	77
77	0	128
128	1	77
77	0	102
102	1	77
77	0	103
103	1	77
77	0	153
153	1	77
77	0	104
104	1	77
77	0	165
165	1	77
77	0	105
105	1	77
77	0	154
154	1	77
77	0	149
149	1	77
77	0	106
106	1	77
77	0	138
138	1	77
77	0	150
150	1	77
77	0	107
107	1	77
77	0	139
139	1	77
77	0	108
108	1	77
77	0	109
109	1	77
77	0	168
168	1	77
77	0	110
110	1	77
77	0	170
170	1	77
77	0	167
167	1	77
77	0	111
111	1	77
77	0	132
132	1	77
77	0	112
112	1	77
77	0	134
134	1	77
77	0	146
146	1	77
77	0	113
113	1	77
77	0	114
114	1	77
77	0	115
115	1	77
77	0	116
116	1	77
77	0	117
117	1	77
77	0	118
118	1	77
77	0	143
143	1	77
77	0	158
158	1	77
77	0	119
119	1	77
77	0	151
151	1	77
77	0	152
152	1	77
77	0	120
120	1	77
77	0	121
121	1	77
77	0	122
122	1	77
77	0	123
123	1	77
77	0	124
124	1	77
77	0	125
125	1	77
16	0	56
56	1	16
16	0	42
42	1	16
16	0	50
50	1	16
42	0	56
56	1	42
42	0	50
50	1	42
57	0	72
72	1	57
57	0	77
77	1	57
57	0	165
165	1	57
57	0	171
171	1	57
57	0	91
91	1	57
57	0	61
61	1	57
57	0	168
168	1	57
57	0	62
62	1	57
57	0	63
63	1	57
57	0	154
154	1	57
57	0	138
138	1	57
57	0	139
139	1	57
57	0	64
64	1	57
57	0	118
118	1	57
57	0	80
80	1	57
57	0	105
105	1	57
57	0	153
153	1	57
57	0	104
104	1	57
57	0	74
74	1	57
57	0	75
75	1	57
57	0	84
84	1	57
57	0	90
90	1	57
57	0	170
170	1	57
57	0	65
65	1	57
57	0	66
66	1	57
57	0	88
88	1	57
57	0	67
67	1	57
57	0	106
106	1	57
57	0	107
107	1	57
57	0	68
68	1	57
57	0	110
110	1	57
70	0	168
168	1	70
70	0	76
76	1	70
70	0	73
73	1	70
7	0	57
57	1	7
9	0	54
54	1	9
9	0	77
77	1	9
9	0	49
49	1	9
9	0	37
37	1	9
35	0	48
48	1	35
75	0	76
76	1	75
75	0	78
78	1	75
75	0	77
77	1	75
75	0	80
80	1	75
10	0	38
38	1	10
10	0	78
78	1	10
133	0	148
148	1	133
133	0	171
171	1	133
133	0	163
163	1	133
133	0	164
164	1	133
133	0	149
149	1	133
133	0	150
150	1	133
133	0	151
151	1	133
133	0	152
152	1	133
46	0	156
156	1	46
46	0	157
157	1	46
46	0	141
141	1	46
46	0	52
52	1	46
46	0	77
77	1	46
18	0	141
141	1	18
18	0	156
156	1	18
18	0	46
46	1	18
18	0	77
77	1	18
85	0	130
130	1	85
106	0	154
154	1	106
106	0	138
138	1	106
31	0	141
141	1	31
31	0	157
157	1	31
31	0	46
46	1	31
31	0	77
77	1	31
86	0	131
131	1	86
107	0	154
154	1	107
107	0	139
139	1	107
115	0	141
141	1	115
115	0	155
155	1	115
135	0	155
155	1	135
98	0	155
155	1	98
98	0	135
135	1	98
144	0	159
159	1	144
60	0	71
71	1	60
60	0	77
77	1	60
11	0	77
77	1	11
11	0	146
146	1	11
11	0	110
110	1	11
11	0	170
170	1	11
11	0	57
57	1	11
11	0	123
123	1	11
33	0	77
77	1	33
33	0	147
147	1	33
33	0	47
47	1	33
33	0	161
161	1	33
33	0	167
167	1	33
158	0	166
166	1	158
158	0	169
169	1	158
120	0	166
166	1	120
120	0	169
169	1	120
120	0	158
158	1	120
120	0	143
143	1	120
143	0	166
166	1	143
143	0	169
169	1	143
143	0	158
158	1	143
119	0	142
142	1	119
50	0	55
55	1	50
50	0	56
56	1	50
64	0	72
72	1	64
62	0	80
80	1	62
62	0	77
77	1	62
62	0	105
105	1	62
45	0	73
73	1	45
45	0	59
59	1	45
45	0	118
118	1	45
45	0	77
77	1	45
45	0	80
80	1	45
45	0	75
75	1	45
45	0	57
57	1	45
45	0	74
74	1	45
45	0	51
51	1	45
29	0	73
73	1	29
29	0	59
59	1	29
29	0	45
45	1	29
51	0	73
73	1	51
51	0	77
77	1	51
51	0	80
80	1	51
51	0	57
57	1	51
51	0	75
75	1	51
51	0	118
118	1	51
51	0	74
74	1	51
51	0	58
58	1	51
51	0	59
59	1	51
37	0	54
54	1	37
37	0	49
49	1	37
15	0	153
153	1	15
15	0	41
41	1	15
27	0	77
77	1	27
68	0	77
77	1	68
68	0	138
138	1	68
68	0	139
139	1	68
68	0	154
154	1	68
145	0	160
160	1	145
32	0	77
77	1	32
32	0	124
124	1	32
17	0	77
77	1	17
26	0	122
122	1	26
26	0	77
77	1	26
53	0	77
77	1	53
53	0	147
147	1	53
53	0	71
71	1	53
53	0	60
60	1	53
47	0	77
77	1	47
47	0	147
147	1	47
47	0	71
71	1	47
47	0	161
161	1	47
47	0	167
167	1	47
47	0	60
60	1	47
47	0	53
53	1	47
161	0	168
168	1	161
161	0	170
170	1	161
161	0	167
167	1	161
101	0	136
136	1	101
126	0	147
147	1	126
24	0	77
77	1	24
24	0	147
147	1	24
73	0	168
168	1	73
73	0	76
76	1	73
73	0	74
74	1	73
59	0	168
168	1	59
59	0	76
76	1	59
59	0	73
73	1	59
59	0	74
74	1	59
59	0	70
70	1	59
65	0	77
77	1	65
6	0	77
77	1	6
6	0	103
103	1	6
6	0	83
83	1	6
6	0	89
89	1	6
66	0	77
77	1	66
40	0	77
77	1	40
40	0	116
116	1	40
147	0	161
161	1	147
147	0	167
167	1	147
147	0	162
162	1	147
110	0	170
170	1	110
21	0	44
44	1	21
58	0	69
69	1	58
58	0	74
74	1	58
58	0	75
75	1	58
151	0	163
163	1	151
3	0	77
77	1	3
152	0	164
164	1	152
141	0	155
155	1	141
141	0	156
156	1	141
141	0	157
157	1	141
121	0	159
159	1	121
121	0	144
144	1	121
121	0	145
145	1	121
74	0	77
77	1	74
74	0	80
80	1	74
74	0	75
75	1	74
74	0	118
118	1	74
49	0	54
54	1	49
49	0	77
77	1	49
114	0	140
140	1	114
19	0	43
43	1	19
19	0	137
137	1	19
25	0	77
77	1	25
34	0	77
77	1	34
63	0	168
168	1	63
104	0	165
165	1	104
104	0	153
153	1	104
104	0	137
137	1	104
166	0	169
169	1	166
76	0	168
168	1	76
76	0	78
78	1	76
79	0	126
126	1	79
20	0	127
127	1	20
138	0	154
154	1	138
139	0	154
154	1	139
118	0	147
147	1	118
88	0	171
171	1	88
123	0	146
146	1	123
153	0	165
165	1	153
13	0	52
52	1	13
13	0	46
46	1	13
13	0	39
39	1	13
41	0	153
153	1	41
117	0	147
147	1	117
137	0	153
153	1	137
54	0	77
77	1	54
87	0	137
137	1	87
39	0	52
52	1	39
168	0	170
170	1	168
168	0	171
171	1	168
82	0	129
129	1	82
93	0	133
133	1	93
93	0	132
132	1	93
96	0	133
133	1	96
96	0	134
134	1	96
71	0	77
77	1	71
80	0	127
127	1	80
52	0	77
77	1	52
81	0	128
128	1	81
109	0	168
168	1	109
99	0	171
171	1	99
61	0	171
171	1	61
165	0	168
168	1	165
