219	147	2120
219	147	1735
219	148	2115
219	148	1645
219	148	220
725	147	2029
725	147	1035
725	147	1194
725	147	2212
725	147	1043
725	147	239
725	147	1193
725	149	1323
725	149	1590
725	149	1450
725	149	1733
725	149	1979
725	149	1585
725	149	1616
1	147	1735
1	147	845
1	147	665
1	147	1474
1	146	1791
1	146	551
42	146	127
42	146	1
42	146	1504
42	146	1889
42	146	1528
42	147	127
42	147	1
42	147	75
42	147	1564
42	147	1863
42	147	494
42	147	1562
42	147	507
42	147	1932
28	147	1868
28	147	887
28	147	332
28	147	267
28	147	867
28	146	887
170	149	80
170	149	1684
170	149	971
170	149	1976
170	149	2055
170	149	2103
170	149	1364
170	149	1893
170	149	1632
170	149	6
170	149	54
170	149	291
170	149	2234
170	149	1419
170	149	2064
170	149	1559
170	149	1667
170	149	79
170	149	1303
170	149	632
170	149	1161
170	149	2230
170	149	1769
170	149	1795
170	149	1654
170	147	972
170	147	42
170	147	292
170	147	1788
170	147	21
170	147	448
170	147	1255
170	147	1759
170	147	55
170	147	168
170	147	1688
170	147	1
170	147	1379
170	147	1988
170	147	1467
170	147	427
170	147	1723
170	147	1713
170	147	1333
170	147	508
170	147	956
170	147	1875
170	147	2208
170	147	896
170	147	449
170	147	1253
170	147	503
170	147	2098
170	147	1575
170	147	169
170	147	504
170	147	1343
170	147	891
170	147	697
170	147	795
170	147	1215
170	147	1502
170	147	28
170	147	882
170	147	1268
170	147	477
170	147	483
170	147	54
170	147	1411
170	147	1341
170	147	631
170	147	1534
170	147	1966
170	147	510
170	147	1519
170	147	1339
170	147	507
170	147	1269
170	147	111
170	147	2089
170	147	1336
170	147	2180
170	147	885
170	147	1695
170	147	1637
170	147	502
170	147	1490
170	150	1719
170	150	1
170	148	207
170	148	127
170	148	42
170	148	1791
170	148	1296
170	148	603
170	148	2129
170	148	54
170	148	1390
170	145	42
80	148	1517
80	148	1326
80	148	1622
80	149	170
80	149	1634
80	147	1754
80	147	508
80	147	1817
80	147	896
80	147	504
80	147	882
80	147	885
363	147	456
1297	147	1337
1297	147	2203
431	148	2105
431	149	432
61	146	1
61	146	127
61	146	1470
61	146	2117
61	146	1831
61	146	1635
146	147	42
961	150	1683
661	147	2160
661	147	2204
207	146	1
243	149	208
415	147	863
415	147	1945
415	147	1763
415	147	1117
415	147	1766
415	147	1452
415	147	855
415	147	2163
416	148	207
79	148	42
79	148	207
79	148	1326
79	147	1662
79	147	42
79	147	1821
79	147	1405
79	147	505
79	147	1512
79	147	682
79	150	1
53	147	42
53	147	50
53	147	52
53	147	51
971	147	972
971	147	55
971	147	42
971	147	1889
971	147	1870
972	147	1162
972	147	1439
292	146	1403
292	147	1403
292	147	2057
1162	146	1715
747	147	973
1004	149	747
1004	148	1
1004	147	1440
1004	147	2172
1004	147	1580
1004	147	1848
1244	147	42
55	147	42
55	147	1524
55	147	75
55	147	127
55	147	2096
55	147	1571
55	147	1889
55	147	1864
55	147	1937
55	147	1535
55	147	2061
55	147	2218
55	147	612
1222	148	42
73	148	61
73	145	74
74	146	61
970	147	42
962	147	127
962	147	1149
962	147	1812
962	147	42
962	147	2168
962	147	2157
962	149	2045
962	149	1673
962	148	1
962	148	331
962	148	1692
1207	147	2039
1207	145	887
1261	147	42
1242	148	61
447	147	448
448	147	55
1273	147	956
956	147	1530
956	147	42
956	147	508
956	147	507
956	147	1549
956	146	508
1006	148	1498
1006	147	1759
865	147	2214
295	147	1497
295	147	2030
295	147	2119
295	147	1197
296	147	295
48	148	1326
48	148	2125
48	148	42
48	147	42
48	147	1771
48	147	464
48	147	168
48	147	2202
48	147	1472
48	147	1721
48	147	1361
48	147	1365
48	147	1180
48	147	1503
48	149	1914
48	150	1721
168	147	1759
168	147	127
6	147	1834
6	147	1805
6	147	1
6	147	1742
6	147	956
6	147	507
6	147	1876
6	147	1162
6	147	55
6	147	508
6	147	127
6	147	2196
6	147	42
6	147	1773
6	147	1333
6	147	1511
6	147	2021
6	147	2208
6	147	169
6	147	509
6	147	607
6	147	1399
6	147	896
6	147	1972
6	147	1969
6	147	1821
6	147	882
6	147	1877
6	147	1405
6	147	1406
6	147	477
6	147	1534
6	147	1227
6	147	505
6	147	1567
6	147	2166
6	147	1923
6	147	1163
6	147	1339
6	147	2124
6	147	255
6	147	1702
6	147	1267
6	147	1469
6	147	2047
6	147	1710
6	147	1980
6	147	1982
6	149	170
6	149	1486
6	149	243
6	149	1322
6	149	79
6	149	1287
6	149	1389
6	149	1446
6	149	1416
6	149	1842
6	149	1251
6	149	2017
6	149	1558
6	149	80
6	149	2217
6	149	1931
6	149	1557
6	149	2221
6	149	1750
6	149	1676
6	149	1447
6	149	1376
6	149	1554
6	149	1217
6	149	1958
6	149	2050
6	148	207
6	148	1790
6	148	1448
6	148	1412
6	148	61
6	148	1739
6	150	2196
6	150	507
6	150	1
6	150	2017
6	151	512
6	151	1773
6	151	896
6	151	882
6	151	477
6	151	255
6	153	1790
367	147	28
367	148	61
1277	148	1282
1196	145	888
1196	145	1282
604	148	61
604	145	61
54	148	207
54	148	529
54	147	2104
54	147	503
54	147	1276
54	147	1275
54	147	1341
54	147	508
54	147	42
54	147	631
54	147	1274
54	147	334
54	147	349
54	147	502
54	149	1160
1323	147	1015
1323	147	2029
1323	147	1035
1323	147	1617
1323	147	2212
1323	147	1043
1323	147	1566
1323	149	758
1015	147	1894
1015	147	1889
1015	146	1504
1171	147	1
121	146	1
121	146	1955
121	146	2014
643	147	2061
643	147	2218
1230	148	61
1230	147	1
1139	147	956
1139	147	42
427	147	1595
427	147	956
274	147	1946
439	148	127
439	148	1375
676	147	42
676	147	55
676	149	1850
127	146	1621
127	147	1883
1312	148	127
1312	148	1375
75	147	2160
75	147	42
145	147	1338
145	149	1910
145	149	1849
145	149	1859
145	149	2150
145	149	1495
1338	147	1712
1338	147	1760
974	147	42
946	152	127
563	149	1160
1307	148	1459
49	147	53
49	147	865
49	147	1428
49	147	50
49	147	52
49	147	51
49	150	53
49	150	42
49	151	50
49	151	52
49	151	51
322	147	28
322	149	546
1036	146	887
1264	147	757
242	147	127
409	147	127
479	147	2062
1201	147	2157
1201	147	42
825	147	55
1092	147	55
122	149	1292
122	149	1878
357	147	892
357	147	952
357	147	1663
357	147	1864
357	147	1937
357	147	1476
76	147	661
492	150	169
1333	147	2042
893	147	508
1315	148	61
1287	149	6
1290	148	1871
931	147	508
607	147	2208
370	152	6
1228	148	61
106	147	1514
106	147	1577
278	149	279
278	147	280
278	147	428
279	149	1455
279	149	429
279	147	280
279	147	428
279	147	1342
279	147	1349
280	147	1560
1028	147	292
1028	148	1466
1105	147	1672
1105	147	1774
1105	148	1500
34	147	1861
34	147	1994
471	147	1861
471	147	1994
471	146	1478
233	147	1648
233	147	234
234	147	1892
979	147	981
613	147	2204
613	147	661
1080	147	1082
1080	147	1081
1080	147	2187
307	148	322
307	147	308
1143	149	1975
1143	149	1464
1143	149	1445
1143	149	2132
578	147	508
578	147	873
578	147	876
163	149	1924
163	149	1482
163	147	1149
163	150	1537
1258	148	1422
1258	148	1845
998	147	891
411	147	896
470	149	268
1325	149	618
1325	149	837
789	147	865
789	147	295
789	147	1197
789	147	2156
1197	147	295
1198	147	1197
1198	147	1199
1089	147	1921
627	147	859
1286	148	1961
1286	147	334
1286	147	349
1178	148	2121
1178	147	42
636	149	1803
636	149	2224
1023	147	357
892	147	1729
800	147	1736
1101	147	357
952	147	55
115	148	1830
287	147	55
287	147	42
287	147	457
287	149	351
287	149	352
591	147	672
672	147	28
355	147	28
823	147	42
385	147	1
461	148	1944
176	150	2069
1202	147	1812
1202	147	42
1014	150	1015
1219	147	42
1259	148	42
1259	147	1738
112	148	2081
581	146	888
581	146	42
1158	148	581
1260	147	42
1250	148	61
446	147	449
449	147	55
1024	148	1461
1024	147	1759
123	148	1518
123	148	1434
503	147	1883
503	147	55
1243	148	61
210	152	1587
1285	147	1472
1285	147	42
1285	148	1284
1311	147	1343
1288	149	2076
1179	147	1180
1368	147	42
436	148	2068
542	147	55
1195	147	1149
561	147	713
713	147	28
713	147	1868
698	147	713
570	147	757
259	150	880
259	147	260
1151	150	880
1151	147	55
1183	148	1789
1183	147	1185
1185	147	1050
1045	147	2023
1045	147	1
1054	148	1047
1054	147	42
1055	147	42
1051	147	42
1051	148	1882
85	148	2066
85	147	2070
394	148	61
394	148	1682
245	147	242
245	148	243
245	148	207
407	148	406
407	147	409
478	147	479
486	147	487
485	147	487
1148	147	1149
1148	148	2126
959	147	267
267	147	604
267	147	1741
267	147	867
267	147	1928
267	147	887
267	147	2145
267	146	867
267	148	1
267	150	1887
824	147	55
609	147	854
762	147	55
762	147	869
762	147	1952
671	147	869
671	147	1952
1186	147	1187
455	147	456
1295	147	1337
1295	147	2203
990	147	1337
851	147	55
851	149	619
619	147	55
293	149	431
432	149	431
182	146	1565
208	153	182
208	149	243
208	149	470
560	146	1794
350	146	1781
1320	147	888
291	147	292
291	147	1609
291	147	1533
291	149	170
291	149	1667
748	147	42
32	148	61
32	147	1102
32	147	29
32	147	34
32	147	33
32	147	2052
32	147	1796
32	150	277
277	147	1861
33	147	277
33	147	34
33	147	1861
33	147	1655
389	148	1985
389	147	76
389	147	1536
465	148	61
465	147	466
466	147	471
215	147	1995
216	147	215
216	147	2143
216	148	61
402	147	215
401	147	277
401	147	76
401	147	399
474	147	471
474	147	2223
474	147	1396
1304	147	2175
1304	147	850
1304	147	313
1304	149	311
1304	149	312
1022	148	61
1317	147	42
1319	148	1293
384	147	28
443	147	28
443	150	1386
845	147	883
845	147	1873
845	147	1880
883	146	1873
548	147	55
548	148	406
548	148	207
548	148	1432
548	148	1504
336	148	1791
336	147	337
599	147	28
481	147	28
332	147	28
459	148	61
459	147	267
459	147	55
459	147	28
629	148	1638
629	147	870
629	147	1340
629	147	1589
629	147	202
629	149	2020
629	149	2043
629	149	203
629	149	1956
629	150	2152
1340	147	2152
1340	147	2133
1340	147	42
754	147	860
802	147	1597
802	147	357
802	147	1677
299	147	1597
299	147	357
709	147	781
1281	148	1283
507	146	508
507	147	508
496	148	1947
496	148	42
513	146	1947
895	146	1
1282	146	888
707	149	733
645	147	55
541	150	880
1042	147	1036
1037	147	1036
1131	147	42
1129	147	1131
592	148	1989
779	147	857
1108	147	1109
1108	149	2188
1109	147	887
976	149	779
976	147	857
59	148	1840
59	149	1776
1122	149	769
1177	147	42
1177	147	75
1177	148	2177
1177	148	2121
743	147	55
743	150	1614
1208	147	42
1208	147	2026
1208	148	1578
1208	148	2121
640	148	1431
603	146	1
603	146	2000
1215	146	888
196	148	603
1226	147	508
1359	147	1162
425	147	1162
204	145	61
177	147	140
178	147	177
178	147	140
1073	150	1570
1278	148	1641
1278	147	1726
1278	147	1659
1017	147	1018
1069	147	55
669	147	55
742	147	692
692	147	28
573	147	887
573	147	775
320	147	28
820	147	55
1166	148	1896
557	148	1896
557	148	1884
557	147	891
685	148	1896
685	147	891
1364	150	127
1364	149	170
745	147	844
635	147	844
593	148	61
419	148	207
419	147	1763
418	147	1763
418	147	863
417	147	1117
1117	147	863
422	150	1647
1087	147	158
741	149	1990
929	152	79
157	147	158
729	147	1671
729	147	2083
729	147	2056
125	147	127
124	147	127
126	147	127
806	147	55
519	150	880
1040	147	1036
1039	147	1036
1134	147	42
1132	147	1134
516	148	2058
410	147	882
81	147	84
1268	147	292
617	147	42
538	147	881
1000	147	1001
766	147	55
642	147	822
822	147	28
544	147	887
544	147	708
843	148	1777
843	151	717
673	147	871
1106	147	1107
1106	149	1819
1107	147	887
975	149	673
975	147	871
141	147	140
142	147	141
142	147	140
821	147	42
791	147	821
597	148	1977
597	147	879
955	146	1
1088	147	253
828	149	1513
907	152	79
252	147	253
1294	147	42
1313	147	42
837	147	42
837	147	1335
837	147	2133
837	147	1189
837	147	2153
837	149	1325
837	149	1594
837	149	1978
837	149	1494
837	149	2123
837	150	2133
837	148	1919
1335	147	2133
618	147	2091
618	147	55
1216	147	2153
1216	149	837
194	149	1628
194	149	156
194	147	1188
194	148	300
220	146	1874
477	147	1406
477	147	1435
130	147	131
482	147	483
632	147	1411
162	147	509
162	147	477
162	149	1404
162	149	2027
162	149	160
162	149	161
161	151	477
1341	147	1435
631	147	42
631	147	170
231	147	508
231	147	232
231	147	511
510	147	507
205	148	2169
686	147	862
674	147	696
718	147	42
718	147	55
718	149	1547
1072	148	508
1150	150	880
1150	147	55
1310	148	1789
1310	147	1334
1334	147	1050
1046	147	1757
1046	147	1
1053	148	1047
1053	147	1050
1052	147	1050
1056	147	1050
1056	148	1867
86	148	1941
391	148	61
391	148	1860
551	146	1
551	146	883
533	147	28
665	147	883
665	147	1873
665	147	1888
302	147	42
518	147	878
518	150	1851
395	148	1505
721	147	55
528	150	880
1041	147	1036
1038	147	1036
1137	147	42
1135	147	1137
575	148	1484
656	147	42
539	147	877
1002	147	1003
731	147	55
705	147	768
768	147	28
574	147	887
574	147	848
1025	149	773
1025	147	1026
850	147	55
311	147	55
311	147	313
311	147	850
312	147	55
312	147	313
313	147	55
313	147	1724
505	147	1934
490	147	489
490	150	489
493	147	42
493	147	494
1190	147	1162
761	147	1722
761	147	42
66	147	28
814	147	1162
1154	148	61
1154	145	61
864	147	267
610	147	267
610	147	864
610	150	2209
610	148	61
758	149	1983
1249	149	170
1010	148	1762
1324	148	61
841	147	2190
966	149	2229
966	149	1562
966	149	2106
297	147	2233
1188	147	1568
1059	147	42
433	148	2171
433	147	42
894	147	1
1200	148	1548
644	147	42
1322	149	6
1322	149	1507
1322	150	1
1322	150	1413
147	147	2072
147	148	1948
1339	147	507
1339	147	42
339	147	2003
339	147	340
340	147	1384
1019	147	1021
770	147	2204
770	147	661
1083	147	1085
1083	147	1084
1083	147	1598
623	147	42
1269	147	292
681	147	55
738	152	1423
738	147	28
535	147	738
535	148	61
949	152	560
752	148	1831
549	146	1
201	147	888
641	147	267
689	147	267
437	147	308
797	148	322
1352	148	322
1332	147	1336
423	148	207
423	147	1452
424	147	1452
424	147	863
421	147	855
855	147	863
426	150	1647
254	148	61
254	147	255
1316	147	42
1239	147	508
1239	147	75
720	147	55
1279	148	61
1272	148	61
777	147	55
792	149	1778
792	149	1758
582	148	127
497	148	1947
569	146	1947
884	146	1
831	149	1427
831	149	2155
31	148	61
31	147	1102
31	147	30
31	147	34
31	147	35
31	147	1538
31	147	1796
31	150	326
326	147	1994
35	147	326
35	147	34
35	147	1994
35	147	1424
390	148	1853
390	147	76
390	147	1536
467	148	61
467	147	468
468	147	471
188	147	1995
189	147	188
189	147	1600
189	148	61
400	147	188
398	147	326
398	147	76
398	147	399
473	147	471
473	147	1690
473	147	1826
1357	147	1162
420	147	1162
801	147	1855
801	147	2054
801	147	2001
728	147	55
728	147	1855
728	147	42
1029	149	1030
184	147	55
184	147	28
532	147	678
678	147	28
589	148	1410
589	148	2169
589	147	42
520	147	856
520	148	207
520	148	1601
451	147	450
451	150	880
451	150	1818
1330	148	2162
846	147	55
266	148	1607
266	147	267
266	147	28
537	146	1
1078	148	537
1078	147	1
756	147	28
849	147	28
849	147	267
849	147	2145
849	148	61
650	147	267
650	147	2145
764	147	28
793	147	968
675	147	878
878	147	2197
515	147	2048
759	147	2048
759	149	703
759	149	812
703	147	865
812	147	865
1318	148	1475
1318	147	1930
118	147	1652
118	147	357
835	147	767
1280	148	1283
750	147	42
386	147	1
460	148	2128
128	150	2182
82	147	83
237	147	239
238	147	239
239	146	1491
239	147	1889
268	147	414
1191	147	1162
787	147	1909
787	147	42
67	147	28
639	147	1162
634	147	1509
634	147	2222
634	147	1508
144	148	143
310	147	55
682	147	42
804	147	682
1217	149	279
1217	147	1342
1217	147	1349
1342	147	1560
60	148	1840
60	149	1890
1298	148	61
649	147	55
736	147	858
736	147	55
969	147	55
134	146	1
1291	149	170
502	147	1932
502	147	55
1247	148	61
