25	0	42
42	1	25
25	0	36
36	1	25
12	0	54
54	1	12
12	0	44
44	1	12
12	0	39
39	1	12
12	0	30
30	1	12
12	0	38
38	1	12
39	0	54
54	1	39
39	0	44
44	1	39
41	0	45
45	1	41
41	0	46
46	1	41
41	0	47
47	1	41
3	0	42
42	1	3
3	0	24
24	1	3
3	0	25
25	1	3
17	0	31
31	1	17
2	0	31
31	1	2
2	0	21
21	1	2
2	0	48
48	1	2
2	0	22
22	1	2
2	0	50
50	1	2
2	0	35
35	1	2
2	0	23
23	1	2
22	0	37
37	1	22
35	0	50
50	1	35
44	0	49
49	1	44
44	0	54
54	1	44
33	0	41
41	1	33
19	0	41
41	1	19
19	0	33
33	1	19
7	0	37
37	1	7
7	0	46
46	1	7
7	0	52
52	1	7
7	0	55
55	1	7
7	0	50
50	1	7
7	0	51
51	1	7
7	0	53
53	1	7
7	0	28
28	1	7
37	0	52
52	1	37
37	0	50
50	1	37
37	0	46
46	1	37
37	0	43
43	1	37
37	0	53
53	1	37
37	0	55
55	1	37
5	0	46
46	1	5
5	0	51
51	1	5
5	0	52
52	1	5
5	0	55
55	1	5
5	0	50
50	1	5
5	0	53
53	1	5
5	0	56
56	1	5
5	0	28
28	1	5
28	0	46
46	1	28
28	0	50
50	1	28
28	0	51
51	1	28
28	0	52
52	1	28
28	0	55
55	1	28
28	0	56
56	1	28
28	0	53
53	1	28
28	0	54
54	1	28
28	0	37
37	1	28
46	0	50
50	1	46
46	0	53
53	1	46
46	0	55
55	1	46
46	0	51
51	1	46
46	0	52
52	1	46
46	0	56
56	1	46
46	0	54
54	1	46
50	0	55
55	1	50
50	0	52
52	1	50
50	0	53
53	1	50
50	0	51
51	1	50
50	0	54
54	1	50
52	0	55
55	1	52
52	0	53
53	1	52
53	0	55
55	1	53
53	0	56
56	1	53
53	0	54
54	1	53
54	0	55
55	1	54
54	0	56
56	1	54
42	0	48
48	1	42
49	0	55
55	1	49
21	0	48
48	1	21
18	0	40
40	1	18
18	0	32
32	1	18
15	0	38
38	1	15
23	0	35
35	1	23
23	0	50
50	1	23
30	0	54
54	1	30
30	0	38
38	1	30
30	0	39
39	1	30
51	0	52
52	1	51
51	0	55
55	1	51
51	0	53
53	1	51
6	0	26
26	1	6
6	0	27
27	1	6
4	0	55
55	1	4
4	0	56
56	1	4
32	0	40
40	1	32
13	0	46
46	1	13
55	0	56
56	1	55
36	0	42
42	1	36
20	0	34
34	1	20
10	0	29
29	1	10
