2	14	0
2	5	1
3	59	2
3	49	3
4	10	4
4	10	5
4	9	6
4	9	7
5	52	8
5	53	9
5	77	10
6	6	11
6	14	12
7	6	13
8	16	1
8	16	12
9	6	14
9	6	15
10	6	16
10	5	17
11	72	18
11	72	19
12	12	1
12	13	20
13	20	21
14	14	22
15	72	23
19	5	27
19	6	28
19	14	29
20	14	30
21	6	31
21	14	32
21	14	33
22	20	34
23	5	12
24	12	12
25	14	35
25	5	36
25	6	37
25	6	38
26	14	39
27	3	40
27	18	41
29	12	12
30	57	42
31	11	43
31	13	44
31	12	12
32	12	45
32	13	46
32	13	47
33	13	48
34	6	49
34	43	50
34	5	51
36	6	52
36	6	53
36	6	54
36	5	55
36	5	12
36	5	56
36	5	57
37	6	58
37	14	59
37	5	60
38	5	61
38	5	62
39	10	63
39	9	64
40	43	65
40	14	66
41	4	67
41	9	12
42	34	68
43	20	69
44	13	70
44	12	71
45	12	72
45	13	73
46	72	18
46	72	74
47	5	1
47	14	20
47	43	75
48	12	22
48	13	76
49	5	12
50	11	31
50	13	33
51	16	12
52	14	77
52	14	78
52	5	12
53	28	42
54	12	79
54	13	43
55	16	12
56	57	53
56	56	52
56	56	54
57	15	80
57	16	61
58	6	81
59	18	63
59	18	82
59	9	64
60	5	1
60	43	75
60	14	83
62	14	12
62	6	84
63	25	85
63	24	43
63	15	44
63	16	12
64	49	86
64	49	87
65	13	80
65	12	61
66	26	75
66	25	88
66	15	89
67	10	83
68	16	12
69	19	43
69	23	12
69	20	90
70	14	12
70	5	12
70	6	14
70	6	91
71	18	87
71	4	92
71	9	93
72	16	12
72	16	61
72	15	80
73	25	94
73	15	95
73	15	96
74	42	58
74	46	97
74	41	60
75	12	98
76	31	94
76	23	95
76	20	96
77	15	99
77	15	100
77	15	101
77	15	49
77	15	102
77	15	103
77	15	104
77	15	105
77	15	106
77	15	107
77	15	108
77	15	109
77	15	110
77	15	111
77	15	112
77	15	113
77	15	114
77	15	115
77	15	116
77	15	117
77	15	45
77	15	118
77	15	119
77	15	120
77	15	121
77	15	122
77	15	123
77	15	124
77	15	125
77	15	12
77	15	126
77	15	127
77	15	128
77	15	129
77	15	130
77	15	131
77	15	132
77	15	133
77	15	89
77	15	134
77	15	47
77	15	135
77	15	136
77	15	137
77	15	53
77	15	138
77	15	139
77	15	5
77	15	140
77	15	141
77	15	46
77	15	142
77	15	143
77	15	144
77	15	4
77	15	145
77	15	77
77	15	146
77	15	21
77	15	147
77	15	148
77	15	149
77	15	150
77	15	151
77	15	152
77	15	66
77	15	153
77	15	154
77	15	155
77	15	72
77	15	156
77	15	157
77	15	158
77	15	159
77	15	160
77	15	161
77	16	56
77	16	162
77	16	27
77	16	163
77	16	164
77	16	165
77	16	57
77	16	166
77	16	167
77	16	55
77	16	168
77	16	12
77	16	169
77	16	170
77	16	171
77	16	172
77	16	173
77	16	174
77	16	175
77	16	176
77	16	177
77	16	178
77	16	179
77	16	180
77	16	181
77	16	182
77	16	149
77	16	183
77	16	184
77	16	1
77	24	185
77	24	49
77	24	105
77	24	31
77	24	106
77	24	11
77	24	87
77	24	186
77	24	187
77	24	70
77	24	188
77	24	189
77	24	190
77	24	191
77	24	81
77	24	192
77	24	52
77	24	193
77	24	14
77	24	5
77	24	4
77	24	194
77	24	153
77	24	195
77	24	196
77	24	197
77	24	160
77	24	198
77	25	199
77	25	200
77	25	201
77	25	94
77	25	202
77	25	203
77	25	204
77	25	205
77	25	65
77	25	206
77	25	207
77	16	208
77	16	209
77	16	164
77	16	184
77	16	12
77	16	170
77	16	210
77	16	157
77	16	211
77	16	143
77	16	89
77	16	148
77	26	75
77	26	212
77	26	213
77	26	50
77	26	94
77	26	88
77	26	214
77	26	215
77	26	216
77	26	217
77	26	218
77	26	207
78	12	219
78	12	158
78	13	220
80	20	156
80	31	216
80	31	217
80	23	149
81	23	12
81	20	221
82	20	222
82	23	151
83	12	223
83	13	224
84	12	101
84	12	12
84	13	225
85	20	226
86	6	227
86	6	16
86	14	228
87	28	229
88	13	230
89	13	152
89	13	231
90	18	232
90	10	233
90	9	234
91	34	235
92	6	236
92	43	237
92	14	238
93	27	239
94	34	22
95	5	1
96	13	240
97	6	241
98	28	242
99	34	111
100	13	127
100	12	12
101	87	1
101	72	243
102	6	188
102	5	1
103	20	145
104	5	12
104	14	244
105	20	245
106	14	134
106	14	40
107	20	246
107	20	49
108	6	191
108	43	207
109	18	247
109	9	248
110	31	94
110	23	95
110	20	249
111	6	250
112	25	251
112	16	180
112	15	252
113	6	253
114	31	254
114	20	255
115	13	256
116	5	1
118	6	257
118	14	258
118	14	259
119	6	14
120	20	260
121	87	185
121	87	261
121	72	112
121	73	12
121	73	56
122	11	16
122	12	17
122	13	227
123	20	262
124	4	263
124	10	264
124	9	265
125	2	157
125	2	22
126	31	266
126	20	267
126	23	268
127	6	269
128	28	270
128	28	271
129	10	272
129	3	175
130	20	127
131	75	273
132	5	12
133	44	274
133	27	275
133	27	276
134	13	277
135	11	31
135	12	140
135	12	135
135	13	278
135	13	279
136	34	280
137	9	281
138	14	282
139	20	283
140	30	284
141	22	285
141	22	12
142	6	286
142	14	287
142	14	228
142	14	288
143	9	289
143	10	152
144	23	157
144	20	290
145	34	291
146	38	270
146	38	271
147	28	292
147	28	293
148	23	12
148	20	150
148	20	294
148	20	295
148	31	218
148	31	203
149	11	296
150	6	296
150	5	1
151	20	297
153	20	256
154	15	298
155	18	284
155	10	299
156	108	157
156	32	300
157	6	301
157	6	302
157	14	303
157	14	304
157	5	12
157	43	305
157	43	306
158	23	298
158	20	307
158	20	308
159	14	299
160	46	309
160	46	310
160	46	202
160	42	301
161	91	311
161	91	312
162	72	313
162	72	314
