107	0	198
198	1	107
107	0	165
165	1	107
107	0	138
138	1	107
107	0	139
139	1	107
107	0	196
196	1	107
107	0	163
163	1	107
107	0	352
352	1	107
107	0	278
278	1	107
107	0	288
288	1	107
107	0	197
197	1	107
107	0	367
367	1	107
107	0	164
164	1	107
107	0	361
361	1	107
107	0	291
291	1	107
107	0	140
140	1	107
107	0	141
141	1	107
107	0	142
142	1	107
4	0	198
198	1	4
4	0	107
107	1	4
4	0	352
352	1	4
4	0	361
361	1	4
132	0	198
198	1	132
92	0	198
198	1	92
92	0	132
132	1	92
197	0	198
198	1	197
197	0	367
367	1	197
133	0	198
198	1	133
133	0	285
285	1	133
41	0	198
198	1	41
41	0	107
107	1	41
41	0	289
289	1	41
41	0	172
172	1	41
42	0	198
198	1	42
42	0	209
209	1	42
42	0	143
143	1	42
42	0	108
108	1	42
45	0	198
198	1	45
134	0	198
198	1	134
134	0	285
285	1	134
198	0	343
343	1	198
198	0	199
199	1	198
198	0	200
200	1	198
198	0	410
410	1	198
198	0	201
201	1	198
198	0	377
377	1	198
198	0	380
380	1	198
198	0	202
202	1	198
198	0	350
350	1	198
198	0	203
203	1	198
198	0	204
204	1	198
198	0	336
336	1	198
198	0	323
323	1	198
198	0	205
205	1	198
198	0	206
206	1	198
198	0	354
354	1	198
198	0	324
324	1	198
198	0	207
207	1	198
198	0	420
420	1	198
198	0	325
325	1	198
198	0	208
208	1	198
198	0	385
385	1	198
198	0	209
209	1	198
198	0	210
210	1	198
198	0	211
211	1	198
198	0	212
212	1	198
198	0	400
400	1	198
198	0	362
362	1	198
198	0	327
327	1	198
198	0	213
213	1	198
198	0	421
421	1	198
198	0	387
387	1	198
198	0	214
214	1	198
198	0	328
328	1	198
198	0	372
372	1	198
198	0	338
338	1	198
198	0	215
215	1	198
198	0	329
329	1	198
198	0	216
216	1	198
198	0	381
381	1	198
198	0	217
217	1	198
198	0	330
330	1	198
198	0	422
422	1	198
198	0	218
218	1	198
198	0	388
388	1	198
198	0	331
331	1	198
198	0	219
219	1	198
198	0	332
332	1	198
198	0	423
423	1	198
198	0	220
220	1	198
198	0	221
221	1	198
198	0	333
333	1	198
198	0	389
389	1	198
198	0	364
364	1	198
198	0	222
222	1	198
198	0	340
340	1	198
198	0	223
223	1	198
198	0	345
345	1	198
198	0	224
224	1	198
198	0	382
382	1	198
198	0	348
348	1	198
198	0	363
363	1	198
198	0	401
401	1	198
198	0	367
367	1	198
198	0	225
225	1	198
198	0	335
335	1	198
198	0	418
418	1	198
198	0	436
436	1	198
198	0	443
443	1	198
198	0	226
226	1	198
198	0	437
437	1	198
198	0	430
430	1	198
198	0	227
227	1	198
198	0	228
228	1	198
198	0	391
391	1	198
198	0	229
229	1	198
198	0	368
368	1	198
198	0	384
384	1	198
198	0	230
230	1	198
198	0	339
339	1	198
198	0	231
231	1	198
198	0	232
232	1	198
198	0	233
233	1	198
198	0	355
355	1	198
198	0	234
234	1	198
198	0	386
386	1	198
198	0	448
448	1	198
198	0	441
441	1	198
198	0	235
235	1	198
198	0	236
236	1	198
198	0	435
435	1	198
198	0	237
237	1	198
198	0	427
427	1	198
198	0	408
408	1	198
198	0	238
238	1	198
198	0	239
239	1	198
198	0	240
240	1	198
198	0	241
241	1	198
198	0	394
394	1	198
198	0	357
357	1	198
198	0	399
399	1	198
198	0	242
242	1	198
198	0	243
243	1	198
198	0	244
244	1	198
198	0	444
444	1	198
198	0	407
407	1	198
198	0	365
365	1	198
198	0	245
245	1	198
198	0	246
246	1	198
198	0	247
247	1	198
198	0	248
248	1	198
198	0	249
249	1	198
198	0	250
250	1	198
198	0	251
251	1	198
198	0	252
252	1	198
198	0	253
253	1	198
198	0	406
406	1	198
198	0	254
254	1	198
198	0	255
255	1	198
198	0	256
256	1	198
198	0	341
341	1	198
198	0	257
257	1	198
198	0	258
258	1	198
198	0	426
426	1	198
198	0	259
259	1	198
198	0	395
395	1	198
198	0	416
416	1	198
198	0	260
260	1	198
198	0	425
425	1	198
198	0	334
334	1	198
198	0	414
414	1	198
198	0	261
261	1	198
198	0	262
262	1	198
198	0	263
263	1	198
198	0	264
264	1	198
198	0	346
346	1	198
198	0	265
265	1	198
198	0	266
266	1	198
198	0	397
397	1	198
198	0	267
267	1	198
198	0	434
434	1	198
198	0	419
419	1	198
198	0	433
433	1	198
198	0	268
268	1	198
198	0	442
442	1	198
198	0	269
269	1	198
198	0	447
447	1	198
198	0	366
366	1	198
198	0	409
409	1	198
198	0	428
428	1	198
198	0	270
270	1	198
198	0	369
369	1	198
198	0	390
390	1	198
198	0	271
271	1	198
198	0	272
272	1	198
198	0	273
273	1	198
198	0	274
274	1	198
198	0	275
275	1	198
198	0	276
276	1	198
198	0	351
351	1	198
198	0	277
277	1	198
198	0	352
352	1	198
198	0	278
278	1	198
198	0	353
353	1	198
198	0	279
279	1	198
198	0	398
398	1	198
198	0	280
280	1	198
198	0	326
326	1	198
198	0	440
440	1	198
198	0	337
337	1	198
198	0	424
424	1	198
198	0	392
392	1	198
198	0	281
281	1	198
198	0	282
282	1	198
198	0	356
356	1	198
198	0	283
283	1	198
198	0	284
284	1	198
198	0	358
358	1	198
198	0	285
285	1	198
198	0	286
286	1	198
198	0	404
404	1	198
198	0	287
287	1	198
198	0	288
288	1	198
198	0	289
289	1	198
198	0	405
405	1	198
198	0	393
393	1	198
198	0	290
290	1	198
198	0	361
361	1	198
198	0	291
291	1	198
198	0	292
292	1	198
198	0	293
293	1	198
198	0	429
429	1	198
198	0	412
412	1	198
198	0	294
294	1	198
198	0	295
295	1	198
198	0	296
296	1	198
198	0	297
297	1	198
198	0	298
298	1	198
198	0	299
299	1	198
198	0	300
300	1	198
198	0	383
383	1	198
198	0	413
413	1	198
198	0	301
301	1	198
198	0	302
302	1	198
198	0	349
349	1	198
198	0	342
342	1	198
198	0	347
347	1	198
198	0	303
303	1	198
198	0	304
304	1	198
198	0	305
305	1	198
198	0	306
306	1	198
198	0	307
307	1	198
198	0	308
308	1	198
198	0	309
309	1	198
198	0	310
310	1	198
198	0	311
311	1	198
198	0	312
312	1	198
198	0	313
313	1	198
198	0	376
376	1	198
198	0	446
446	1	198
198	0	314
314	1	198
198	0	315
315	1	198
198	0	316
316	1	198
198	0	317
317	1	198
198	0	318
318	1	198
198	0	374
374	1	198
198	0	319
319	1	198
198	0	320
320	1	198
198	0	321
321	1	198
198	0	322
322	1	198
14	0	183
183	1	14
14	0	191
191	1	14
14	0	364
364	1	14
14	0	198
198	1	14
14	0	97
97	1	14
14	0	98
98	1	14
314	0	436
436	1	314
314	0	429
429	1	314
314	0	443
443	1	314
314	0	377
377	1	314
314	0	378
378	1	314
314	0	379
379	1	314
380	0	437
437	1	380
380	0	446
446	1	380
380	0	430
430	1	380
380	0	412
412	1	380
380	0	445
445	1	380
380	0	413
413	1	380
380	0	431
431	1	380
380	0	432
432	1	380
380	0	414
414	1	380
380	0	438
438	1	380
380	0	439
439	1	380
380	0	415
415	1	380
380	0	416
416	1	380
380	0	417
417	1	380
380	0	418
418	1	380
412	0	437
437	1	412
412	0	430
430	1	412
430	0	437
437	1	430
5	0	350
350	1	5
5	0	276
276	1	5
5	0	198
198	1	5
82	0	198
198	1	82
82	0	158
158	1	82
82	0	129
129	1	82
73	0	415
415	1	73
73	0	446
446	1	73
73	0	438
438	1	73
73	0	431
431	1	73
438	0	446
446	1	438
431	0	446
446	1	431
431	0	438
438	1	431
184	0	352
352	1	184
184	0	361
361	1	184
184	0	230
230	1	184
114	0	207
207	1	114
114	0	420
420	1	114
114	0	198
198	1	114
114	0	324
324	1	114
114	0	325
325	1	114
114	0	147
147	1	114
114	0	385
385	1	114
114	0	208
208	1	114
147	0	420
420	1	147
147	0	198
198	1	147
147	0	324
324	1	147
147	0	207
207	1	147
147	0	325
325	1	147
147	0	385
385	1	147
147	0	208
208	1	147
147	0	170
170	1	147
207	0	420
420	1	207
207	0	324
324	1	207
30	0	420
420	1	30
30	0	198
198	1	30
30	0	324
324	1	30
30	0	207
207	1	30
30	0	325
325	1	30
30	0	147
147	1	30
30	0	385
385	1	30
30	0	208
208	1	30
30	0	170
170	1	30
30	0	114
114	1	30
56	0	420
420	1	56
56	0	198
198	1	56
56	0	324
324	1	56
56	0	325
325	1	56
56	0	207
207	1	56
56	0	147
147	1	56
56	0	385
385	1	56
56	0	208
208	1	56
56	0	114
114	1	56
56	0	170
170	1	56
170	0	385
385	1	170
170	0	420
420	1	170
170	0	325
325	1	170
170	0	208
208	1	170
170	0	198
198	1	170
108	0	209
209	1	108
108	0	198
198	1	108
108	0	143
143	1	108
12	0	302
302	1	12
12	0	198
198	1	12
12	0	96
96	1	12
80	0	198
198	1	80
72	0	198
198	1	72
72	0	312
312	1	72
72	0	376
376	1	72
72	0	124
124	1	72
72	0	166
166	1	72
150	0	421
421	1	150
150	0	198
198	1	150
150	0	327
327	1	150
150	0	213
213	1	150
150	0	328
328	1	150
150	0	387
387	1	150
150	0	214
214	1	150
150	0	173
173	1	150
213	0	421
421	1	213
213	0	327
327	1	213
19	0	421
421	1	19
19	0	198
198	1	19
19	0	327
327	1	19
19	0	328
328	1	19
19	0	213
213	1	19
19	0	150
150	1	19
19	0	387
387	1	19
19	0	214
214	1	19
19	0	120
120	1	19
19	0	173
173	1	19
64	0	421
421	1	64
64	0	198
198	1	64
64	0	327
327	1	64
64	0	213
213	1	64
64	0	328
328	1	64
64	0	150
150	1	64
64	0	387
387	1	64
64	0	214
214	1	64
64	0	173
173	1	64
64	0	120
120	1	64
120	0	213
213	1	120
120	0	421
421	1	120
120	0	198
198	1	120
120	0	327
327	1	120
120	0	328
328	1	120
120	0	150
150	1	120
120	0	387
387	1	120
120	0	214
214	1	120
173	0	387
387	1	173
173	0	421
421	1	173
173	0	328
328	1	173
173	0	214
214	1	173
173	0	198
198	1	173
183	0	198
198	1	183
183	0	240
240	1	183
183	0	245
245	1	183
183	0	191
191	1	183
183	0	192
192	1	183
2	0	198
198	1	2
2	0	240
240	1	2
2	0	245
245	1	2
2	0	372
372	1	2
2	0	130
130	1	2
2	0	131
131	1	2
2	0	192
192	1	2
2	0	183
183	1	2
2	0	90
90	1	2
2	0	91
91	1	2
22	0	198
198	1	22
22	0	135
135	1	22
22	0	99
99	1	22
32	0	198
198	1	32
32	0	329
329	1	32
32	0	168
168	1	32
32	0	358
358	1	32
32	0	284
284	1	32
32	0	215
215	1	32
32	0	103
103	1	32
156	0	198
198	1	156
156	0	215
215	1	156
156	0	381
381	1	156
156	0	195
195	1	156
156	0	180
180	1	156
156	0	188
188	1	156
156	0	181
181	1	156
156	0	190
190	1	156
16	0	198
198	1	16
95	0	435
435	1	95
95	0	198
198	1	95
95	0	424
424	1	95
95	0	285
285	1	95
95	0	392
392	1	95
95	0	393
393	1	95
95	0	133
133	1	95
95	0	134
134	1	95
285	0	435
435	1	285
103	0	168
168	1	103
103	0	198
198	1	103
103	0	358
358	1	103
103	0	188
188	1	103
188	0	296
296	1	188
188	0	198
198	1	188
188	0	381
381	1	188
188	0	195
195	1	188
188	0	215
215	1	188
33	0	198
198	1	33
33	0	215
215	1	33
33	0	188
188	1	33
33	0	381
381	1	33
33	0	195
195	1	33
33	0	156
156	1	33
33	0	180
180	1	33
195	0	198
198	1	195
195	0	381
381	1	195
180	0	217
217	1	180
180	0	198
198	1	180
180	0	215
215	1	180
180	0	381
381	1	180
180	0	188
188	1	180
180	0	195
195	1	180
180	0	189
189	1	180
189	0	217
217	1	189
189	0	198
198	1	189
374	0	407
407	1	374
157	0	198
198	1	157
157	0	182
182	1	157
318	0	381
381	1	318
57	0	198
198	1	57
57	0	413
413	1	57
57	0	115
115	1	57
148	0	422
422	1	148
148	0	198
198	1	148
148	0	330
330	1	148
148	0	218
218	1	148
148	0	331
331	1	148
148	0	388
388	1	148
148	0	219
219	1	148
148	0	171
171	1	148
23	0	422
422	1	23
23	0	198
198	1	23
23	0	330
330	1	23
23	0	331
331	1	23
23	0	218
218	1	23
23	0	148
148	1	23
23	0	388
388	1	23
23	0	219
219	1	23
23	0	117
117	1	23
23	0	171
171	1	23
117	0	422
422	1	117
117	0	218
218	1	117
117	0	198
198	1	117
117	0	330
330	1	117
117	0	331
331	1	117
117	0	148
148	1	117
117	0	388
388	1	117
117	0	219
219	1	117
61	0	422
422	1	61
61	0	198
198	1	61
61	0	330
330	1	61
61	0	218
218	1	61
61	0	331
331	1	61
61	0	148
148	1	61
61	0	388
388	1	61
61	0	219
219	1	61
61	0	171
171	1	61
61	0	117
117	1	61
218	0	422
422	1	218
218	0	330
330	1	218
171	0	388
388	1	171
171	0	422
422	1	171
171	0	331
331	1	171
171	0	219
219	1	171
171	0	198
198	1	171
136	0	423
423	1	136
136	0	198
198	1	136
136	0	332
332	1	136
136	0	220
220	1	136
136	0	333
333	1	136
136	0	389
389	1	136
136	0	221
221	1	136
136	0	161
161	1	136
18	0	423
423	1	18
18	0	198
198	1	18
18	0	332
332	1	18
18	0	220
220	1	18
18	0	333
333	1	18
18	0	136
136	1	18
18	0	389
389	1	18
18	0	221
221	1	18
18	0	161
161	1	18
18	0	100
100	1	18
25	0	423
423	1	25
25	0	198
198	1	25
25	0	332
332	1	25
25	0	333
333	1	25
25	0	220
220	1	25
25	0	136
136	1	25
25	0	389
389	1	25
25	0	221
221	1	25
25	0	100
100	1	25
25	0	161
161	1	25
220	0	423
423	1	220
220	0	332
332	1	220
100	0	423
423	1	100
100	0	220
220	1	100
100	0	198
198	1	100
100	0	332
332	1	100
100	0	333
333	1	100
100	0	136
136	1	100
100	0	389
389	1	100
100	0	221
221	1	100
161	0	389
389	1	161
161	0	423
423	1	161
161	0	333
333	1	161
161	0	221
221	1	161
161	0	198
198	1	161
293	0	364
364	1	293
254	0	406
406	1	254
254	0	372
372	1	254
254	0	340
340	1	254
254	0	404
404	1	254
256	0	341
341	1	256
372	0	402
402	1	372
372	0	403
403	1	372
372	0	404
404	1	372
372	0	405
405	1	372
372	0	406
406	1	372
24	0	340
340	1	24
24	0	259
259	1	24
24	0	395
395	1	24
24	0	406
406	1	24
24	0	254
254	1	24
24	0	198
198	1	24
24	0	167
167	1	24
24	0	145
145	1	24
24	0	113
113	1	24
28	0	198
198	1	28
28	0	372
372	1	28
28	0	380
380	1	28
28	0	102
102	1	28
63	0	198
198	1	63
63	0	425
425	1	63
63	0	172
172	1	63
63	0	288
288	1	63
63	0	119
119	1	63
287	0	359
359	1	287
172	0	198
198	1	172
172	0	372
372	1	172
172	0	288
288	1	172
172	0	425
425	1	172
172	0	289
289	1	172
55	0	360
360	1	55
55	0	289
289	1	55
262	0	406
406	1	262
262	0	372
372	1	262
262	0	345
345	1	262
262	0	405
405	1	262
264	0	346
346	1	264
52	0	345
345	1	52
52	0	397
397	1	52
52	0	267
267	1	52
52	0	406
406	1	52
52	0	262
262	1	52
52	0	198
198	1	52
52	0	169
169	1	52
52	0	146
146	1	52
52	0	113
113	1	52
123	0	198
198	1	123
123	0	153
153	1	123
70	0	198
198	1	70
70	0	313
313	1	70
70	0	376
376	1	70
70	0	122
122	1	70
70	0	166
166	1	70
70	0	123
123	1	70
53	0	417
417	1	53
53	0	446
446	1	53
53	0	439
439	1	53
53	0	432
432	1	53
432	0	446
446	1	432
432	0	439
439	1	432
439	0	446
446	1	439
301	0	364
364	1	301
301	0	365
365	1	301
301	0	366
366	1	301
301	0	367
367	1	301
301	0	368
368	1	301
301	0	369
369	1	301
274	0	437
437	1	274
86	0	343
343	1	86
86	0	199
199	1	86
86	0	198
198	1	86
111	0	198
198	1	111
97	0	191
191	1	97
97	0	198
198	1	97
378	0	436
436	1	378
68	0	411
411	1	68
68	0	121
121	1	68
379	0	436
436	1	379
379	0	411
411	1	379
60	0	198
198	1	60
60	0	116
116	1	60
168	0	227
227	1	168
168	0	198
198	1	168
168	0	253
253	1	168
168	0	257
257	1	168
168	0	265
265	1	168
168	0	364
364	1	168
168	0	309
309	1	168
168	0	310
310	1	168
168	0	311
311	1	168
127	0	372
372	1	127
127	0	198
198	1	127
89	0	198
198	1	89
89	0	372
372	1	89
89	0	306
306	1	89
228	0	336
336	1	228
87	0	198
198	1	87
193	0	198
198	1	193
193	0	196
196	1	193
65	0	198
198	1	65
415	0	446
446	1	415
415	0	438
438	1	415
415	0	431
431	1	415
166	0	437
437	1	166
166	0	446
446	1	166
166	0	185
185	1	166
166	0	408
408	1	166
166	0	409
409	1	166
166	0	427
427	1	166
166	0	428
428	1	166
166	0	376
376	1	166
166	0	312
312	1	166
166	0	313
313	1	166
163	0	352
352	1	163
163	0	198
198	1	163
163	0	278
278	1	163
163	0	184
184	1	163
324	0	420
420	1	324
325	0	420
420	1	325
325	0	385
385	1	325
208	0	420
420	1	208
208	0	385
385	1	208
208	0	325
325	1	208
43	0	233
233	1	43
43	0	109
109	1	43
27	0	211
211	1	27
27	0	198
198	1	27
9	0	198
198	1	9
9	0	94
94	1	9
13	0	198
198	1	13
13	0	168
168	1	13
392	0	435
435	1	392
392	0	424
424	1	392
155	0	198
198	1	155
155	0	212
212	1	155
155	0	179
179	1	155
124	0	198
198	1	124
124	0	212
212	1	124
124	0	179
179	1	124
124	0	178
178	1	124
124	0	154
154	1	124
124	0	155
155	1	124
179	0	198
198	1	179
179	0	212
212	1	179
66	0	198
198	1	66
66	0	281
281	1	66
66	0	187
187	1	66
178	0	198
198	1	178
178	0	400
400	1	178
178	0	362
362	1	178
177	0	187
187	1	177
177	0	198
198	1	177
327	0	421
421	1	327
214	0	421
421	1	214
214	0	387
387	1	214
214	0	328
328	1	214
328	0	421
421	1	328
328	0	387
387	1	328
241	0	338
338	1	241
76	0	198
198	1	76
125	0	198
198	1	125
125	0	190
190	1	125
125	0	181
181	1	125
125	0	156
156	1	125
77	0	198
198	1	77
77	0	190
190	1	77
77	0	181
181	1	77
77	0	125
125	1	77
77	0	156
156	1	77
284	0	357
357	1	284
284	0	358
358	1	284
78	0	198
198	1	78
78	0	157
157	1	78
78	0	126
126	1	78
78	0	182
182	1	78
78	0	424
424	1	78
78	0	162
162	1	78
38	0	198
198	1	38
38	0	424
424	1	38
38	0	137
137	1	38
38	0	162
162	1	38
38	0	105
105	1	38
137	0	198
198	1	137
137	0	424
424	1	137
137	0	162
162	1	137
90	0	198
198	1	90
90	0	372
372	1	90
90	0	159
159	1	90
90	0	130
130	1	90
90	0	183
183	1	90
130	0	198
198	1	130
130	0	372
372	1	130
130	0	159
159	1	130
34	0	198
198	1	34
34	0	115
115	1	34
330	0	422
422	1	330
331	0	422
422	1	331
331	0	388
388	1	331
219	0	422
422	1	219
219	0	388
388	1	219
219	0	331
331	1	219
332	0	423
423	1	332
221	0	423
423	1	221
221	0	389
389	1	221
221	0	333
333	1	221
333	0	423
423	1	333
333	0	389
389	1	333
131	0	198
198	1	131
131	0	372
372	1	131
131	0	160
160	1	131
91	0	198
198	1	91
91	0	372
372	1	91
91	0	160
160	1	91
91	0	131
131	1	91
91	0	183
183	1	91
17	0	198
198	1	17
17	0	372
372	1	17
17	0	307
307	1	17
145	0	256
256	1	145
145	0	341
341	1	145
145	0	406
406	1	145
145	0	254
254	1	145
145	0	198
198	1	145
145	0	340
340	1	145
145	0	168
168	1	145
145	0	167
167	1	145
6	0	372
372	1	6
6	0	402
402	1	6
6	0	403
403	1	6
6	0	254
254	1	6
6	0	198
198	1	6
6	0	262
262	1	6
6	0	404
404	1	6
6	0	405
405	1	6
144	0	198
198	1	144
144	0	166
166	1	144
113	0	144
144	1	113
113	0	406
406	1	113
113	0	254
254	1	113
113	0	198
198	1	113
113	0	340
340	1	113
113	0	262
262	1	113
113	0	345
345	1	113
113	0	397
397	1	113
113	0	267
267	1	113
113	0	167
167	1	113
113	0	169
169	1	113
113	0	145
145	1	113
113	0	146
146	1	113
149	0	343
343	1	149
149	0	260
260	1	149
149	0	198
198	1	149
149	0	289
289	1	149
149	0	172
172	1	149
119	0	343
343	1	119
119	0	260
260	1	119
119	0	198
198	1	119
119	0	425
425	1	119
119	0	172
172	1	119
119	0	288
288	1	119
119	0	149
149	1	119
260	0	343
343	1	260
260	0	396
396	1	260
260	0	344
344	1	260
31	0	198
198	1	31
31	0	107
107	1	31
142	0	198
198	1	142
142	0	288
288	1	142
344	0	425
425	1	344
344	0	396
396	1	344
69	0	372
372	1	69
58	0	198
198	1	58
58	0	172
172	1	58
58	0	289
289	1	58
58	0	149
149	1	58
26	0	101
101	1	26
26	0	198
198	1	26
118	0	198
198	1	118
62	0	198
198	1	62
62	0	118
118	1	62
146	0	264
264	1	146
146	0	346
346	1	146
146	0	406
406	1	146
146	0	262
262	1	146
146	0	198
198	1	146
146	0	345
345	1	146
146	0	168
168	1	146
146	0	169
169	1	146
393	0	435
435	1	393
393	0	424
424	1	393
319	0	419
419	1	319
319	0	382
382	1	319
47	0	198
198	1	47
47	0	433
433	1	47
153	0	198
198	1	153
176	0	198
198	1	176
176	0	212
212	1	176
122	0	198
198	1	122
122	0	212
212	1	122
122	0	176
176	1	122
122	0	175
175	1	122
122	0	151
151	1	122
122	0	152
152	1	122
152	0	198
198	1	152
152	0	212
212	1	152
152	0	176
176	1	152
85	0	198
198	1	85
85	0	290
290	1	85
85	0	186
186	1	85
175	0	198
198	1	175
175	0	363
363	1	175
175	0	401
401	1	175
174	0	186
186	1	174
174	0	198
198	1	174
51	0	197
197	1	51
417	0	446
446	1	417
417	0	439
439	1	417
417	0	432
432	1	417
164	0	361
361	1	164
164	0	198
198	1	164
164	0	291
291	1	164
164	0	184
184	1	164
29	0	437
437	1	29
29	0	274
274	1	29
29	0	275
275	1	29
429	0	443
443	1	429
429	0	436
436	1	429
436	0	443
443	1	436
138	0	198
198	1	138
138	0	352
352	1	138
138	0	163
163	1	138
138	0	278
278	1	138
138	0	165
165	1	138
185	0	446
446	1	185
185	0	193
193	1	185
185	0	194
194	1	185
185	0	229
229	1	185
185	0	270
270	1	185
185	0	198
198	1	185
196	0	198
198	1	196
7	0	446
446	1	7
7	0	93
93	1	7
93	0	446
446	1	93
278	0	352
352	1	278
279	0	398
398	1	279
279	0	353
353	1	279
211	0	326
326	1	211
211	0	433
433	1	211
211	0	440
440	1	211
3	0	326
326	1	3
3	0	433
433	1	3
3	0	440
440	1	3
3	0	198
198	1	3
3	0	419
419	1	3
3	0	447
447	1	3
3	0	418
418	1	3
3	0	380
380	1	3
3	0	132
132	1	3
3	0	96
96	1	3
3	0	92
92	1	3
3	0	211
211	1	3
3	0	382
382	1	3
3	0	128
128	1	3
326	0	433
433	1	326
326	0	440
440	1	326
326	0	386
386	1	326
11	0	198
198	1	11
11	0	337
337	1	11
11	0	424
424	1	11
11	0	392
392	1	11
11	0	435
435	1	11
11	0	393
393	1	11
11	0	236
236	1	11
11	0	95
95	1	11
112	0	198
198	1	112
236	0	435
435	1	236
236	0	424
424	1	236
236	0	392
392	1	236
236	0	393
393	1	236
236	0	337
337	1	236
337	0	435
435	1	337
337	0	424
424	1	337
337	0	392
392	1	337
337	0	393
393	1	337
154	0	198
198	1	154
154	0	295
295	1	154
154	0	177
177	1	154
154	0	178
178	1	154
187	0	198
198	1	187
187	0	281
281	1	187
240	0	372
372	1	240
190	0	198
198	1	190
181	0	198
198	1	181
181	0	190
190	1	181
40	0	244
244	1	40
40	0	198
198	1	40
437	0	444
444	1	437
437	0	445
445	1	437
182	0	198
198	1	182
126	0	198
198	1	126
126	0	157
157	1	126
126	0	424
424	1	126
126	0	162
162	1	126
245	0	372
372	1	245
98	0	198
198	1	98
167	0	406
406	1	167
167	0	198
198	1	167
167	0	340
340	1	167
167	0	402
402	1	167
167	0	254
254	1	167
402	0	426
426	1	402
102	0	198
198	1	102
102	0	372
372	1	102
101	0	343
343	1	101
101	0	198
198	1	101
169	0	406
406	1	169
169	0	198
198	1	169
169	0	345
345	1	169
169	0	403
403	1	169
169	0	262
262	1	169
403	0	426
426	1	403
104	0	198
198	1	104
382	0	419
419	1	382
382	0	433
433	1	382
382	0	447
447	1	382
382	0	440
440	1	382
419	0	433
433	1	419
419	0	440
440	1	419
419	0	447
447	1	419
419	0	434
434	1	419
433	0	447
447	1	433
433	0	440
440	1	433
433	0	441
441	1	433
433	0	442
442	1	433
433	0	448
448	1	433
440	0	447
447	1	440
151	0	198
198	1	151
151	0	299
299	1	151
151	0	174
174	1	151
151	0	175
175	1	151
186	0	198
198	1	186
186	0	290
290	1	186
139	0	198
198	1	139
139	0	361
361	1	139
139	0	164
164	1	139
139	0	291
291	1	139
139	0	165
165	1	139
291	0	361
361	1	291
81	0	198
198	1	81
81	0	380
380	1	81
81	0	301
301	1	81
81	0	418
418	1	81
81	0	128
128	1	81
231	0	339
339	1	231
239	0	339
339	1	239
162	0	198
198	1	162
162	0	424
424	1	162
247	0	339
339	1	247
249	0	339
339	1	249
312	0	408
408	1	312
312	0	427
427	1	312
312	0	376
376	1	312
310	0	374
374	1	310
311	0	375
375	1	311
396	0	425
425	1	396
313	0	409
409	1	313
313	0	428
428	1	313
313	0	376
376	1	313
194	0	198
198	1	194
194	0	197
197	1	194
354	0	420
420	1	354
354	0	422
422	1	354
354	0	423
423	1	354
354	0	421
421	1	354
353	0	398
398	1	353
282	0	421
421	1	282
282	0	354
354	1	282
205	0	323
323	1	205
205	0	384
384	1	205
225	0	335
335	1	225
225	0	390
390	1	225
424	0	435
435	1	424
129	0	198
198	1	129
129	0	158
158	1	129
37	0	121
121	1	37
99	0	198
198	1	99
99	0	135
135	1	99
232	0	339
339	1	232
238	0	339
339	1	238
246	0	339
339	1	246
248	0	339
339	1	248
215	0	381
381	1	215
215	0	329
329	1	215
385	0	420
420	1	385
387	0	421
421	1	387
388	0	422
422	1	388
389	0	423
423	1	389
210	0	386
386	1	210
210	0	326
326	1	210
105	0	198
198	1	105
105	0	424
424	1	105
105	0	162
162	1	105
105	0	137
137	1	105
224	0	434
434	1	224
224	0	419
419	1	224
10	0	355
355	1	10
10	0	277
277	1	10
10	0	283
283	1	10
10	0	198
198	1	10
306	0	370
370	1	306
306	0	372
372	1	306
307	0	371
371	1	307
307	0	372
372	1	307
286	0	399
399	1	286
54	0	315
315	1	54
54	0	198
198	1	54
322	0	383
383	1	322
235	0	448
448	1	235
235	0	441
441	1	235
235	0	433
433	1	235
268	0	448
448	1	268
268	0	442
442	1	268
268	0	433
433	1	268
121	0	411
411	1	121
309	0	373
373	1	309
376	0	408
408	1	376
376	0	409
409	1	376
376	0	427
427	1	376
376	0	428
428	1	376
159	0	198
198	1	159
159	0	183
183	1	159
160	0	198
198	1	160
160	0	183
183	1	160
46	0	300
300	1	46
46	0	110
110	1	46
39	0	300
300	1	39
39	0	106
106	1	39
192	0	198
198	1	192
295	0	400
400	1	295
295	0	362
362	1	295
299	0	401
401	1	299
299	0	363
363	1	299
8	0	198
198	1	8
158	0	198
198	1	158
135	0	198
198	1	135
67	0	358
358	1	67
67	0	168
168	1	67
67	0	198
198	1	67
48	0	111
111	1	48
48	0	198
198	1	48
258	0	342
342	1	258
266	0	347
347	1	266
250	0	380
380	1	250
261	0	414
414	1	261
261	0	380
380	1	261
96	0	302
302	1	96
96	0	198
198	1	96
110	0	300
300	1	110
106	0	300
300	1	106
128	0	198
198	1	128
128	0	301
301	1	128
36	0	198
198	1	36
116	0	198
198	1	116
140	0	198
198	1	140
141	0	198
198	1	141
316	0	380
380	1	316
350	0	437
437	1	350
350	0	430
430	1	350
304	0	378
378	1	304
410	0	429
429	1	410
340	0	395
395	1	340
345	0	397
397	1	345
201	0	410
410	1	201
201	0	377
377	1	201
377	0	410
410	1	377
377	0	436
436	1	377
289	0	360
360	1	289
79	0	127
127	1	79
143	0	209
209	1	143
441	0	448
448	1	441
442	0	448
448	1	442
269	0	348
348	1	269
348	0	447
447	1	348
276	0	350
350	1	276
277	0	355
355	1	277
277	0	351
351	1	277
283	0	355
355	1	283
283	0	356
356	1	283
259	0	437
437	1	259
259	0	395
395	1	259
267	0	437
437	1	267
267	0	397
397	1	267
395	0	437
437	1	395
397	0	437
437	1	397
408	0	427
427	1	408
409	0	428
428	1	409
323	0	384
384	1	323
335	0	390
390	1	335
362	0	400
400	1	362
363	0	401
401	1	363
50	0	380
380	1	50
273	0	349
349	1	273
49	0	112
112	1	49
35	0	104
104	1	35
84	0	198
198	1	84
357	0	399
399	1	357
288	0	425
425	1	288
223	0	334
334	1	223
336	0	391
391	1	336
338	0	394
394	1	338
