119	0	121
121	1	119
119	0	132
132	1	119
119	0	127
127	1	119
119	0	135
135	1	119
119	0	122
122	1	119
119	0	124
124	1	119
119	0	130
130	1	119
128	0	131
131	1	128
128	0	138
138	1	128
128	0	147
147	1	128
128	0	149
149	1	128
128	0	141
141	1	128
64	0	70
70	1	64
64	0	67
67	1	64
109	0	112
112	1	109
109	0	115
115	1	109
109	0	118
118	1	109
20	0	131
131	1	20
20	0	138
138	1	20
20	0	76
76	1	20
20	0	86
86	1	20
20	0	79
79	1	20
20	0	93
93	1	20
20	0	95
95	1	20
20	0	104
104	1	20
20	0	100
100	1	20
20	0	102
102	1	20
20	0	69
69	1	20
20	0	71
71	1	20
20	0	134
134	1	20
20	0	116
116	1	20
20	0	121
121	1	20
20	0	128
128	1	20
20	0	82
82	1	20
20	0	141
141	1	20
20	0	143
143	1	20
20	0	147
147	1	20
20	0	149
149	1	20
20	0	60
60	1	20
20	0	47
47	1	20
20	0	125
125	1	20
20	0	73
73	1	20
67	0	70
70	1	67
117	0	121
121	1	117
117	0	132
132	1	117
117	0	127
127	1	117
117	0	135
135	1	117
117	0	124
124	1	117
117	0	119
119	1	117
7	0	132
132	1	7
54	0	83
83	1	54
54	0	89
89	1	54
54	0	90
90	1	54
3	0	62
62	1	3
3	0	64
64	1	3
3	0	67
67	1	3
3	0	106
106	1	3
3	0	111
111	1	3
3	0	108
108	1	3
3	0	38
38	1	3
3	0	147
147	1	3
3	0	47
47	1	3
47	0	106
106	1	47
47	0	126
126	1	47
47	0	110
110	1	47
47	0	77
77	1	47
47	0	68
68	1	47
47	0	76
76	1	47
47	0	86
86	1	47
47	0	79
79	1	47
47	0	93
93	1	47
47	0	65
65	1	47
47	0	95
95	1	47
47	0	107
107	1	47
47	0	104
104	1	47
47	0	100
100	1	47
47	0	102
102	1	47
47	0	64
64	1	47
47	0	67
67	1	47
47	0	131
131	1	47
47	0	96
96	1	47
47	0	113
113	1	47
47	0	127
127	1	47
47	0	111
111	1	47
47	0	134
134	1	47
47	0	140
140	1	47
47	0	119
119	1	47
47	0	122
122	1	47
47	0	137
137	1	47
47	0	116
116	1	47
47	0	121
121	1	47
47	0	128
128	1	47
47	0	138
138	1	47
47	0	141
141	1	47
47	0	143
143	1	47
47	0	142
142	1	47
47	0	147
147	1	47
47	0	145
145	1	47
47	0	148
148	1	47
47	0	146
146	1	47
47	0	103
103	1	47
47	0	144
144	1	47
47	0	82
82	1	47
47	0	130
130	1	47
47	0	150
150	1	47
47	0	133
133	1	47
47	0	151
151	1	47
47	0	152
152	1	47
47	0	125
125	1	47
47	0	153
153	1	47
47	0	154
154	1	47
47	0	149
149	1	47
47	0	124
124	1	47
47	0	57
57	1	47
47	0	72
72	1	47
47	0	117
117	1	47
47	0	71
71	1	47
47	0	101
101	1	47
47	0	80
80	1	47
47	0	114
114	1	47
47	0	58
58	1	47
47	0	66
66	1	47
47	0	73
73	1	47
47	0	59
59	1	47
47	0	69
69	1	47
47	0	60
60	1	47
47	0	75
75	1	47
47	0	78
78	1	47
47	0	61
61	1	47
47	0	62
62	1	47
96	0	106
106	1	96
96	0	110
110	1	96
96	0	107
107	1	96
96	0	113
113	1	96
96	0	116
116	1	96
96	0	138
138	1	96
96	0	101
101	1	96
96	0	142
142	1	96
96	0	145
145	1	96
96	0	148
148	1	96
96	0	146
146	1	96
96	0	103
103	1	96
96	0	150
150	1	96
96	0	151
151	1	96
96	0	152
152	1	96
96	0	153
153	1	96
96	0	154
154	1	96
107	0	111
111	1	107
107	0	134
134	1	107
107	0	116
116	1	107
107	0	142
142	1	107
107	0	145
145	1	107
107	0	146
146	1	107
107	0	150
150	1	107
107	0	151
151	1	107
107	0	152
152	1	107
107	0	153
153	1	107
107	0	154
154	1	107
107	0	113
113	1	107
107	0	138
138	1	107
107	0	148
148	1	107
107	0	133
133	1	107
18	0	80
80	1	18
18	0	43
43	1	18
120	0	123
123	1	120
42	0	72
72	1	42
42	0	52
52	1	42
42	0	76
76	1	42
42	0	53
53	1	42
42	0	63
63	1	42
60	0	86
86	1	60
60	0	93
93	1	60
60	0	95
95	1	60
60	0	104
104	1	60
60	0	102
102	1	60
60	0	131
131	1	60
60	0	134
134	1	60
60	0	116
116	1	60
60	0	121
121	1	60
60	0	128
128	1	60
60	0	138
138	1	60
60	0	141
141	1	60
60	0	143
143	1	60
60	0	147
147	1	60
60	0	149
149	1	60
60	0	79
79	1	60
60	0	100
100	1	60
60	0	82
82	1	60
60	0	76
76	1	60
60	0	125
125	1	60
60	0	69
69	1	60
60	0	73
73	1	60
60	0	71
71	1	60
60	0	66
66	1	60
41	0	86
86	1	41
9	0	79
79	1	9
9	0	81
81	1	9
9	0	135
135	1	9
9	0	152
152	1	9
9	0	129
129	1	9
9	0	63
63	1	9
36	0	81
81	1	36
36	0	85
85	1	36
2	0	85
85	1	2
2	0	81
81	1	2
2	0	50
50	1	2
2	0	49
49	1	2
2	0	36
36	1	2
2	0	37
37	1	2
24	0	83
83	1	24
24	0	54
54	1	24
24	0	89
89	1	24
24	0	44
44	1	24
8	0	93
93	1	8
8	0	47
47	1	8
8	0	46
46	1	8
46	0	55
55	1	46
46	0	56
56	1	46
27	0	55
55	1	27
27	0	56
56	1	27
27	0	46
46	1	27
106	0	107
107	1	106
106	0	140
140	1	106
106	0	142
142	1	106
106	0	147
147	1	106
106	0	145
145	1	106
106	0	144
144	1	106
106	0	112
112	1	106
106	0	115
115	1	106
106	0	151
151	1	106
106	0	152
152	1	106
106	0	153
153	1	106
106	0	113
113	1	106
106	0	122
122	1	106
106	0	137
137	1	106
106	0	116
116	1	106
106	0	138
138	1	106
106	0	108
108	1	106
106	0	126
126	1	106
106	0	148
148	1	106
106	0	146
146	1	106
106	0	109
109	1	106
106	0	130
130	1	106
106	0	150
150	1	106
106	0	133
133	1	106
106	0	154
154	1	106
106	0	118
118	1	106
106	0	110
110	1	106
111	0	113
113	1	111
111	0	127
127	1	111
111	0	119
119	1	111
111	0	121
121	1	111
111	0	114
114	1	111
111	0	124
124	1	111
111	0	117
117	1	111
111	0	134
134	1	111
122	0	137
137	1	122
122	0	140
140	1	122
122	0	144
144	1	122
122	0	126
126	1	122
53	0	116
116	1	53
53	0	72
72	1	53
53	0	76
76	1	53
53	0	70
70	1	53
53	0	114
114	1	53
53	0	63
63	1	53
121	0	128
128	1	121
121	0	138
138	1	121
121	0	141
141	1	121
121	0	143
143	1	121
121	0	147
147	1	121
121	0	149
149	1	121
121	0	124
124	1	121
121	0	125
125	1	121
121	0	127
127	1	121
94	0	99
99	1	94
94	0	148
148	1	94
84	0	99
99	1	84
84	0	148
148	1	84
84	0	91
91	1	84
84	0	94
94	1	84
133	0	136
136	1	133
133	0	137
137	1	133
133	0	140
140	1	133
118	0	120
120	1	118
118	0	123
123	1	118
118	0	124
124	1	118
21	0	123
123	1	21
78	0	123
123	1	78
78	0	106
106	1	78
78	0	145
145	1	78
78	0	148
148	1	78
78	0	150
150	1	78
78	0	151
151	1	78
78	0	152
152	1	78
78	0	153
153	1	78
78	0	154
154	1	78
78	0	107
107	1	78
78	0	96
96	1	78
78	0	80
80	1	78
78	0	138
138	1	78
78	0	103
103	1	78
78	0	146
146	1	78
78	0	113
113	1	78
78	0	142
142	1	78
58	0	68
68	1	58
58	0	106
106	1	58
58	0	140
140	1	58
58	0	137
137	1	58
58	0	126
126	1	58
58	0	144
144	1	58
58	0	130
130	1	58
58	0	133
133	1	58
58	0	122
122	1	58
74	0	132
132	1	74
74	0	119
119	1	74
74	0	135
135	1	74
74	0	77
77	1	74
74	0	130
130	1	74
74	0	117
117	1	74
72	0	74
74	1	72
72	0	132
132	1	72
72	0	106
106	1	72
72	0	113
113	1	72
72	0	116
116	1	72
72	0	138
138	1	72
72	0	142
142	1	72
72	0	145
145	1	72
72	0	148
148	1	72
72	0	146
146	1	72
72	0	130
130	1	72
72	0	150
150	1	72
72	0	107
107	1	72
72	0	135
135	1	72
72	0	151
151	1	72
72	0	152
152	1	72
72	0	153
153	1	72
72	0	154
154	1	72
72	0	76
76	1	72
72	0	117
117	1	72
72	0	119
119	1	72
72	0	96
96	1	72
72	0	75
75	1	72
72	0	101
101	1	72
72	0	103
103	1	72
72	0	80
80	1	72
68	0	106
106	1	68
68	0	140
140	1	68
68	0	126
126	1	68
68	0	144
144	1	68
68	0	133
133	1	68
68	0	122
122	1	68
68	0	77
77	1	68
130	0	132
132	1	130
130	0	137
137	1	130
130	0	133
133	1	130
130	0	135
135	1	130
130	0	140
140	1	130
130	0	144
144	1	130
13	0	72
72	1	13
13	0	76
76	1	13
13	0	41
41	1	13
13	0	42
42	1	13
13	0	63
63	1	13
13	0	53
53	1	13
13	0	70
70	1	13
63	0	72
72	1	63
63	0	76
76	1	63
63	0	70
70	1	63
63	0	139
139	1	63
66	0	72
72	1	66
66	0	76
76	1	66
66	0	86
86	1	66
66	0	93
93	1	66
66	0	95
95	1	66
66	0	107
107	1	66
66	0	104
104	1	66
66	0	100
100	1	66
66	0	102
102	1	66
66	0	71
71	1	66
66	0	131
131	1	66
66	0	106
106	1	66
66	0	96
96	1	66
66	0	113
113	1	66
66	0	134
134	1	66
66	0	116
116	1	66
66	0	121
121	1	66
66	0	128
128	1	66
66	0	138
138	1	66
66	0	141
141	1	66
66	0	143
143	1	66
66	0	142
142	1	66
66	0	147
147	1	66
66	0	145
145	1	66
66	0	148
148	1	66
66	0	146
146	1	66
66	0	150
150	1	66
66	0	151
151	1	66
66	0	152
152	1	66
66	0	153
153	1	66
66	0	154
154	1	66
66	0	149
149	1	66
66	0	79
79	1	66
66	0	125
125	1	66
66	0	103
103	1	66
66	0	82
82	1	66
66	0	69
69	1	66
66	0	101
101	1	66
66	0	80
80	1	66
66	0	78
78	1	66
66	0	73
73	1	66
76	0	86
86	1	76
76	0	95
95	1	76
76	0	104
104	1	76
76	0	100
100	1	76
76	0	102
102	1	76
76	0	93
93	1	76
76	0	131
131	1	76
76	0	134
134	1	76
76	0	116
116	1	76
76	0	128
128	1	76
76	0	138
138	1	76
76	0	141
141	1	76
76	0	121
121	1	76
76	0	147
147	1	76
76	0	149
149	1	76
76	0	143
143	1	76
76	0	79
79	1	76
76	0	82
82	1	76
76	0	125
125	1	76
70	0	76
76	1	70
70	0	72
72	1	70
71	0	76
76	1	71
71	0	79
79	1	71
71	0	95
95	1	71
71	0	104
104	1	71
71	0	100
100	1	71
71	0	102
102	1	71
71	0	93
93	1	71
71	0	131
131	1	71
71	0	134
134	1	71
71	0	116
116	1	71
71	0	121
121	1	71
71	0	128
128	1	71
71	0	138
138	1	71
71	0	82
82	1	71
71	0	141
141	1	71
71	0	143
143	1	71
71	0	147
147	1	71
71	0	125
125	1	71
71	0	149
149	1	71
71	0	86
86	1	71
71	0	73
73	1	71
69	0	76
76	1	69
69	0	86
86	1	69
69	0	95
95	1	69
69	0	104
104	1	69
69	0	131
131	1	69
69	0	127
127	1	69
69	0	111
111	1	69
69	0	134
134	1	69
69	0	116
116	1	69
69	0	93
93	1	69
69	0	138
138	1	69
69	0	141
141	1	69
69	0	121
121	1	69
69	0	147
147	1	69
69	0	149
149	1	69
69	0	128
128	1	69
69	0	143
143	1	69
69	0	124
124	1	69
69	0	82
82	1	69
69	0	71
71	1	69
69	0	125
125	1	69
69	0	119
119	1	69
69	0	100
100	1	69
69	0	102
102	1	69
69	0	79
79	1	69
69	0	117
117	1	69
86	0	104
104	1	86
86	0	102
102	1	86
86	0	93
93	1	86
86	0	131
131	1	86
86	0	134
134	1	86
86	0	116
116	1	86
86	0	121
121	1	86
86	0	128
128	1	86
86	0	138
138	1	86
86	0	141
141	1	86
86	0	147
147	1	86
86	0	149
149	1	86
86	0	95
95	1	86
86	0	100
100	1	86
86	0	143
143	1	86
86	0	125
125	1	86
82	0	86
86	1	82
82	0	141
141	1	82
82	0	121
121	1	82
82	0	87
87	1	82
82	0	92
92	1	82
82	0	147
147	1	82
82	0	112
112	1	82
82	0	109
109	1	82
82	0	106
106	1	82
82	0	115
115	1	82
82	0	93
93	1	82
82	0	149
149	1	82
82	0	118
118	1	82
82	0	88
88	1	82
82	0	132
132	1	82
82	0	143
143	1	82
82	0	131
131	1	82
82	0	125
125	1	82
82	0	116
116	1	82
82	0	128
128	1	82
82	0	134
134	1	82
57	0	91
91	1	57
57	0	81
81	1	57
57	0	64
64	1	57
57	0	67
67	1	57
57	0	94
94	1	57
57	0	84
84	1	57
79	0	81
81	1	79
79	0	83
83	1	79
79	0	104
104	1	79
79	0	134
134	1	79
79	0	116
116	1	79
79	0	138
138	1	79
79	0	141
141	1	79
79	0	143
143	1	79
79	0	121
121	1	79
79	0	147
147	1	79
79	0	82
82	1	79
79	0	149
149	1	79
79	0	102
102	1	79
79	0	95
95	1	79
79	0	128
128	1	79
79	0	93
93	1	79
79	0	131
131	1	79
79	0	100
100	1	79
81	0	83
83	1	81
81	0	94
94	1	81
81	0	152
152	1	81
81	0	135
135	1	81
81	0	84
84	1	81
81	0	85
85	1	81
81	0	129
129	1	81
81	0	91
91	1	81
89	0	93
93	1	89
89	0	96
96	1	89
93	0	95
95	1	93
93	0	104
104	1	93
93	0	100
100	1	93
93	0	102
102	1	93
93	0	131
131	1	93
93	0	106
106	1	93
93	0	134
134	1	93
93	0	116
116	1	93
93	0	121
121	1	93
93	0	128
128	1	93
93	0	138
138	1	93
93	0	141
141	1	93
93	0	143
143	1	93
93	0	147
147	1	93
93	0	125
125	1	93
93	0	149
149	1	93
93	0	96
96	1	93
93	0	97
97	1	93
93	0	98
98	1	93
95	0	104
104	1	95
95	0	102
102	1	95
95	0	131
131	1	95
95	0	134
134	1	95
95	0	116
116	1	95
95	0	128
128	1	95
95	0	138
138	1	95
95	0	141
141	1	95
95	0	143
143	1	95
95	0	121
121	1	95
95	0	147
147	1	95
95	0	149
149	1	95
95	0	125
125	1	95
95	0	100
100	1	95
75	0	107
107	1	75
75	0	106
106	1	75
75	0	113
113	1	75
75	0	116
116	1	75
75	0	138
138	1	75
75	0	142
142	1	75
75	0	145
145	1	75
75	0	148
148	1	75
75	0	146
146	1	75
75	0	150
150	1	75
75	0	151
151	1	75
75	0	152
152	1	75
75	0	153
153	1	75
75	0	154
154	1	75
75	0	96
96	1	75
75	0	103
103	1	75
75	0	80
80	1	75
75	0	78
78	1	75
75	0	101
101	1	75
104	0	134
134	1	104
104	0	121
121	1	104
104	0	128
128	1	104
104	0	138
138	1	104
104	0	141
141	1	104
104	0	143
143	1	104
104	0	147
147	1	104
104	0	149
149	1	104
104	0	116
116	1	104
104	0	131
131	1	104
100	0	131
131	1	100
100	0	134
134	1	100
100	0	116
116	1	100
100	0	121
121	1	100
100	0	128
128	1	100
100	0	138
138	1	100
100	0	141
141	1	100
100	0	143
143	1	100
100	0	147
147	1	100
100	0	125
125	1	100
100	0	149
149	1	100
100	0	102
102	1	100
100	0	104
104	1	100
102	0	131
131	1	102
102	0	134
134	1	102
102	0	116
116	1	102
102	0	128
128	1	102
102	0	138
138	1	102
102	0	141
141	1	102
102	0	121
121	1	102
102	0	147
147	1	102
102	0	149
149	1	102
102	0	143
143	1	102
102	0	125
125	1	102
102	0	104
104	1	102
30	0	106
106	1	30
30	0	96
96	1	30
30	0	47
47	1	30
114	0	127
127	1	114
114	0	119
119	1	114
114	0	121
121	1	114
114	0	124
124	1	114
114	0	117
117	1	114
26	0	127
127	1	26
55	0	142
142	1	55
56	0	142
142	1	56
131	0	134
134	1	131
131	0	138
138	1	131
131	0	141
141	1	131
131	0	143
143	1	131
131	0	147
147	1	131
131	0	149
149	1	131
43	0	106
106	1	43
43	0	63
63	1	43
43	0	82
82	1	43
43	0	112
112	1	43
43	0	109
109	1	43
43	0	115
115	1	43
43	0	139
139	1	43
43	0	153
153	1	43
43	0	118
118	1	43
43	0	80
80	1	43
113	0	116
116	1	113
113	0	138
138	1	113
113	0	142
142	1	113
113	0	145
145	1	113
113	0	148
148	1	113
113	0	146
146	1	113
113	0	150
150	1	113
113	0	151
151	1	113
113	0	152
152	1	113
113	0	153
153	1	113
113	0	154
154	1	113
134	0	138
138	1	134
134	0	141
141	1	134
134	0	143
143	1	134
134	0	147
147	1	134
134	0	149
149	1	134
37	0	99
99	1	37
37	0	49
49	1	37
37	0	50
50	1	37
140	0	144
144	1	140
116	0	121
121	1	116
116	0	128
128	1	116
116	0	138
138	1	116
116	0	141
141	1	116
116	0	142
142	1	116
116	0	147
147	1	116
116	0	145
145	1	116
116	0	148
148	1	116
116	0	150
150	1	116
116	0	151
151	1	116
116	0	152
152	1	116
116	0	153
153	1	116
116	0	154
154	1	116
116	0	149
149	1	116
116	0	143
143	1	116
116	0	146
146	1	116
116	0	125
125	1	116
73	0	128
128	1	73
73	0	143
143	1	73
73	0	147
147	1	73
73	0	93
93	1	73
73	0	149
149	1	73
73	0	138
138	1	73
73	0	86
86	1	73
73	0	82
82	1	73
73	0	121
121	1	73
73	0	141
141	1	73
73	0	76
76	1	73
73	0	102
102	1	73
73	0	95
95	1	73
73	0	131
131	1	73
73	0	100
100	1	73
73	0	134
134	1	73
125	0	128
128	1	125
125	0	149
149	1	125
125	0	129
129	1	125
125	0	143
143	1	125
138	0	141
141	1	138
138	0	142
142	1	138
138	0	147
147	1	138
138	0	145
145	1	138
138	0	148
148	1	138
138	0	146
146	1	138
138	0	150
150	1	138
138	0	151
151	1	138
138	0	152
152	1	138
138	0	153
153	1	138
138	0	154
154	1	138
138	0	149
149	1	138
138	0	143
143	1	138
141	0	147
147	1	141
141	0	149
149	1	141
108	0	147
147	1	108
143	0	147
147	1	143
143	0	149
149	1	143
101	0	142
142	1	101
101	0	145
145	1	101
101	0	148
148	1	101
101	0	146
146	1	101
101	0	106
106	1	101
101	0	150
150	1	101
101	0	107
107	1	101
101	0	151
151	1	101
101	0	152
152	1	101
101	0	153
153	1	101
101	0	154
154	1	101
101	0	116
116	1	101
101	0	103
103	1	101
101	0	138
138	1	101
101	0	113
113	1	101
103	0	105
105	1	103
103	0	106
106	1	103
103	0	150
150	1	103
103	0	107
107	1	103
103	0	151
151	1	103
103	0	152
152	1	103
103	0	153
153	1	103
103	0	154
154	1	103
103	0	116
116	1	103
103	0	145
145	1	103
103	0	148
148	1	103
142	0	145
145	1	142
142	0	150
150	1	142
142	0	151
151	1	142
142	0	152
152	1	142
142	0	153
153	1	142
142	0	154
154	1	142
142	0	146
146	1	142
142	0	148
148	1	142
87	0	92
92	1	87
38	0	147
147	1	38
38	0	106
106	1	38
38	0	108
108	1	38
80	0	145
145	1	80
80	0	148
148	1	80
80	0	146
146	1	80
80	0	106
106	1	80
80	0	150
150	1	80
80	0	107
107	1	80
80	0	151
151	1	80
80	0	152
152	1	80
80	0	153
153	1	80
80	0	154
154	1	80
80	0	103
103	1	80
80	0	116
116	1	80
80	0	113
113	1	80
80	0	142
142	1	80
80	0	138
138	1	80
80	0	96
96	1	80
145	0	153
153	1	145
145	0	154
154	1	145
145	0	152
152	1	145
145	0	151
151	1	145
145	0	150
150	1	145
126	0	144
144	1	126
126	0	130
130	1	126
126	0	133
133	1	126
126	0	137
137	1	126
148	0	150
150	1	148
148	0	151
151	1	148
148	0	153
153	1	148
148	0	154
154	1	148
148	0	152
152	1	148
146	0	150
150	1	146
146	0	151
151	1	146
146	0	152
152	1	146
146	0	153
153	1	146
146	0	154
154	1	146
146	0	148
148	1	146
112	0	115
115	1	112
112	0	118
118	1	112
115	0	118
118	1	115
150	0	151
151	1	150
150	0	152
152	1	150
150	0	153
153	1	150
150	0	154
154	1	150
135	0	152
152	1	135
151	0	154
154	1	151
151	0	153
153	1	151
151	0	152
152	1	151
152	0	154
154	1	152
152	0	153
153	1	152
25	0	45
45	1	25
44	0	83
83	1	44
44	0	89
89	1	44
44	0	54
54	1	44
147	0	149
149	1	147
132	0	135
135	1	132
153	0	154
154	1	153
14	0	93
93	1	14
14	0	97
97	1	14
65	0	77
77	1	65
65	0	68
68	1	65
31	0	48
48	1	31
124	0	127
127	1	124
137	0	144
144	1	137
137	0	140
140	1	137
11	0	40
40	1	11
11	0	51
51	1	11
4	0	99
99	1	4
4	0	39
39	1	4
129	0	152
152	1	129
129	0	135
135	1	129
83	0	89
89	1	83
83	0	90
90	1	83
29	0	65
65	1	29
59	0	65
65	1	59
19	0	146
146	1	19
136	0	139
139	1	136
40	0	51
51	1	40
91	0	94
94	1	91
