4	0	8
8	1	4
7	0	10
10	1	7
7	0	16
16	1	7
7	0	19
19	1	7
7	0	17
17	1	7
7	0	18
18	1	7
7	0	22
22	1	7
7	0	23
23	1	7
7	0	15
15	1	7
7	0	21
21	1	7
7	0	13
13	1	7
7	0	12
12	1	7
7	0	14
14	1	7
3	0	9
9	1	3
3	0	16
16	1	3
3	0	19
19	1	3
3	0	17
17	1	3
3	0	18
18	1	3
3	0	12
12	1	3
3	0	6
6	1	3
3	0	22
22	1	3
3	0	23
23	1	3
3	0	11
11	1	3
3	0	7
7	1	3
3	0	15
15	1	3
3	0	21
21	1	3
3	0	13
13	1	3
3	0	14
14	1	3
9	0	16
16	1	9
9	0	11
11	1	9
9	0	23
23	1	9
9	0	12
12	1	9
9	0	17
17	1	9
16	0	19
19	1	16
16	0	23
23	1	16
16	0	17
17	1	16
16	0	18
18	1	16
16	0	21
21	1	16
16	0	22
22	1	16
13	0	16
16	1	13
13	0	15
15	1	13
13	0	22
22	1	13
13	0	23
23	1	13
13	0	17
17	1	13
13	0	18
18	1	13
13	0	21
21	1	13
13	0	19
19	1	13
15	0	16
16	1	15
15	0	18
18	1	15
15	0	22
22	1	15
15	0	23
23	1	15
15	0	17
17	1	15
15	0	19
19	1	15
17	0	23
23	1	17
17	0	18
18	1	17
17	0	22
22	1	17
17	0	21
21	1	17
17	0	19
19	1	17
11	0	23
23	1	11
11	0	12
12	1	11
11	0	16
16	1	11
12	0	23
23	1	12
12	0	16
16	1	12
12	0	17
17	1	12
12	0	21
21	1	12
12	0	18
18	1	12
12	0	22
22	1	12
12	0	15
15	1	12
12	0	19
19	1	12
12	0	13
13	1	12
12	0	14
14	1	12
6	0	23
23	1	6
6	0	16
16	1	6
6	0	9
9	1	6
14	0	15
15	1	14
14	0	23
23	1	14
14	0	22
22	1	14
14	0	16
16	1	14
14	0	21
21	1	14
14	0	17
17	1	14
14	0	18
18	1	14
14	0	19
19	1	14
22	0	23
23	1	22
18	0	20
20	1	18
18	0	21
21	1	18
18	0	22
22	1	18
18	0	23
23	1	18
21	0	23
23	1	21
21	0	22
22	1	21
