2	0	21
21	1	2
2	0	15
15	1	2
2	0	61
61	1	2
2	0	58
58	1	2
2	0	49
49	1	2
2	0	52
52	1	2
2	0	45
45	1	2
2	0	38
38	1	2
2	0	50
50	1	2
2	0	39
39	1	2
15	0	21
21	1	15
15	0	38
38	1	15
15	0	60
60	1	15
19	0	21
21	1	19
21	0	38
38	1	21
21	0	40
40	1	21
21	0	52
52	1	21
21	0	60
60	1	21
21	0	63
63	1	21
21	0	57
57	1	21
21	0	22
22	1	21
21	0	46
46	1	21
21	0	23
23	1	21
21	0	53
53	1	21
21	0	24
24	1	21
21	0	25
25	1	21
21	0	49
49	1	21
21	0	56
56	1	21
21	0	54
54	1	21
21	0	42
42	1	21
21	0	59
59	1	21
21	0	66
66	1	21
21	0	48
48	1	21
21	0	36
36	1	21
21	0	41
41	1	21
21	0	26
26	1	21
21	0	27
27	1	21
21	0	61
61	1	21
21	0	50
50	1	21
21	0	39
39	1	21
21	0	28
28	1	21
21	0	55
55	1	21
21	0	45
45	1	21
21	0	29
29	1	21
21	0	64
64	1	21
21	0	69
69	1	21
21	0	65
65	1	21
21	0	70
70	1	21
21	0	47
47	1	21
21	0	67
67	1	21
21	0	37
37	1	21
21	0	30
30	1	21
21	0	31
31	1	21
21	0	32
32	1	21
21	0	51
51	1	21
21	0	33
33	1	21
30	0	40
40	1	30
30	0	52
52	1	30
39	0	50
50	1	39
39	0	51
51	1	39
59	0	66
66	1	59
59	0	62
62	1	59
59	0	63
63	1	59
17	0	19
19	1	17
17	0	36
36	1	17
17	0	21
21	1	17
17	0	60
60	1	17
9	0	19
19	1	9
9	0	64
64	1	9
9	0	60
60	1	9
9	0	17
17	1	9
9	0	21
21	1	9
9	0	24
24	1	9
16	0	43
43	1	16
16	0	18
18	1	16
8	0	43
43	1	8
8	0	18
18	1	8
8	0	16
16	1	8
31	0	41
41	1	31
31	0	53
53	1	31
49	0	58
58	1	49
49	0	61
61	1	49
58	0	61
61	1	58
6	0	21
21	1	6
29	0	60
60	1	29
29	0	37
37	1	29
29	0	38
38	1	29
29	0	50
50	1	29
29	0	39
39	1	29
54	0	63
63	1	54
32	0	63
63	1	32
32	0	54
54	1	32
32	0	42
42	1	32
42	0	63
63	1	42
42	0	54
54	1	42
62	0	66
66	1	62
51	0	66
66	1	51
51	0	62
62	1	51
51	0	59
59	1	51
38	0	48
48	1	38
38	0	60
60	1	38
38	0	49
49	1	38
4	0	34
34	1	4
4	0	35
35	1	4
4	0	23
23	1	4
20	0	41
41	1	20
20	0	31
31	1	20
25	0	58
58	1	25
25	0	61
61	1	25
25	0	49
49	1	25
14	0	38
38	1	14
14	0	21
21	1	14
14	0	57
57	1	14
14	0	22
22	1	14
36	0	70
70	1	36
36	0	69
69	1	36
36	0	44
44	1	36
36	0	65
65	1	36
36	0	60
60	1	36
36	0	45
45	1	36
36	0	46
46	1	36
36	0	67
67	1	36
5	0	23
23	1	5
5	0	34
34	1	5
5	0	21
21	1	5
60	0	70
70	1	60
60	0	69
69	1	60
60	0	64
64	1	60
60	0	65
65	1	60
60	0	67
67	1	60
35	0	43
43	1	35
63	0	66
66	1	63
7	0	21
21	1	7
23	0	62
62	1	23
23	0	34
34	1	23
23	0	35
35	1	23
12	0	62
62	1	12
46	0	69
69	1	46
46	0	60
60	1	46
46	0	70
70	1	46
46	0	67
67	1	46
46	0	65
65	1	46
69	0	70
70	1	69
48	0	57
57	1	48
37	0	56
56	1	37
37	0	60
60	1	37
37	0	47
47	1	37
11	0	62
62	1	11
65	0	70
70	1	65
65	0	67
67	1	65
65	0	69
69	1	65
65	0	68
68	1	65
67	0	69
69	1	67
67	0	70
70	1	67
47	0	56
56	1	47
47	0	60
60	1	47
24	0	36
36	1	24
64	0	68
68	1	64
40	0	52
52	1	40
41	0	53
53	1	41
13	0	48
48	1	13
10	0	27
27	1	10
18	0	20
20	1	18
18	0	43
43	1	18
28	0	55
55	1	28
28	0	45
45	1	28
56	0	60
60	1	56
45	0	55
55	1	45
