60	0	64
64	1	60
60	0	61
61	1	60
60	0	95
95	1	60
60	0	63
63	1	60
60	0	100
100	1	60
60	0	62
62	1	60
60	0	106
106	1	60
52	0	64
64	1	52
52	0	68
68	1	52
52	0	99
99	1	52
52	0	95
95	1	52
52	0	104
104	1	52
52	0	102
102	1	52
52	0	103
103	1	52
52	0	56
56	1	52
52	0	106
106	1	52
52	0	101
101	1	52
52	0	67
67	1	52
55	0	64
64	1	55
55	0	70
70	1	55
55	0	88
88	1	55
55	0	60
60	1	55
40	0	64
64	1	40
40	0	60
60	1	40
40	0	52
52	1	40
40	0	53
53	1	40
40	0	56
56	1	40
40	0	54
54	1	40
40	0	63
63	1	40
40	0	58
58	1	40
40	0	62
62	1	40
40	0	44
44	1	40
40	0	106
106	1	40
40	0	95
95	1	40
40	0	100
100	1	40
40	0	45
45	1	40
40	0	50
50	1	40
40	0	49
49	1	40
40	0	51
51	1	40
40	0	48
48	1	40
51	0	55
55	1	51
51	0	64
64	1	51
51	0	60
60	1	51
51	0	63
63	1	51
51	0	100
100	1	51
51	0	95
95	1	51
51	0	106
106	1	51
53	0	64
64	1	53
53	0	95
95	1	53
53	0	60
60	1	53
53	0	57
57	1	53
53	0	62
62	1	53
53	0	65
65	1	53
31	0	64
64	1	31
31	0	60
60	1	31
31	0	52
52	1	31
31	0	53
53	1	31
31	0	56
56	1	31
31	0	54
54	1	31
31	0	63
63	1	31
31	0	58
58	1	31
31	0	62
62	1	31
31	0	88
88	1	31
31	0	95
95	1	31
31	0	57
57	1	31
31	0	37
37	1	31
56	0	64
64	1	56
56	0	95
95	1	56
56	0	106
106	1	56
54	0	64
64	1	54
54	0	106
106	1	54
54	0	60
60	1	54
54	0	63
63	1	54
54	0	95
95	1	54
54	0	100
100	1	54
54	0	58
58	1	54
45	0	64
64	1	45
45	0	60
60	1	45
45	0	52
52	1	45
45	0	53
53	1	45
45	0	56
56	1	45
45	0	54
54	1	45
45	0	63
63	1	45
45	0	58
58	1	45
45	0	62
62	1	45
45	0	106
106	1	45
45	0	50
50	1	45
45	0	95
95	1	45
45	0	100
100	1	45
45	0	48
48	1	45
45	0	49
49	1	45
50	0	64
64	1	50
50	0	60
60	1	50
50	0	52
52	1	50
50	0	53
53	1	50
50	0	56
56	1	50
50	0	54
54	1	50
50	0	63
63	1	50
50	0	58
58	1	50
50	0	62
62	1	50
50	0	106
106	1	50
50	0	95
95	1	50
50	0	100
100	1	50
63	0	64
64	1	63
63	0	95
95	1	63
63	0	100
100	1	63
63	0	106
106	1	63
28	0	64
64	1	28
28	0	60
60	1	28
28	0	52
52	1	28
28	0	53
53	1	28
28	0	56
56	1	28
28	0	54
54	1	28
28	0	63
63	1	28
28	0	58
58	1	28
28	0	62
62	1	28
28	0	95
95	1	28
58	0	64
64	1	58
58	0	60
60	1	58
58	0	95
95	1	58
58	0	106
106	1	58
58	0	63
63	1	58
58	0	100
100	1	58
62	0	64
64	1	62
62	0	95
95	1	62
47	0	64
64	1	47
47	0	60
60	1	47
47	0	52
52	1	47
47	0	53
53	1	47
47	0	56
56	1	47
47	0	54
54	1	47
47	0	63
63	1	47
47	0	58
58	1	47
47	0	62
62	1	47
47	0	95
95	1	47
47	0	106
106	1	47
64	0	95
95	1	64
64	0	104
104	1	64
64	0	102
102	1	64
64	0	99
99	1	64
64	0	65
65	1	64
64	0	66
66	1	64
64	0	87
87	1	64
64	0	91
91	1	64
64	0	97
97	1	64
64	0	105
105	1	64
64	0	67
67	1	64
64	0	106
106	1	64
64	0	101
101	1	64
64	0	68
68	1	64
64	0	69
69	1	64
64	0	70
70	1	64
64	0	71
71	1	64
64	0	72
72	1	64
64	0	73
73	1	64
64	0	98
98	1	64
64	0	100
100	1	64
64	0	74
74	1	64
64	0	96
96	1	64
64	0	75
75	1	64
64	0	103
103	1	64
64	0	92
92	1	64
64	0	76
76	1	64
64	0	89
89	1	64
64	0	90
90	1	64
64	0	77
77	1	64
64	0	78
78	1	64
64	0	79
79	1	64
64	0	80
80	1	64
64	0	81
81	1	64
64	0	82
82	1	64
64	0	83
83	1	64
64	0	84
84	1	64
64	0	85
85	1	64
64	0	86
86	1	64
95	0	104
104	1	95
95	0	96
96	1	95
95	0	97
97	1	95
95	0	98
98	1	95
95	0	99
99	1	95
95	0	105
105	1	95
95	0	100
100	1	95
95	0	102
102	1	95
95	0	106
106	1	95
95	0	101
101	1	95
10	0	64
64	1	10
10	0	102
102	1	10
25	0	43
43	1	25
25	0	42
42	1	25
25	0	38
38	1	25
25	0	64
64	1	25
25	0	92
92	1	25
25	0	48
48	1	25
25	0	95
95	1	25
25	0	104
104	1	25
25	0	102
102	1	25
25	0	99
99	1	25
25	0	52
52	1	25
25	0	53
53	1	25
25	0	31
31	1	25
25	0	60
60	1	25
25	0	57
57	1	25
25	0	62
62	1	25
25	0	103
103	1	25
25	0	56
56	1	25
25	0	47
47	1	25
25	0	106
106	1	25
25	0	101
101	1	25
25	0	93
93	1	25
25	0	54
54	1	25
25	0	58
58	1	25
25	0	45
45	1	25
25	0	50
50	1	25
25	0	63
63	1	25
25	0	100
100	1	25
25	0	40
40	1	25
25	0	32
32	1	25
25	0	51
51	1	25
25	0	49
49	1	25
25	0	39
39	1	25
25	0	86
86	1	25
25	0	85
85	1	25
25	0	67
67	1	25
25	0	41
41	1	25
25	0	33
33	1	25
25	0	46
46	1	25
25	0	83
83	1	25
25	0	34
34	1	25
25	0	37
37	1	25
65	0	95
95	1	65
37	0	53
53	1	37
37	0	95
95	1	37
37	0	64
64	1	37
37	0	60
60	1	37
37	0	57
57	1	37
37	0	62
62	1	37
59	0	60
60	1	59
57	0	60
60	1	57
57	0	95
95	1	57
57	0	62
62	1	57
57	0	64
64	1	57
57	0	59
59	1	57
12	0	64
64	1	12
12	0	95
95	1	12
12	0	96
96	1	12
12	0	75
75	1	12
30	0	64
64	1	30
30	0	95
95	1	30
30	0	82
82	1	30
103	0	105
105	1	103
103	0	106
106	1	103
2	0	64
64	1	2
2	0	32
32	1	2
2	0	42
42	1	2
2	0	38
38	1	2
2	0	103
103	1	2
2	0	56
56	1	2
2	0	47
47	1	2
2	0	52
52	1	2
2	0	95
95	1	2
2	0	67
67	1	2
2	0	106
106	1	2
2	0	101
101	1	2
2	0	25
25	1	2
9	0	64
64	1	9
67	0	106
106	1	67
67	0	95
95	1	67
67	0	101
101	1	67
67	0	103
103	1	67
4	0	64
64	1	4
4	0	84
84	1	4
21	0	29
29	1	21
21	0	36
36	1	21
42	0	64
64	1	42
42	0	103
103	1	42
42	0	56
56	1	42
42	0	52
52	1	42
42	0	101
101	1	42
42	0	106
106	1	42
42	0	99
99	1	42
42	0	95
95	1	42
42	0	47
47	1	42
18	0	95
95	1	18
18	0	28
28	1	18
18	0	69
69	1	18
18	0	64
64	1	18
22	0	64
64	1	22
22	0	30
30	1	22
22	0	82
82	1	22
6	0	82
82	1	6
6	0	64
64	1	6
6	0	30
30	1	6
6	0	22
22	1	6
8	0	23
23	1	8
8	0	64
64	1	8
8	0	71
71	1	8
8	0	24
24	1	8
49	0	106
106	1	49
49	0	54
54	1	49
49	0	58
58	1	49
49	0	64
64	1	49
49	0	60
60	1	49
49	0	63
63	1	49
49	0	95
95	1	49
49	0	100
100	1	49
49	0	50
50	1	49
49	0	51
51	1	49
70	0	88
88	1	70
75	0	95
95	1	75
75	0	96
96	1	75
17	0	52
52	1	17
17	0	56
56	1	17
14	0	64
64	1	14
14	0	105
105	1	14
14	0	42
42	1	14
14	0	38
38	1	14
14	0	32
32	1	14
14	0	25
25	1	14
14	0	26
26	1	14
69	0	95
95	1	69
85	0	95
95	1	85
85	0	93
93	1	85
83	0	92
92	1	83
83	0	95
95	1	83
83	0	93
93	1	83
86	0	92
92	1	86
86	0	95
95	1	86
86	0	93
93	1	86
23	0	71
71	1	23
23	0	64
64	1	23
72	0	89
89	1	72
41	0	98
98	1	41
41	0	64
64	1	41
41	0	46
46	1	41
46	0	98
98	1	46
46	0	64
64	1	46
20	0	100
100	1	20
20	0	64
64	1	20
43	0	95
95	1	43
43	0	104
104	1	43
43	0	102
102	1	43
43	0	52
52	1	43
43	0	99
99	1	43
43	0	64
64	1	43
33	0	95
95	1	33
33	0	104
104	1	33
33	0	64
64	1	33
33	0	102
102	1	33
33	0	99
99	1	33
33	0	52
52	1	33
33	0	43
43	1	33
33	0	39
39	1	33
39	0	95
95	1	39
39	0	104
104	1	39
39	0	102
102	1	39
39	0	99
99	1	39
39	0	52
52	1	39
39	0	64
64	1	39
39	0	43
43	1	39
99	0	102
102	1	99
99	0	104
104	1	99
26	0	64
64	1	26
38	0	103
103	1	38
38	0	56
56	1	38
38	0	47
47	1	38
38	0	52
52	1	38
38	0	95
95	1	38
38	0	106
106	1	38
38	0	101
101	1	38
38	0	64
64	1	38
38	0	42
42	1	38
32	0	56
56	1	32
32	0	52
52	1	32
32	0	95
95	1	32
32	0	106
106	1	32
32	0	64
64	1	32
32	0	47
47	1	32
32	0	42
42	1	32
32	0	101
101	1	32
32	0	67
67	1	32
32	0	103
103	1	32
32	0	38
38	1	32
7	0	95
95	1	7
7	0	28
28	1	7
34	0	64
64	1	34
34	0	106
106	1	34
34	0	54
54	1	34
34	0	58
58	1	34
34	0	45
45	1	34
34	0	50
50	1	34
34	0	60
60	1	34
34	0	63
63	1	34
34	0	95
95	1	34
34	0	100
100	1	34
34	0	40
40	1	34
34	0	51
51	1	34
34	0	48
48	1	34
34	0	49
49	1	34
34	0	46
46	1	34
34	0	41
41	1	34
48	0	106
106	1	48
48	0	54
54	1	48
48	0	58
58	1	48
48	0	60
60	1	48
48	0	63
63	1	48
48	0	95
95	1	48
48	0	64
64	1	48
48	0	100
100	1	48
48	0	49
49	1	48
61	0	63
63	1	61
19	0	64
64	1	19
19	0	77
77	1	19
11	0	95
95	1	11
80	0	90
90	1	80
93	0	95
95	1	93
29	0	36
36	1	29
27	0	35
35	1	27
3	0	64
64	1	3
15	0	27
27	1	15
66	0	87
87	1	66
81	0	91
91	1	81
13	0	64
64	1	13
44	0	64
64	1	44
102	0	104
104	1	102
16	0	48
48	1	16
89	0	94
94	1	89
101	0	103
103	1	101
100	0	106
106	1	100
