3	0	21
21	1	3
3	0	24
24	1	3
3	0	18
18	1	3
3	0	9
9	1	3
3	0	25
25	1	3
3	0	27
27	1	3
2	0	8
8	1	2
2	0	16
16	1	2
7	0	17
17	1	7
7	0	18
18	1	7
7	0	24
24	1	7
7	0	25
25	1	7
7	0	13
13	1	7
21	0	26
26	1	21
21	0	22
22	1	21
21	0	28
28	1	21
21	0	23
23	1	21
21	0	24
24	1	21
23	0	28
28	1	23
23	0	24
24	1	23
24	0	25
25	1	24
24	0	27
27	1	24
24	0	26
26	1	24
24	0	28
28	1	24
25	0	27
27	1	25
15	0	21
21	1	15
17	0	18
18	1	17
17	0	20
20	1	17
17	0	21
21	1	17
17	0	26
26	1	17
17	0	28
28	1	17
17	0	23
23	1	17
17	0	24
24	1	17
17	0	19
19	1	17
13	0	18
18	1	13
13	0	22
22	1	13
13	0	17
17	1	13
18	0	20
20	1	18
18	0	26
26	1	18
18	0	28
28	1	18
18	0	24
24	1	18
18	0	21
21	1	18
18	0	19
19	1	18
19	0	21
21	1	19
19	0	26
26	1	19
19	0	28
28	1	19
19	0	24
24	1	19
19	0	23
23	1	19
19	0	20
20	1	19
20	0	26
26	1	20
20	0	28
28	1	20
20	0	21
21	1	20
20	0	24
24	1	20
9	0	21
21	1	9
9	0	26
26	1	9
9	0	28
28	1	9
9	0	23
23	1	9
9	0	17
17	1	9
9	0	18
18	1	9
9	0	19
19	1	9
9	0	20
20	1	9
9	0	24
24	1	9
9	0	14
14	1	9
5	0	10
10	1	5
5	0	11
11	1	5
5	0	15
15	1	5
12	0	28
28	1	12
12	0	16
16	1	12
14	0	17
17	1	14
14	0	18
18	1	14
14	0	19
19	1	14
14	0	20
20	1	14
14	0	21
21	1	14
14	0	26
26	1	14
14	0	28
28	1	14
14	0	24
24	1	14
14	0	23
23	1	14
26	0	28
28	1	26
11	0	15
15	1	11
6	0	12
12	1	6
