2	5	0
2	14	1
2	6	2
3	6	3
3	14	4
3	5	0
4	24	5
4	24	6
4	15	7
4	15	8
4	16	9
4	16	10
5	6	11
6	6	12
6	5	13
7	6	0
7	14	14
7	14	15
7	5	16
8	12	0
8	12	17
8	11	18
8	13	19
9	6	20
9	43	21
9	5	22
10	6	20
10	43	23
10	5	22
11	18	24
11	4	25
12	20	26
13	6	27
13	14	28
13	5	29
15	5	0
16	6	32
16	5	33
17	20	34
19	14	36
19	6	11
19	5	37
21	36	40
21	36	41
22	10	42
22	3	43
24	10	45
24	3	46
25	20	47
26	18	48
26	4	49
27	24	50
27	26	51
28	11	20
28	13	52
32	11	3
32	13	4
32	12	0
33	11	5
33	12	9
33	12	8
33	13	53
34	11	6
34	12	7
34	13	54
35	6	55
35	14	56
35	5	0
37	49	57
37	49	58
38	14	36
39	9	20
39	10	59
40	15	60
41	10	61
41	9	62
42	48	20
42	42	0
43	13	63
44	13	64
45	12	0
47	18	65
47	4	66
48	5	0
48	14	67
48	6	68
49	13	69
49	12	0
50	24	70
50	24	20
50	24	24
50	24	71
50	24	72
50	24	73
50	24	74
50	24	75
50	24	76
50	24	77
50	24	78
50	24	79
50	24	15
50	24	65
50	24	80
50	24	11
50	24	81
50	24	18
50	24	82
50	24	83
50	24	84
50	24	85
50	24	86
50	16	87
50	16	88
50	16	10
50	16	89
50	16	90
50	16	91
50	16	92
50	16	93
50	16	94
50	16	46
50	16	95
50	16	96
50	16	17
50	16	43
50	16	97
50	16	98
50	16	99
50	16	81
50	16	0
50	16	100
50	16	9
50	16	101
50	16	102
50	16	10
50	16	91
50	16	90
50	16	103
50	16	104
50	16	94
50	16	96
50	16	105
50	16	106
50	16	97
50	16	107
50	16	108
50	16	109
50	16	98
50	16	0
50	16	100
50	16	9
50	15	110
50	15	101
50	15	111
50	15	24
50	15	112
50	15	113
50	15	114
50	15	115
50	15	116
50	15	12
50	15	91
50	15	103
50	15	117
50	15	118
50	15	104
50	15	119
50	15	120
50	15	121
50	15	122
50	15	123
50	15	124
50	15	125
50	15	126
50	15	79
50	15	127
50	15	128
50	15	105
50	15	129
50	15	107
50	15	130
50	15	109
50	15	131
50	15	132
50	15	133
50	15	134
50	15	135
50	15	136
50	15	83
50	15	137
50	15	138
50	15	139
50	15	48
50	15	140
50	15	141
50	15	142
50	15	143
50	25	144
50	25	145
50	25	146
50	25	147
50	25	148
51	42	0
51	48	20
52	14	79
52	6	0
53	20	112
53	23	105
53	23	99
54	23	98
54	20	149
54	20	150
55	10	151
55	4	25
56	49	152
56	49	153
56	59	0
57	12	141
57	13	154
58	27	155
58	27	156
59	28	157
59	28	158
60	20	159
61	5	0
62	27	11
63	20	160
64	20	161
65	28	162
66	10	131
66	4	163
66	9	164
67	5	95
68	20	165
68	23	107
68	23	81
69	2	126
70	20	119
71	5	0
72	6	166
72	6	167
72	14	79
73	5	0
74	25	148
75	42	39
75	48	20
76	74	168
77	2	135
78	20	169
79	10	170
79	4	171
79	9	172
80	2	111
80	2	136
81	20	47
82	3	173
82	10	174
82	9	62
83	42	61
83	41	62
84	10	26
84	9	175
84	9	176
85	9	175
86	10	149
86	9	177
87	28	178
88	5	0
88	5	179
89	49	152
89	49	153
90	20	134
90	23	141
90	23	81
91	38	155
91	38	180
91	39	181
92	36	182
92	37	0
93	6	0
94	6	183
95	28	184
95	28	20
96	5	0
96	5	179
97	11	18
98	20	169
99	20	185
100	10	132
100	9	186
101	38	187
101	38	188
101	39	189
102	28	190
102	28	191
103	6	0
104	38	192
104	38	193
105	6	194
106	10	169
106	9	195
107	18	61
108	28	26
109	10	196
109	9	197
110	20	198
111	13	185
112	24	50
112	24	24
112	25	51
113	20	199
114	18	61
115	28	200
115	28	201
116	28	61
116	28	202
