8	0	27
27	1	8
8	0	19
19	1	8
8	0	29
29	1	8
8	0	22
22	1	8
8	0	20
20	1	8
8	0	24
24	1	8
8	0	16
16	1	8
8	0	25
25	1	8
12	0	22
22	1	12
12	0	23
23	1	12
12	0	17
17	1	12
12	0	26
26	1	12
12	0	28
28	1	12
12	0	16
16	1	12
12	0	13
13	1	12
12	0	15
15	1	12
12	0	30
30	1	12
12	0	18
18	1	12
12	0	19
19	1	12
12	0	21
21	1	12
12	0	14
14	1	12
10	0	17
17	1	10
10	0	18
18	1	10
10	0	19
19	1	10
10	0	21
21	1	10
10	0	26
26	1	10
10	0	22
22	1	10
10	0	16
16	1	10
10	0	12
12	1	10
10	0	23
23	1	10
10	0	28
28	1	10
10	0	30
30	1	10
10	0	11
11	1	10
10	0	13
13	1	10
10	0	15
15	1	10
22	0	23
23	1	22
22	0	24
24	1	22
22	0	28
28	1	22
22	0	30
30	1	22
22	0	25
25	1	22
22	0	26
26	1	22
2	0	20
20	1	2
6	0	15
15	1	6
6	0	10
10	1	6
6	0	17
17	1	6
6	0	11
11	1	6
6	0	18
18	1	6
6	0	19
19	1	6
6	0	21
21	1	6
6	0	26
26	1	6
6	0	22
22	1	6
6	0	16
16	1	6
6	0	12
12	1	6
6	0	23
23	1	6
6	0	28
28	1	6
6	0	13
13	1	6
6	0	30
30	1	6
27	0	29
29	1	27
3	0	8
8	1	3
3	0	22
22	1	3
3	0	16
16	1	3
3	0	24
24	1	3
3	0	25
25	1	3
17	0	18
18	1	17
17	0	19
19	1	17
17	0	21
21	1	17
17	0	26
26	1	17
17	0	22
22	1	17
17	0	28
28	1	17
17	0	30
30	1	17
17	0	23
23	1	17
16	0	17
17	1	16
16	0	18
18	1	16
16	0	26
26	1	16
16	0	22
22	1	16
16	0	23
23	1	16
16	0	28
28	1	16
16	0	30
30	1	16
16	0	24
24	1	16
16	0	25
25	1	16
16	0	21
21	1	16
16	0	19
19	1	16
11	0	18
18	1	11
11	0	19
19	1	11
11	0	21
21	1	11
11	0	26
26	1	11
11	0	22
22	1	11
11	0	16
16	1	11
11	0	12
12	1	11
11	0	23
23	1	11
11	0	28
28	1	11
11	0	13
13	1	11
11	0	30
30	1	11
11	0	15
15	1	11
19	0	22
22	1	19
19	0	28
28	1	19
19	0	20
20	1	19
19	0	30
30	1	19
19	0	27
27	1	19
19	0	29
29	1	19
19	0	26
26	1	19
19	0	23
23	1	19
19	0	24
24	1	19
19	0	21
21	1	19
19	0	25
25	1	19
21	0	28
28	1	21
21	0	30
30	1	21
21	0	22
22	1	21
21	0	26
26	1	21
21	0	23
23	1	21
26	0	28
28	1	26
26	0	30
30	1	26
13	0	22
22	1	13
13	0	16
16	1	13
13	0	30
30	1	13
13	0	26
26	1	13
13	0	18
18	1	13
13	0	28
28	1	13
13	0	19
19	1	13
13	0	23
23	1	13
13	0	15
15	1	13
15	0	22
22	1	15
15	0	30
30	1	15
15	0	18
18	1	15
15	0	16
16	1	15
15	0	26
26	1	15
15	0	28
28	1	15
15	0	23
23	1	15
15	0	19
19	1	15
23	0	28
28	1	23
23	0	30
30	1	23
23	0	26
26	1	23
20	0	24
24	1	20
20	0	29
29	1	20
20	0	27
27	1	20
20	0	25
25	1	20
18	0	19
19	1	18
18	0	22
22	1	18
18	0	26
26	1	18
18	0	28
28	1	18
25	0	29
29	1	25
25	0	27
27	1	25
28	0	30
30	1	28
24	0	27
27	1	24
24	0	29
29	1	24
5	0	9
9	1	5
