15	0	21
21	1	15
15	0	20
20	1	15
15	0	18
18	1	15
5	0	21
21	1	5
5	0	15
15	1	5
5	0	20
20	1	5
20	0	21
21	1	20
20	0	22
22	1	20
20	0	25
25	1	20
25	0	28
28	1	25
25	0	26
26	1	25
25	0	29
29	1	25
25	0	30
30	1	25
25	0	27
27	1	25
28	0	30
30	1	28
28	0	29
29	1	28
26	0	30
30	1	26
26	0	29
29	1	26
26	0	28
28	1	26
4	0	25
25	1	4
4	0	20
20	1	4
4	0	14
14	1	4
24	0	25
25	1	24
24	0	30
30	1	24
24	0	28
28	1	24
24	0	29
29	1	24
12	0	27
27	1	12
12	0	28
28	1	12
12	0	26
26	1	12
12	0	25
25	1	12
27	0	30
30	1	27
27	0	29
29	1	27
27	0	28
28	1	27
18	0	20
20	1	18
18	0	21
21	1	18
29	0	30
30	1	29
11	0	17
17	1	11
23	0	24
24	1	23
21	0	23
23	1	21
21	0	24
24	1	21
3	0	13
13	1	3
10	0	16
16	1	10
10	0	19
19	1	10
16	0	19
19	1	16
2	0	21
21	1	2
