4	0	15
15	1	4
4	0	20
20	1	4
4	0	23
23	1	4
4	0	16
16	1	4
4	0	11
11	1	4
11	0	15
15	1	11
11	0	23
23	1	11
11	0	20
20	1	11
11	0	16
16	1	11
20	0	26
26	1	20
20	0	23
23	1	20
20	0	25
25	1	20
25	0	28
28	1	25
25	0	31
31	1	25
25	0	29
29	1	25
25	0	27
27	1	25
29	0	30
30	1	29
29	0	31
31	1	29
6	0	26
26	1	6
6	0	16
16	1	6
6	0	12
12	1	6
17	0	24
24	1	17
17	0	25
25	1	17
17	0	28
28	1	17
17	0	31
31	1	17
17	0	29
29	1	17
17	0	27
27	1	17
17	0	21
21	1	17
21	0	24
24	1	21
21	0	25
25	1	21
21	0	28
28	1	21
21	0	31
31	1	21
21	0	29
29	1	21
21	0	27
27	1	21
24	0	31
31	1	24
24	0	29
29	1	24
24	0	28
28	1	24
24	0	27
27	1	24
12	0	25
25	1	12
12	0	28
28	1	12
12	0	31
31	1	12
12	0	29
29	1	12
12	0	27
27	1	12
12	0	21
21	1	12
12	0	17
17	1	12
12	0	24
24	1	12
12	0	18
18	1	12
15	0	20
20	1	15
15	0	23
23	1	15
19	0	28
28	1	19
19	0	31
31	1	19
19	0	29
29	1	19
19	0	22
22	1	19
19	0	26
26	1	19
7	0	13
13	1	7
22	0	31
31	1	22
22	0	29
29	1	22
22	0	28
28	1	22
27	0	31
31	1	27
27	0	28
28	1	27
27	0	29
29	1	27
30	0	31
31	1	30
28	0	31
31	1	28
28	0	29
29	1	28
23	0	26
26	1	23
8	0	14
14	1	8
14	0	19
19	1	14
