344	0	359
359	1	344
344	0	351
351	1	344
344	0	352
352	1	344
344	0	645
645	1	344
344	0	434
434	1	344
344	0	353
353	1	344
344	0	566
566	1	344
344	0	648
648	1	344
344	0	668
668	1	344
344	0	649
649	1	344
344	0	705
705	1	344
344	0	715
715	1	344
344	0	710
710	1	344
344	0	713
713	1	344
344	0	456
456	1	344
344	0	678
678	1	344
344	0	702
702	1	344
344	0	621
621	1	344
344	0	677
677	1	344
344	0	694
694	1	344
344	0	488
488	1	344
344	0	588
588	1	344
344	0	676
676	1	344
344	0	586
586	1	344
344	0	354
354	1	344
344	0	683
683	1	344
331	0	359
359	1	331
331	0	351
351	1	331
331	0	352
352	1	331
331	0	344
344	1	331
331	0	345
345	1	331
331	0	702
702	1	331
331	0	705
705	1	331
331	0	683
683	1	331
331	0	715
715	1	331
331	0	710
710	1	331
331	0	694
694	1	331
331	0	713
713	1	331
331	0	706
706	1	331
331	0	711
711	1	331
331	0	693
693	1	331
331	0	714
714	1	331
331	0	695
695	1	331
331	0	696
696	1	331
331	0	488
488	1	331
331	0	575
575	1	331
331	0	641
641	1	331
331	0	642
642	1	331
2	0	359
359	1	2
2	0	586
586	1	2
2	0	240
240	1	2
2	0	344
344	1	2
2	0	621
621	1	2
2	0	645
645	1	2
2	0	241
241	1	2
2	0	242
242	1	2
2	0	455
455	1	2
8	0	359
359	1	8
8	0	519
519	1	8
8	0	705
705	1	8
8	0	706
706	1	8
240	0	359
359	1	240
240	0	344
344	1	240
240	0	331
331	1	240
240	0	332
332	1	240
240	0	333
333	1	240
240	0	334
334	1	240
240	0	335
335	1	240
240	0	315
315	1	240
240	0	351
351	1	240
240	0	336
336	1	240
240	0	352
352	1	240
240	0	337
337	1	240
240	0	338
338	1	240
240	0	339
339	1	240
240	0	561
561	1	240
240	0	648
648	1	240
240	0	668
668	1	240
240	0	621
621	1	240
240	0	649
649	1	240
240	0	473
473	1	240
240	0	586
586	1	240
332	0	359
359	1	332
332	0	351
351	1	332
332	0	352
352	1	332
332	0	668
668	1	332
333	0	359
359	1	333
333	0	351
351	1	333
333	0	352
352	1	333
333	0	366
366	1	333
333	0	680
680	1	333
333	0	668
668	1	333
333	0	699
699	1	333
333	0	692
692	1	333
333	0	622
622	1	333
21	0	359
359	1	21
21	0	369
369	1	21
44	0	359
359	1	44
334	0	359
359	1	334
334	0	351
351	1	334
334	0	352
352	1	334
334	0	346
346	1	334
334	0	667
667	1	334
334	0	622
622	1	334
334	0	653
653	1	334
335	0	359
359	1	335
335	0	351
351	1	335
335	0	352
352	1	335
335	0	347
347	1	335
335	0	666
666	1	335
335	0	622
622	1	335
335	0	652
652	1	335
65	0	359
359	1	65
65	0	344
344	1	65
65	0	331
331	1	65
65	0	332
332	1	65
65	0	333
333	1	65
65	0	334
334	1	65
65	0	335
335	1	65
65	0	315
315	1	65
65	0	351
351	1	65
65	0	336
336	1	65
65	0	352
352	1	65
65	0	337
337	1	65
65	0	338
338	1	65
65	0	339
339	1	65
315	0	359
359	1	315
315	0	344
344	1	315
315	0	331
331	1	315
315	0	332
332	1	315
315	0	333
333	1	315
315	0	334
334	1	315
315	0	335
335	1	315
315	0	351
351	1	315
315	0	336
336	1	315
315	0	352
352	1	315
315	0	337
337	1	315
315	0	338
338	1	315
315	0	339
339	1	315
315	0	622
622	1	315
315	0	668
668	1	315
315	0	657
657	1	315
96	0	359
359	1	96
96	0	290
290	1	96
96	0	430
430	1	96
290	0	359
359	1	290
290	0	430
430	1	290
336	0	359
359	1	336
336	0	351
351	1	336
336	0	352
352	1	336
336	0	634
634	1	336
115	0	359
359	1	115
353	0	359
359	1	353
337	0	359
359	1	337
337	0	351
351	1	337
337	0	352
352	1	337
184	0	359
359	1	184
186	0	359
359	1	186
186	0	344
344	1	186
186	0	331
331	1	186
186	0	332
332	1	186
186	0	333
333	1	186
186	0	334
334	1	186
186	0	335
335	1	186
186	0	315
315	1	186
186	0	351
351	1	186
186	0	336
336	1	186
186	0	352
352	1	186
186	0	337
337	1	186
186	0	338
338	1	186
186	0	339
339	1	186
186	0	634
634	1	186
186	0	607
607	1	186
267	0	359
359	1	267
267	0	344
344	1	267
267	0	331
331	1	267
267	0	332
332	1	267
267	0	333
333	1	267
267	0	334
334	1	267
267	0	335
335	1	267
267	0	315
315	1	267
267	0	351
351	1	267
267	0	336
336	1	267
267	0	352
352	1	267
267	0	337
337	1	267
267	0	338
338	1	267
267	0	339
339	1	267
338	0	359
359	1	338
338	0	351
351	1	338
338	0	352
352	1	338
338	0	635
635	1	338
221	0	359
359	1	221
221	0	344
344	1	221
221	0	331
331	1	221
221	0	332
332	1	221
221	0	333
333	1	221
221	0	334
334	1	221
221	0	335
335	1	221
221	0	315
315	1	221
221	0	351
351	1	221
221	0	336
336	1	221
221	0	352
352	1	221
221	0	337
337	1	221
221	0	338
338	1	221
221	0	339
339	1	221
339	0	359
359	1	339
339	0	351
351	1	339
339	0	352
352	1	339
339	0	470
470	1	339
359	0	643
643	1	359
359	0	664
664	1	359
359	0	360
360	1	359
359	0	697
697	1	359
359	0	654
654	1	359
359	0	596
596	1	359
359	0	361
361	1	359
359	0	601
601	1	359
359	0	602
602	1	359
359	0	362
362	1	359
359	0	550
550	1	359
359	0	644
644	1	359
359	0	665
665	1	359
359	0	363
363	1	359
359	0	668
668	1	359
359	0	692
692	1	359
359	0	364
364	1	359
359	0	699
699	1	359
359	0	365
365	1	359
359	0	366
366	1	359
359	0	367
367	1	359
359	0	622
622	1	359
359	0	651
651	1	359
359	0	368
368	1	359
359	0	698
698	1	359
359	0	369
369	1	359
359	0	370
370	1	359
359	0	371
371	1	359
359	0	635
635	1	359
359	0	372
372	1	359
359	0	373
373	1	359
359	0	374
374	1	359
359	0	375
375	1	359
359	0	606
606	1	359
359	0	376
376	1	359
359	0	561
561	1	359
359	0	377
377	1	359
359	0	598
598	1	359
359	0	378
378	1	359
359	0	558
558	1	359
359	0	379
379	1	359
359	0	593
593	1	359
359	0	709
709	1	359
359	0	681
681	1	359
359	0	380
380	1	359
359	0	588
588	1	359
359	0	381
381	1	359
359	0	382
382	1	359
359	0	383
383	1	359
359	0	384
384	1	359
359	0	624
624	1	359
359	0	385
385	1	359
359	0	386
386	1	359
359	0	387
387	1	359
359	0	553
553	1	359
359	0	590
590	1	359
359	0	388
388	1	359
359	0	389
389	1	359
359	0	390
390	1	359
359	0	391
391	1	359
359	0	392
392	1	359
359	0	679
679	1	359
359	0	393
393	1	359
359	0	394
394	1	359
359	0	395
395	1	359
359	0	563
563	1	359
359	0	396
396	1	359
359	0	397
397	1	359
359	0	650
650	1	359
359	0	398
398	1	359
359	0	399
399	1	359
359	0	400
400	1	359
359	0	632
632	1	359
359	0	401
401	1	359
359	0	685
685	1	359
359	0	402
402	1	359
359	0	661
661	1	359
359	0	581
581	1	359
359	0	618
618	1	359
359	0	403
403	1	359
359	0	549
549	1	359
359	0	691
691	1	359
359	0	404
404	1	359
359	0	703
703	1	359
359	0	405
405	1	359
359	0	406
406	1	359
359	0	652
652	1	359
359	0	631
631	1	359
359	0	407
407	1	359
359	0	408
408	1	359
359	0	409
409	1	359
359	0	633
633	1	359
359	0	410
410	1	359
359	0	411
411	1	359
359	0	582
582	1	359
359	0	619
619	1	359
359	0	551
551	1	359
359	0	412
412	1	359
359	0	413
413	1	359
359	0	414
414	1	359
359	0	415
415	1	359
359	0	416
416	1	359
359	0	566
566	1	359
359	0	417
417	1	359
359	0	418
418	1	359
359	0	419
419	1	359
359	0	420
420	1	359
359	0	568
568	1	359
359	0	421
421	1	359
359	0	422
422	1	359
359	0	608
608	1	359
359	0	556
556	1	359
359	0	423
423	1	359
359	0	424
424	1	359
359	0	569
569	1	359
359	0	615
615	1	359
359	0	557
557	1	359
359	0	425
425	1	359
359	0	648
648	1	359
359	0	426
426	1	359
359	0	427
427	1	359
359	0	646
646	1	359
359	0	428
428	1	359
359	0	429
429	1	359
359	0	430
430	1	359
359	0	431
431	1	359
359	0	432
432	1	359
359	0	638
638	1	359
359	0	659
659	1	359
359	0	587
587	1	359
359	0	609
609	1	359
359	0	559
559	1	359
359	0	433
433	1	359
359	0	434
434	1	359
359	0	435
435	1	359
359	0	436
436	1	359
359	0	437
437	1	359
359	0	438
438	1	359
359	0	439
439	1	359
359	0	440
440	1	359
359	0	625
625	1	359
359	0	560
560	1	359
359	0	441
441	1	359
359	0	442
442	1	359
359	0	680
680	1	359
359	0	674
674	1	359
359	0	649
649	1	359
359	0	647
647	1	359
359	0	443
443	1	359
359	0	444
444	1	359
359	0	617
617	1	359
359	0	445
445	1	359
359	0	660
660	1	359
359	0	446
446	1	359
359	0	447
447	1	359
359	0	448
448	1	359
359	0	595
595	1	359
359	0	449
449	1	359
359	0	450
450	1	359
359	0	636
636	1	359
359	0	451
451	1	359
359	0	705
705	1	359
359	0	452
452	1	359
359	0	706
706	1	359
359	0	453
453	1	359
359	0	454
454	1	359
359	0	676
676	1	359
359	0	455
455	1	359
359	0	456
456	1	359
359	0	457
457	1	359
359	0	653
653	1	359
359	0	458
458	1	359
359	0	577
577	1	359
359	0	634
634	1	359
359	0	459
459	1	359
359	0	677
677	1	359
359	0	460
460	1	359
359	0	597
597	1	359
359	0	461
461	1	359
359	0	462
462	1	359
359	0	463
463	1	359
359	0	464
464	1	359
359	0	580
580	1	359
359	0	465
465	1	359
359	0	466
466	1	359
359	0	662
662	1	359
359	0	671
671	1	359
359	0	689
689	1	359
359	0	467
467	1	359
359	0	620
620	1	359
359	0	583
583	1	359
359	0	468
468	1	359
359	0	564
564	1	359
359	0	613
613	1	359
359	0	695
695	1	359
359	0	641
641	1	359
359	0	666
666	1	359
359	0	663
663	1	359
359	0	690
690	1	359
359	0	584
584	1	359
359	0	469
469	1	359
359	0	565
565	1	359
359	0	696
696	1	359
359	0	642
642	1	359
359	0	552
552	1	359
359	0	470
470	1	359
359	0	471
471	1	359
359	0	472
472	1	359
359	0	655
655	1	359
359	0	555
555	1	359
359	0	604
604	1	359
359	0	586
586	1	359
359	0	621
621	1	359
359	0	645
645	1	359
359	0	473
473	1	359
359	0	683
683	1	359
359	0	474
474	1	359
359	0	704
704	1	359
359	0	700
700	1	359
359	0	712
712	1	359
359	0	475
475	1	359
359	0	476
476	1	359
359	0	477
477	1	359
359	0	478
478	1	359
359	0	479
479	1	359
359	0	610
610	1	359
359	0	480
480	1	359
359	0	481
481	1	359
359	0	589
589	1	359
359	0	573
573	1	359
359	0	482
482	1	359
359	0	483
483	1	359
359	0	484
484	1	359
359	0	657
657	1	359
359	0	485
485	1	359
359	0	562
562	1	359
359	0	486
486	1	359
359	0	487
487	1	359
359	0	611
611	1	359
359	0	713
713	1	359
359	0	488
488	1	359
359	0	575
575	1	359
359	0	489
489	1	359
359	0	656
656	1	359
359	0	490
490	1	359
359	0	667
667	1	359
359	0	623
623	1	359
359	0	591
591	1	359
359	0	491
491	1	359
359	0	607
607	1	359
359	0	492
492	1	359
359	0	493
493	1	359
359	0	494
494	1	359
359	0	658
658	1	359
359	0	495
495	1	359
359	0	496
496	1	359
359	0	497
497	1	359
359	0	498
498	1	359
359	0	499
499	1	359
359	0	500
500	1	359
359	0	501
501	1	359
359	0	678
678	1	359
359	0	502
502	1	359
359	0	599
599	1	359
359	0	503
503	1	359
359	0	504
504	1	359
359	0	505
505	1	359
359	0	506
506	1	359
359	0	554
554	1	359
359	0	507
507	1	359
359	0	508
508	1	359
359	0	578
578	1	359
359	0	686
686	1	359
359	0	509
509	1	359
359	0	510
510	1	359
359	0	511
511	1	359
359	0	512
512	1	359
359	0	513
513	1	359
359	0	514
514	1	359
359	0	515
515	1	359
359	0	516
516	1	359
359	0	517
517	1	359
359	0	518
518	1	359
359	0	519
519	1	359
359	0	520
520	1	359
359	0	521
521	1	359
359	0	522
522	1	359
359	0	523
523	1	359
359	0	524
524	1	359
359	0	600
600	1	359
359	0	525
525	1	359
359	0	526
526	1	359
359	0	527
527	1	359
359	0	603
603	1	359
359	0	528
528	1	359
359	0	529
529	1	359
359	0	530
530	1	359
359	0	531
531	1	359
359	0	594
594	1	359
359	0	532
532	1	359
359	0	533
533	1	359
359	0	534
534	1	359
359	0	605
605	1	359
359	0	585
585	1	359
359	0	592
592	1	359
359	0	535
535	1	359
359	0	536
536	1	359
359	0	537
537	1	359
359	0	538
538	1	359
359	0	539
539	1	359
359	0	540
540	1	359
359	0	541
541	1	359
359	0	542
542	1	359
359	0	543
543	1	359
359	0	544
544	1	359
359	0	545
545	1	359
359	0	546
546	1	359
359	0	547
547	1	359
359	0	548
548	1	359
620	0	691
691	1	620
620	0	703
703	1	620
620	0	695
695	1	620
620	0	696
696	1	620
620	0	664
664	1	620
620	0	665
665	1	620
620	0	641
641	1	620
620	0	642
642	1	620
620	0	671
671	1	620
620	0	643
643	1	620
620	0	644
644	1	620
620	0	697
697	1	620
583	0	691
691	1	583
583	0	703
703	1	583
583	0	620
620	1	583
583	0	697
697	1	583
93	0	359
359	1	93
93	0	331
331	1	93
345	0	359
359	1	345
325	0	342
342	1	325
325	0	350
350	1	325
289	0	342
342	1	289
289	0	325
325	1	289
289	0	350
350	1	289
180	0	359
359	1	180
180	0	342
342	1	180
180	0	325
325	1	180
180	0	350
350	1	180
180	0	289
289	1	180
302	0	359
359	1	302
201	0	326
326	1	201
201	0	297
297	1	201
258	0	359
359	1	258
258	0	311
311	1	258
204	0	359
359	1	204
83	0	359
359	1	83
277	0	622
622	1	277
277	0	410
410	1	277
277	0	359
359	1	277
151	0	622
622	1	151
151	0	359
359	1	151
151	0	410
410	1	151
151	0	277
277	1	151
149	0	276
276	1	149
149	0	359
359	1	149
149	0	692
692	1	149
668	0	692
692	1	668
668	0	698
698	1	668
668	0	673
673	1	668
668	0	699
699	1	668
668	0	674
674	1	668
668	0	675
675	1	668
668	0	712
712	1	668
668	0	676
676	1	668
668	0	677
677	1	668
668	0	678
678	1	668
668	0	679
679	1	668
668	0	709
709	1	668
668	0	680
680	1	668
668	0	704
704	1	668
668	0	681
681	1	668
668	0	700
700	1	668
668	0	682
682	1	668
668	0	683
683	1	668
668	0	684
684	1	668
668	0	685
685	1	668
668	0	686
686	1	668
584	0	691
691	1	584
584	0	703
703	1	584
584	0	620
620	1	584
584	0	697
697	1	584
110	0	359
359	1	110
110	0	331
331	1	110
262	0	313
313	1	262
262	0	343
343	1	262
262	0	330
330	1	262
313	0	330
330	1	313
313	0	343
343	1	313
98	0	359
359	1	98
98	0	262
262	1	98
98	0	313
313	1	98
98	0	343
343	1	98
98	0	330
330	1	98
296	0	692
692	1	296
296	0	359
359	1	296
296	0	668
668	1	296
296	0	699
699	1	296
296	0	333
333	1	296
296	0	364
364	1	296
296	0	622
622	1	296
296	0	552
552	1	296
197	0	699
699	1	197
197	0	359
359	1	197
55	0	344
344	1	55
55	0	354
354	1	55
55	0	566
566	1	55
351	0	359
359	1	351
351	0	622
622	1	351
351	0	651
651	1	351
351	0	355
355	1	351
351	0	357
357	1	351
351	0	356
356	1	351
355	0	651
651	1	355
355	0	359
359	1	355
355	0	622
622	1	355
692	0	698
698	1	692
692	0	709
709	1	692
692	0	704
704	1	692
692	0	699
699	1	692
692	0	712
712	1	692
692	0	700
700	1	692
692	0	701
701	1	692
593	0	698
698	1	593
593	0	692
692	1	593
593	0	668
668	1	593
118	0	420
420	1	118
118	0	567
567	1	118
118	0	299
299	1	118
263	0	359
359	1	263
263	0	635
635	1	263
220	0	503
503	1	220
220	0	359
359	1	220
424	0	569
569	1	424
424	0	615
615	1	424
123	0	359
359	1	123
123	0	557
557	1	123
545	0	606
606	1	545
473	0	648
648	1	473
473	0	649
649	1	473
473	0	668
668	1	473
473	0	621
621	1	473
473	0	586
586	1	473
621	0	645
645	1	621
621	0	646
646	1	621
621	0	647
647	1	621
621	0	668
668	1	621
621	0	648
648	1	621
621	0	649
649	1	621
260	0	359
359	1	260
260	0	312
312	1	260
33	0	359
359	1	33
616	0	637
637	1	616
616	0	638
638	1	616
616	0	659
659	1	616
616	0	660
660	1	616
669	0	687
687	1	669
704	0	709
709	1	704
704	0	712
712	1	704
475	0	668
668	1	475
475	0	692
692	1	475
475	0	709
709	1	475
475	0	704
704	1	475
475	0	712
712	1	475
475	0	587
587	1	475
475	0	700
700	1	475
475	0	681
681	1	475
475	0	622
622	1	475
279	0	668
668	1	279
279	0	587
587	1	279
279	0	692
692	1	279
279	0	359
359	1	279
279	0	709
709	1	279
279	0	704
704	1	279
279	0	700
700	1	279
279	0	712
712	1	279
279	0	475
475	1	279
279	0	681
681	1	279
279	0	622
622	1	279
279	0	380
380	1	279
157	0	668
668	1	157
157	0	587
587	1	157
157	0	692
692	1	157
157	0	622
622	1	157
157	0	359
359	1	157
157	0	709
709	1	157
157	0	704
704	1	157
157	0	681
681	1	157
157	0	712
712	1	157
157	0	700
700	1	157
157	0	279
279	1	157
157	0	475
475	1	157
157	0	380
380	1	157
171	0	359
359	1	171
171	0	383
383	1	171
142	0	280
280	1	142
142	0	547
547	1	142
142	0	359
359	1	142
144	0	668
668	1	144
323	0	341
341	1	323
323	0	359
359	1	323
323	0	481
481	1	323
323	0	589
589	1	323
323	0	349
349	1	323
166	0	322
322	1	166
166	0	359
359	1	166
166	0	349
349	1	166
166	0	481
481	1	166
166	0	589
589	1	166
166	0	323
323	1	166
166	0	282
282	1	166
164	0	359
359	1	164
670	0	688
688	1	670
58	0	256
256	1	58
58	0	359
359	1	58
58	0	692
692	1	58
25	0	390
390	1	25
25	0	399
399	1	25
25	0	359
359	1	25
598	0	627
627	1	598
598	0	628
628	1	598
598	0	629
629	1	598
598	0	692
692	1	598
598	0	630
630	1	598
598	0	646
646	1	598
598	0	647
647	1	598
598	0	631
631	1	598
352	0	359
359	1	352
352	0	622
622	1	352
352	0	651
651	1	352
352	0	355
355	1	352
352	0	358
358	1	352
352	0	356
356	1	352
281	0	595
595	1	281
281	0	514
514	1	281
281	0	359
359	1	281
162	0	595
595	1	162
162	0	514
514	1	162
162	0	359
359	1	162
162	0	281
281	1	162
231	0	359
359	1	231
59	0	359
359	1	59
59	0	393
393	1	59
158	0	280
280	1	158
158	0	548
548	1	158
158	0	359
359	1	158
694	0	715
715	1	694
694	0	713
713	1	694
694	0	710
710	1	694
694	0	702
702	1	694
694	0	705
705	1	694
693	0	715
715	1	693
693	0	714
714	1	693
693	0	711
711	1	693
693	0	702
702	1	693
693	0	706
706	1	693
62	0	359
359	1	62
62	0	454
454	1	62
588	0	622
622	1	588
588	0	676
676	1	588
491	0	623
623	1	491
491	0	591
591	1	491
105	0	264
264	1	105
105	0	314
314	1	105
596	0	626
626	1	596
462	0	588
588	1	462
116	0	578
578	1	116
116	0	359
359	1	116
213	0	464
464	1	213
213	0	579
579	1	213
213	0	299
299	1	213
141	0	359
359	1	141
141	0	320
320	1	141
141	0	273
273	1	141
141	0	554
554	1	141
253	0	402
402	1	253
253	0	486
486	1	253
253	0	359
359	1	253
306	0	329
329	1	306
306	0	598
598	1	306
306	0	668
668	1	306
306	0	677
677	1	306
306	0	359
359	1	306
306	0	344
344	1	306
467	0	581
581	1	467
467	0	618
618	1	467
467	0	582
582	1	467
467	0	619
619	1	467
467	0	583
583	1	467
467	0	703
703	1	467
467	0	584
584	1	467
467	0	620
620	1	467
467	0	661
661	1	467
581	0	662
662	1	581
581	0	661
661	1	581
581	0	639
639	1	581
581	0	618
618	1	581
618	0	662
662	1	618
618	0	661
661	1	618
618	0	639
639	1	618
91	0	549
549	1	91
91	0	359
359	1	91
30	0	359
359	1	30
30	0	468
468	1	30
30	0	469
469	1	30
30	0	345
345	1	30
564	0	613
613	1	564
564	0	612
612	1	564
161	0	639
639	1	161
703	0	707
707	1	703
703	0	708
708	1	703
63	0	347
347	1	63
183	0	294
294	1	183
217	0	359
359	1	217
217	0	523
523	1	217
217	0	599
599	1	217
217	0	302
302	1	217
232	0	359
359	1	232
66	0	631
631	1	66
66	0	359
359	1	66
66	0	598
598	1	66
66	0	311
311	1	66
66	0	258
258	1	66
203	0	359
359	1	203
153	0	321
321	1	153
153	0	278
278	1	153
516	0	596
596	1	516
582	0	663
663	1	582
582	0	661
661	1	582
582	0	640
640	1	582
582	0	619
619	1	582
619	0	663
663	1	619
619	0	661
661	1	619
619	0	640
640	1	619
99	0	551
551	1	99
99	0	359
359	1	99
565	0	613
613	1	565
565	0	614
614	1	565
176	0	640
640	1	176
364	0	692
692	1	364
79	0	692
692	1	79
79	0	668
668	1	79
79	0	675
675	1	79
79	0	296
296	1	79
552	0	668
668	1	552
552	0	675
675	1	552
552	0	699
699	1	552
552	0	692
692	1	552
552	0	622
622	1	552
622	0	699
699	1	622
622	0	668
668	1	622
622	0	650
650	1	622
622	0	666
666	1	622
622	0	651
651	1	622
622	0	709
709	1	622
622	0	692
692	1	622
622	0	683
683	1	622
622	0	667
667	1	622
622	0	704
704	1	622
622	0	652
652	1	622
622	0	653
653	1	622
622	0	654
654	1	622
622	0	655
655	1	622
622	0	712
712	1	622
622	0	656
656	1	622
622	0	657
657	1	622
622	0	658
658	1	622
622	0	700
700	1	622
113	0	359
359	1	113
367	0	668
668	1	367
367	0	692
692	1	367
416	0	566
566	1	416
543	0	668
668	1	543
4	0	651
651	1	4
4	0	622
622	1	4
4	0	359
359	1	4
4	0	351
351	1	4
4	0	352
352	1	4
4	0	355
355	1	4
295	0	359
359	1	295
17	0	359
359	1	17
45	0	298
298	1	45
45	0	359
359	1	45
373	0	608
608	1	373
373	0	556
556	1	373
100	0	359
359	1	100
100	0	555
555	1	100
100	0	635
635	1	100
100	0	608
608	1	100
100	0	263
263	1	100
100	0	338
338	1	100
100	0	556
556	1	100
100	0	372
372	1	100
137	0	359
359	1	137
299	0	359
359	1	299
299	0	567
567	1	299
299	0	579
579	1	299
299	0	569
569	1	299
241	0	561
561	1	241
241	0	359
359	1	241
241	0	344
344	1	241
241	0	621
621	1	241
241	0	645
645	1	241
241	0	586
586	1	241
211	0	359
359	1	211
74	0	631
631	1	74
74	0	359
359	1	74
74	0	598
598	1	74
74	0	312
312	1	74
74	0	260
260	1	74
155	0	359
359	1	155
114	0	692
692	1	114
114	0	359
359	1	114
233	0	598
598	1	233
233	0	359
359	1	233
233	0	520
520	1	233
476	0	588
588	1	476
476	0	622
622	1	476
476	0	668
668	1	476
210	0	298
298	1	210
210	0	359
359	1	210
288	0	359
359	1	288
179	0	359
359	1	179
179	0	288
288	1	179
69	0	359
359	1	69
308	0	359
359	1	308
248	0	359
359	1	248
248	0	308
308	1	248
27	0	359
359	1	27
27	0	308
308	1	27
27	0	248
248	1	27
440	0	625
625	1	440
509	0	625
625	1	509
509	0	624
624	1	509
509	0	594
594	1	509
594	0	624
624	1	594
594	0	625
625	1	594
42	0	680
680	1	42
42	0	359
359	1	42
480	0	596
596	1	480
480	0	680
680	1	480
480	0	668
668	1	480
341	0	359
359	1	341
341	0	349
349	1	341
131	0	481
481	1	131
282	0	322
322	1	282
282	0	359
359	1	282
282	0	589
589	1	282
282	0	349
349	1	282
282	0	481
481	1	282
282	0	323
323	1	282
242	0	561
561	1	242
242	0	359
359	1	242
242	0	344
344	1	242
242	0	621
621	1	242
242	0	645
645	1	242
242	0	586
586	1	242
369	0	553
553	1	369
14	0	482
482	1	14
483	0	590
590	1	483
389	0	598
598	1	389
246	0	668
668	1	246
88	0	359
359	1	88
88	0	668
668	1	88
304	0	359
359	1	304
234	0	359
359	1	234
234	0	304
304	1	234
67	0	359
359	1	67
124	0	359
359	1	124
124	0	392
392	1	124
124	0	268
268	1	124
268	0	359
359	1	268
268	0	392
392	1	268
450	0	574
574	1	450
223	0	359
359	1	223
208	0	359
359	1	208
178	0	715
715	1	178
178	0	710
710	1	178
178	0	694
694	1	178
54	0	715
715	1	54
54	0	711
711	1	54
54	0	693
693	1	54
196	0	668
668	1	196
196	0	673
673	1	196
196	0	490
490	1	196
490	0	673
673	1	490
490	0	622
622	1	490
490	0	668
668	1	490
205	0	456
456	1	205
205	0	668
668	1	205
205	0	359
359	1	205
205	0	344
344	1	205
205	0	622
622	1	205
225	0	346
346	1	225
50	0	254
254	1	50
168	0	284
284	1	168
56	0	284
284	1	56
56	0	359
359	1	56
104	0	298
298	1	104
104	0	359
359	1	104
32	0	359
359	1	32
139	0	359
359	1	139
139	0	319
319	1	139
139	0	272
272	1	139
518	0	597
597	1	518
145	0	494
494	1	145
108	0	265
265	1	108
108	0	266
266	1	108
108	0	622
622	1	108
108	0	668
668	1	108
108	0	359
359	1	108
108	0	344
344	1	108
265	0	344
344	1	265
265	0	668
668	1	265
265	0	359
359	1	265
265	0	622
622	1	265
266	0	344
344	1	266
167	0	359
359	1	167
167	0	283
283	1	167
283	0	359
359	1	283
73	0	596
596	1	73
73	0	626
626	1	73
274	0	359
359	1	274
274	0	353
353	1	274
274	0	344
344	1	274
525	0	632
632	1	525
525	0	600
600	1	525
600	0	632
632	1	600
273	0	359
359	1	273
273	0	401
401	1	273
273	0	371
371	1	273
273	0	554
554	1	273
273	0	320
320	1	273
76	0	298
298	1	76
76	0	359
359	1	76
76	0	273
273	1	76
72	0	359
359	1	72
72	0	692
692	1	72
72	0	668
668	1	72
72	0	501
501	1	72
85	0	359
359	1	85
86	0	661
661	1	86
86	0	359
359	1	86
86	0	405
405	1	86
662	0	691
691	1	662
662	0	671
671	1	662
662	0	697
697	1	662
643	0	703
703	1	643
643	0	664
664	1	643
664	0	703
703	1	664
52	0	359
359	1	52
57	0	359
359	1	57
57	0	345
345	1	57
57	0	331
331	1	57
57	0	695
695	1	57
57	0	662
662	1	57
57	0	641
641	1	57
639	0	661
661	1	639
107	0	666
666	1	107
107	0	359
359	1	107
107	0	335
335	1	107
107	0	622
622	1	107
107	0	652
652	1	107
87	0	359
359	1	87
195	0	359
359	1	195
311	0	359
359	1	311
143	0	661
661	1	143
143	0	359
359	1	143
143	0	413
413	1	143
663	0	691
691	1	663
663	0	671
671	1	663
663	0	697
697	1	663
644	0	703
703	1	644
644	0	665
665	1	644
665	0	703
703	1	665
92	0	359
359	1	92
222	0	359
359	1	222
222	0	345
345	1	222
222	0	331
331	1	222
222	0	696
696	1	222
222	0	663
663	1	222
222	0	642
642	1	222
640	0	661
661	1	640
365	0	668
668	1	365
365	0	699
699	1	365
365	0	692
692	1	365
365	0	552
552	1	365
365	0	622
622	1	365
191	0	668
668	1	191
191	0	699
699	1	191
191	0	692
692	1	191
191	0	359
359	1	191
191	0	552
552	1	191
191	0	622
622	1	191
191	0	366
366	1	191
191	0	296
296	1	191
356	0	359
359	1	356
356	0	651
651	1	356
356	0	622
622	1	356
356	0	357
357	1	356
356	0	358
358	1	356
357	0	359
359	1	357
357	0	622
622	1	357
357	0	651
651	1	357
49	0	359
359	1	49
368	0	692
692	1	368
368	0	698
698	1	368
368	0	593
593	1	368
368	0	668
668	1	368
555	0	635
635	1	555
555	0	608
608	1	555
212	0	359
359	1	212
134	0	359
359	1	134
586	0	645
645	1	586
586	0	668
668	1	586
586	0	621
621	1	586
586	0	648
648	1	586
586	0	649
649	1	586
312	0	359
359	1	312
31	0	359
359	1	31
120	0	359
359	1	120
120	0	267
267	1	120
120	0	337
337	1	120
181	0	359
359	1	181
181	0	290
290	1	181
181	0	430
430	1	181
181	0	291
291	1	181
291	0	359
359	1	291
291	0	430
430	1	291
431	0	570
570	1	431
431	0	659
659	1	431
431	0	687
687	1	431
431	0	669
669	1	431
431	0	571
571	1	431
431	0	660
660	1	431
431	0	688
688	1	431
431	0	670
670	1	431
431	0	572
572	1	431
20	0	431
431	1	20
20	0	687
687	1	20
20	0	669
669	1	20
20	0	688
688	1	20
20	0	670
670	1	20
20	0	570
570	1	20
20	0	659
659	1	20
20	0	660
660	1	20
570	0	659
659	1	570
570	0	687
687	1	570
570	0	669
669	1	570
570	0	660
660	1	570
570	0	688
688	1	570
570	0	670
670	1	570
570	0	637
637	1	570
570	0	616
616	1	570
659	0	687
687	1	659
659	0	669
669	1	659
106	0	359
359	1	106
106	0	668
668	1	106
380	0	709
709	1	380
380	0	704
704	1	380
380	0	692
692	1	380
380	0	712
712	1	380
380	0	668
668	1	380
380	0	559
559	1	380
380	0	681
681	1	380
380	0	587
587	1	380
380	0	609
609	1	380
380	0	700
700	1	380
380	0	622
622	1	380
700	0	712
712	1	700
700	0	709
709	1	700
700	0	704
704	1	700
35	0	359
359	1	35
35	0	622
622	1	35
35	0	668
668	1	35
35	0	476
476	1	35
188	0	359
359	1	188
188	0	538
538	1	188
47	0	359
359	1	47
16	0	359
359	1	16
16	0	479
479	1	16
16	0	487
487	1	16
19	0	359
359	1	19
19	0	439
439	1	19
169	0	359
359	1	169
385	0	668
668	1	385
385	0	610
610	1	385
385	0	692
692	1	385
385	0	560
560	1	385
560	0	668
668	1	560
560	0	610
610	1	560
560	0	692
692	1	560
610	0	692
692	1	610
610	0	668
668	1	610
216	0	680
680	1	216
216	0	359
359	1	216
216	0	480
480	1	216
216	0	333
333	1	216
216	0	668
668	1	216
90	0	359
359	1	90
90	0	349
349	1	90
349	0	359
359	1	349
349	0	481
481	1	349
349	0	589
589	1	349
444	0	617
617	1	444
444	0	573
573	1	444
660	0	688
688	1	660
660	0	670
670	1	660
307	0	359
359	1	307
307	0	374
374	1	307
358	0	359
359	1	358
358	0	622
622	1	358
358	0	651
651	1	358
392	0	562
562	1	392
38	0	359
359	1	38
38	0	698
698	1	38
38	0	679
679	1	38
38	0	692
692	1	38
38	0	486
486	1	38
395	0	563
563	1	395
395	0	611
611	1	395
189	0	344
344	1	189
189	0	705
705	1	189
189	0	683
683	1	189
189	0	715
715	1	189
189	0	710
710	1	189
189	0	694
694	1	189
189	0	713
713	1	189
189	0	331
331	1	189
189	0	702
702	1	189
451	0	702
702	1	451
451	0	705
705	1	451
451	0	683
683	1	451
451	0	715
715	1	451
451	0	710
710	1	451
451	0	694
694	1	451
702	0	705
705	1	702
702	0	706
706	1	702
702	0	715
715	1	702
702	0	710
710	1	702
702	0	711
711	1	702
683	0	705
705	1	683
683	0	715
715	1	683
683	0	702
702	1	683
683	0	706
706	1	683
683	0	711
711	1	683
683	0	710
710	1	683
683	0	693
693	1	683
683	0	694
694	1	683
710	0	713
713	1	710
710	0	715
715	1	710
452	0	702
702	1	452
452	0	706
706	1	452
452	0	575
575	1	452
452	0	683
683	1	452
452	0	715
715	1	452
452	0	711
711	1	452
452	0	693
693	1	452
575	0	706
706	1	575
575	0	715
715	1	575
575	0	711
711	1	575
575	0	693
693	1	575
575	0	683
683	1	575
575	0	702
702	1	575
711	0	714
714	1	711
711	0	715
715	1	711
303	0	622
622	1	303
303	0	359
359	1	303
303	0	668
668	1	303
303	0	678
678	1	303
303	0	344
344	1	303
78	0	359
359	1	78
227	0	359
359	1	227
154	0	667
667	1	154
154	0	359
359	1	154
154	0	334
334	1	154
154	0	622
622	1	154
154	0	653
653	1	154
34	0	336
336	1	34
34	0	250
250	1	34
271	0	359
359	1	271
271	0	622
622	1	271
271	0	318
318	1	271
135	0	622
622	1	135
135	0	359
359	1	135
135	0	598
598	1	135
135	0	318
318	1	135
135	0	271
271	1	135
272	0	359
359	1	272
272	0	319
319	1	272
319	0	359
359	1	319
318	0	598
598	1	318
80	0	359
359	1	80
320	0	359
359	1	320
320	0	554
554	1	320
500	0	692
692	1	500
500	0	668
668	1	500
501	0	692
692	1	501
501	0	668
668	1	501
111	0	359
359	1	111
46	0	359
359	1	46
132	0	348
348	1	132
132	0	340
340	1	132
132	0	270
270	1	132
132	0	317
317	1	132
48	0	486
486	1	48
48	0	252
252	1	48
48	0	253
253	1	48
48	0	359
359	1	48
37	0	251
251	1	37
403	0	664
664	1	403
403	0	665
665	1	403
403	0	643
643	1	403
403	0	644
644	1	403
403	0	689
689	1	403
403	0	690
690	1	403
527	0	601
601	1	527
276	0	692
692	1	276
276	0	359
359	1	276
61	0	359
359	1	61
61	0	295
295	1	61
256	0	692
692	1	256
256	0	359
359	1	256
185	0	359
359	1	185
185	0	295
295	1	185
136	0	359
359	1	136
608	0	635
635	1	608
485	0	668
668	1	485
485	0	622
622	1	485
485	0	657
657	1	485
495	0	668
668	1	495
495	0	622
622	1	495
495	0	658
658	1	495
278	0	321
321	1	278
133	0	359
359	1	133
24	0	668
668	1	24
24	0	684
684	1	24
24	0	246
246	1	24
146	0	344
344	1	146
146	0	274
274	1	146
372	0	555
555	1	372
372	0	608
608	1	372
372	0	635
635	1	372
573	0	617
617	1	573
239	0	359
359	1	239
486	0	698
698	1	486
486	0	679
679	1	486
486	0	692
692	1	486
607	0	634
634	1	607
95	0	261
261	1	95
481	0	589
589	1	481
275	0	437
437	1	275
102	0	359
359	1	102
297	0	326
326	1	297
531	0	602
602	1	531
531	0	633
633	1	531
156	0	692
692	1	156
28	0	471
471	1	28
28	0	493
493	1	28
28	0	249
249	1	28
656	0	668
668	1	656
523	0	599
599	1	523
539	0	604
604	1	539
182	0	292
292	1	182
182	0	293
293	1	182
252	0	359
359	1	252
252	0	486
486	1	252
317	0	348
348	1	317
317	0	340
340	1	317
148	0	437
437	1	148
148	0	275
275	1	148
230	0	510
510	1	230
230	0	359
359	1	230
294	0	347
347	1	294
254	0	346
346	1	254
641	0	662
662	1	641
641	0	691
691	1	641
641	0	697
697	1	641
642	0	663
663	1	642
642	0	691
691	1	642
642	0	697
697	1	642
11	0	244
244	1	11
11	0	359
359	1	11
244	0	307
307	1	244
544	0	605
605	1	544
40	0	544
544	1	40
40	0	328
328	1	40
202	0	652
652	1	202
202	0	359
359	1	202
219	0	653
653	1	219
219	0	359
359	1	219
671	0	689
689	1	671
671	0	690
690	1	671
671	0	691
691	1	671
360	0	549
549	1	360
363	0	551
551	1	363
497	0	632
632	1	497
537	0	678
678	1	537
537	0	603
603	1	537
23	0	438
438	1	23
174	0	678
678	1	174
666	0	672
672	1	666
667	0	672
672	1	667
420	0	567
567	1	420
464	0	579
579	1	464
457	0	576
576	1	457
192	0	359
359	1	192
463	0	578
578	1	463
603	0	678
678	1	603
569	0	615
615	1	569
209	0	699
699	1	209
209	0	668
668	1	209
421	0	568
568	1	421
465	0	580
580	1	465
472	0	585
585	1	472
498	0	592
592	1	498
502	0	692
692	1	502
502	0	593
593	1	502
70	0	259
259	1	70
638	0	659
659	1	638
638	0	660
660	1	638
587	0	668
668	1	587
26	0	247
247	1	26
681	0	692
692	1	681
681	0	712
712	1	681
681	0	709
709	1	681
270	0	348
348	1	270
270	0	340
340	1	270
270	0	317
317	1	270
177	0	287
287	1	177
520	0	598
598	1	520
238	0	306
306	1	238
484	0	590
590	1	484
257	0	310
310	1	257
652	0	666
666	1	652
653	0	667
667	1	653
13	0	359
359	1	13
697	0	703
703	1	697
342	0	350
350	1	342
330	0	343
343	1	330
648	0	668
668	1	648
649	0	668
668	1	649
22	0	245
245	1	22
29	0	359
359	1	29
5	0	243
243	1	5
314	0	359
359	1	314
556	0	608
608	1	556
546	0	607
607	1	546
214	0	300
300	1	214
458	0	577
577	1	458
563	0	611
611	1	563
140	0	359
359	1	140
340	0	348
348	1	340
679	0	692
692	1	679
679	0	698
698	1	679
657	0	668
668	1	657
658	0	668
668	1	658
691	0	695
695	1	691
691	0	696
696	1	691
691	0	697
697	1	691
559	0	609
609	1	559
478	0	668
668	1	478
377	0	561
561	1	377
387	0	561
561	1	387
51	0	255
255	1	51
215	0	301
301	1	215
43	0	515
515	1	43
130	0	316
316	1	130
130	0	269
269	1	130
175	0	324
324	1	175
175	0	286
286	1	175
199	0	359
359	1	199
3	0	359
359	1	3
404	0	564
564	1	404
412	0	565
565	1	412
384	0	668
668	1	384
394	0	668
668	1	394
226	0	359
359	1	226
226	0	636
636	1	226
226	0	611
611	1	226
709	0	712
712	1	709
138	0	359
359	1	138
138	0	636
636	1	138
138	0	611
611	1	138
305	0	328
328	1	305
591	0	623
623	1	591
611	0	636
636	1	611
414	0	692
692	1	414
170	0	285
285	1	170
646	0	668
668	1	646
647	0	668
668	1	647
264	0	314
314	1	264
362	0	550
550	1	362
410	0	622
622	1	410
200	0	359
359	1	200
375	0	557
557	1	375
705	0	715
715	1	705
705	0	710
710	1	705
706	0	715
715	1	706
706	0	711
711	1	706
126	0	359
359	1	126
235	0	328
328	1	235
235	0	305
305	1	235
77	0	359
359	1	77
371	0	554
554	1	371
269	0	316
316	1	269
286	0	324
324	1	286
228	0	303
303	1	228
602	0	633
633	1	602
41	0	359
359	1	41
60	0	359
359	1	60
255	0	309
309	1	255
301	0	327
327	1	301
64	0	257
257	1	64
379	0	558
558	1	379
514	0	595
595	1	514
