2	10	0
2	10	1
2	10	2
2	10	3
2	9	4
2	9	5
2	9	6
2	9	7
2	9	8
2	18	0
2	18	9
3	6	10
4	36	11
4	36	12
4	36	13
4	37	14
5	14	15
5	14	16
5	14	17
8	18	22
8	18	23
8	9	24
8	9	25
11	13	30
11	13	31
13	13	33
13	13	34
16	11	36
16	11	37
16	13	38
16	13	39
17	12	40
17	12	41
19	6	47
19	14	48
19	14	49
20	10	50
20	10	51
21	18	52
21	18	53
22	10	54
22	10	55
22	10	56
22	10	57
22	9	58
22	9	59
23	14	60
23	5	61
23	5	62
24	98	63
24	98	64
25	13	65
25	13	66
25	12	67
25	12	68
26	5	69
26	5	70
26	6	71
26	6	72
26	14	73
27	68	74
27	68	75
28	6	76
28	6	77
28	14	78
28	14	79
30	10	80
30	10	81
31	34	82
33	27	83
33	27	84
34	6	10
34	5	85
35	11	12
35	13	86
37	27	87
38	85	88
40	102	91
42	12	92
42	13	93
43	20	94
44	7	95
44	68	96
45	6	97
45	14	98
45	5	99
46	10	100
46	9	101
47	18	102
47	9	101
49	13	103
50	28	104
50	28	105
52	13	106
54	20	108
55	10	109
55	9	110
55	9	111
56	10	112
56	9	113
57	6	12
57	43	114
58	10	115
58	9	116
58	9	117
59	49	118
59	49	119
61	49	120
61	49	121
62	36	122
62	60	123
64	27	124
65	42	12
66	49	12
66	49	125
69	14	126
70	13	127
72	27	129
73	9	130
74	49	12
74	49	125
76	6	12
76	14	132
76	5	133
77	36	134
78	6	135
80	3	101
80	18	136
80	9	137
83	5	139
85	35	144
85	17	145
85	40	146
86	28	147
86	28	148
87	84	149
88	27	12
90	11	12
90	12	151
90	13	152
91	13	153
91	13	154
91	13	155
91	12	156
92	13	157
93	10	158
93	9	159
96	42	88
96	46	162
96	46	163
98	9	165
98	10	166
99	13	167
99	13	168
99	13	169
99	12	170
100	38	12
100	38	171
102	10	173
102	9	174
104	6	175
104	14	176
104	5	177
105	28	178
105	28	179
106	5	180
107	28	12
107	28	181
108	59	182
108	49	183
108	49	12
110	10	186
110	9	187
111	14	188
111	5	189
113	9	131
113	18	10
114	11	191
115	7	95
115	68	96
116	34	192
116	34	193
118	10	194
118	9	195
120	12	198
120	11	12
120	13	199
123	38	202
123	38	203
124	141	204
124	142	205
126	14	208
126	14	209
126	14	210
130	14	213
130	14	214
131	18	215
131	9	216
132	10	217
132	9	218
134	34	219
135	10	12
135	18	220
135	9	221
137	52	222
137	53	223
138	13	224
140	18	225
140	9	226
141	6	227
141	5	228
141	5	229
143	28	147
143	28	230
144	14	231
145	49	232
146	34	233
148	49	237
148	59	238
149	10	239
149	9	240
149	9	241
151	36	243
153	27	245
154	28	12
154	28	246
155	52	247
155	53	248
156	28	249
157	19	12
157	31	250
157	20	251
161	14	254
162	14	255
162	6	256
164	6	12
164	14	258
164	5	259
166	5	131
167	13	260
168	11	261
169	6	262
169	14	12
170	64	215
171	12	113
171	13	263
174	10	265
174	9	266
175	14	267
175	14	268
176	14	269
177	28	270
177	28	271
178	20	272
179	12	229
179	13	273
180	9	274
180	10	166
181	20	88
181	31	275
182	37	276
182	36	277
183	28	105
183	28	278
184	7	95
184	68	96
185	49	279
185	49	280
186	42	12
186	48	281
188	13	286
188	12	287
189	28	288
189	28	289
191	19	12
191	20	292
192	13	293
195	9	297
195	9	298
195	10	12
196	49	299
197	13	300
199	15	302
201	49	303
201	49	304
202	48	305
202	41	306
202	42	307
204	16	221
205	57	12
205	96	308
208	14	309
209	28	310
209	28	311
210	6	312
210	14	313
210	5	314
211	38	315
212	14	101
213	10	316
213	9	317
214	25	318
216	11	12
216	13	319
217	18	10
217	9	101
219	48	321
219	41	322
219	42	307
220	13	323
221	42	12
222	6	12
222	43	324
223	12	229
223	13	325
226	43	326
226	14	224
227	84	149
231	29	327
232	38	328
233	48	329
234	13	330
235	102	331
238	13	334
239	28	335
239	28	336
240	42	12
241	13	337
241	12	4
242	13	338
242	12	4
243	20	15
243	20	16
243	20	17
245	52	339
245	52	340
246	86	141
246	86	341
246	65	342
247	14	73
248	41	101
248	41	343
248	46	344
248	46	345
249	27	346
249	78	347
250	23	85
251	28	87
252	15	348
254	49	349
254	49	350
256	4	351
256	9	117
257	43	352
257	6	353
258	21	12
258	22	221
258	22	308
258	22	354
259	3	101
260	21	12
260	22	221
260	22	308
260	22	354
262	18	166
262	4	355
262	10	356
262	9	357
263	49	12
263	49	358
264	28	178
264	28	179
265	13	359
265	13	360
265	11	12
266	14	361
267	42	12
267	46	362
268	5	164
269	48	213
270	14	217
271	57	12
272	72	363
272	73	308
273	13	364
273	11	12
273	12	365
274	10	366
274	10	367
274	4	368
274	9	369
274	3	370
275	49	237
275	59	238
276	4	371
276	9	241
277	11	372
277	13	243
278	87	373
278	72	374
279	6	12
279	43	250
279	14	251
281	13	255
281	11	256
282	10	375
282	9	131
283	13	376
284	28	112
285	101	215
286	48	268
287	10	271
287	3	377
288	16	229
289	18	166
289	4	378
289	10	379
289	9	380
290	18	88
290	9	381
291	74	88
292	57	277
292	57	382
293	84	277
294	49	383
294	49	384
295	18	166
295	4	385
295	4	386
295	9	387
295	9	388
296	6	12
296	14	389
297	38	304
298	52	390
298	52	391
298	52	392
298	52	393
299	38	394
299	38	395
299	38	396
300	25	397
302	43	398
302	14	399
302	5	400
303	20	12
303	20	401
303	19	12
303	31	402
304	13	403
305	27	331
305	27	404
305	27	405
306	9	406
306	9	131
306	18	10
306	10	10
306	10	407
307	14	408
307	14	409
308	6	410
308	6	411
310	13	412
310	13	353
311	28	12
311	28	413
311	28	414
312	28	12
312	28	415
312	28	416
313	49	417
313	49	418
313	49	166
314	27	178
314	44	179
315	68	419
315	7	12
316	13	420
317	14	217
318	22	221
318	22	354
319	72	421
319	73	308
320	6	227
320	5	229
320	14	422
320	14	365
321	28	373
322	27	423
322	78	424
323	9	101
323	3	425
323	3	426
323	3	427
323	3	131
324	13	428
325	49	166
325	49	429
325	49	430
326	18	304
329	5	431
329	6	10
330	10	166
330	4	355
331	18	12
331	18	289
331	18	432
331	9	159
331	9	433
331	9	434
331	9	187
331	9	435
331	9	436
332	18	12
332	18	437
332	9	438
333	18	12
333	4	439
333	9	440
333	9	441
333	10	12
334	18	12
334	3	113
335	18	12
335	3	113
336	18	12
336	10	10
336	3	131
337	18	12
337	10	362
338	18	12
338	4	442
338	9	443
339	18	12
339	9	444
340	48	217
341	18	445
341	9	113
342	10	166
342	4	378
343	49	417
343	49	418
343	49	166
344	10	12
344	10	446
344	10	447
344	10	141
344	10	448
344	10	449
344	10	234
344	10	450
344	10	367
344	10	451
344	10	452
344	10	453
344	10	3
344	10	454
344	10	455
344	9	456
344	9	101
344	9	4
344	9	457
344	9	458
344	9	459
344	9	110
344	9	460
344	9	461
344	9	462
344	9	182
344	9	463
344	9	435
344	9	436
344	3	464
344	3	4
344	3	465
344	3	111
344	3	435
344	3	436
344	4	368
344	4	466
344	18	12
344	18	467
344	18	432
344	18	289
345	28	12
346	10	468
346	3	113
346	9	469
347	10	470
347	3	113
347	9	469
348	13	217
349	9	131
349	18	10
350	49	166
350	49	429
350	49	430
351	24	12
352	24	12
353	42	367
353	46	471
355	27	12
356	28	12
356	28	105
356	28	472
356	28	473
356	28	474
357	38	12
357	38	105
357	38	473
358	38	12
358	38	105
358	38	473
359	15	475
359	15	113
359	15	476
359	15	477
359	15	478
359	15	479
359	15	480
359	15	481
359	15	482
359	15	483
359	15	484
359	15	485
359	15	486
359	15	487
359	15	488
359	15	489
359	15	490
359	15	491
359	15	492
359	15	493
359	15	494
359	15	495
359	15	496
359	15	497
359	15	498
359	15	157
359	15	499
359	15	500
359	15	501
359	15	502
359	15	503
359	15	504
359	15	505
359	15	506
359	15	507
359	15	88
359	15	508
359	15	509
359	15	510
359	15	511
359	15	512
359	15	513
359	15	514
359	15	515
359	15	516
359	15	517
359	15	518
359	15	519
359	15	520
359	15	521
359	15	522
359	15	523
359	15	524
359	15	525
359	15	526
359	15	527
359	15	364
359	15	528
359	15	529
359	15	530
359	15	531
359	15	532
359	15	533
359	15	534
359	15	535
359	15	101
359	15	536
359	15	358
359	15	189
359	15	537
359	15	538
359	15	539
359	15	540
359	15	541
359	15	542
359	15	543
359	15	544
359	15	545
359	15	546
359	15	151
359	15	547
359	15	548
359	15	549
359	15	550
359	15	551
359	15	552
359	15	553
359	15	554
359	15	555
359	15	556
359	15	156
359	15	557
359	15	558
359	15	559
359	15	560
359	15	561
359	15	562
359	15	563
359	15	564
359	15	565
359	15	566
359	15	567
359	15	568
359	15	569
359	15	570
359	15	571
359	15	106
359	15	572
359	15	573
359	15	574
359	15	575
359	15	576
359	15	348
359	15	577
359	15	578
359	15	579
359	15	580
359	15	581
359	15	582
359	15	170
359	15	583
359	15	584
359	15	585
359	15	12
359	15	586
359	15	587
359	15	588
359	15	589
359	15	590
359	15	286
359	15	591
359	15	592
359	15	593
359	15	594
359	15	595
359	15	596
359	15	597
359	15	598
359	15	599
359	15	600
359	15	288
359	15	82
359	15	601
359	15	602
359	15	8
359	15	603
359	15	604
359	15	605
359	15	141
359	15	606
359	15	607
359	15	608
359	15	609
359	15	610
359	15	611
359	15	612
359	15	613
359	15	614
359	15	615
359	15	616
359	15	617
359	15	618
359	15	619
359	15	620
359	15	621
359	15	622
359	15	623
359	15	624
359	15	625
359	15	626
359	15	627
359	15	628
359	15	629
359	15	630
359	15	631
359	15	632
359	15	633
359	15	634
359	15	635
359	15	636
359	15	637
359	15	638
359	15	639
359	15	640
359	15	641
359	15	642
359	15	643
359	15	644
359	15	645
359	15	646
359	15	647
359	15	648
359	15	649
359	15	650
359	15	651
359	15	652
359	15	653
359	15	654
359	15	655
359	15	656
359	15	657
359	15	658
359	15	659
359	15	660
359	15	661
359	15	662
359	15	375
359	15	663
359	15	664
359	15	665
359	15	666
359	15	667
359	15	668
359	15	669
359	15	409
359	15	670
359	15	671
359	15	672
359	15	673
359	15	674
359	15	675
359	15	676
359	15	677
359	15	678
359	15	679
359	15	680
359	15	681
359	15	682
359	15	683
359	15	684
359	15	685
359	15	686
359	15	687
359	15	203
359	15	688
359	15	689
359	15	690
359	15	92
359	15	691
359	15	692
359	15	693
359	15	694
359	15	695
359	15	696
359	15	697
359	15	698
359	15	699
359	15	219
359	15	700
359	15	701
359	15	702
359	15	703
359	15	704
359	15	705
359	15	706
359	15	707
359	15	708
359	15	709
359	15	710
359	15	711
359	15	319
359	15	712
359	15	713
359	15	714
359	15	715
359	15	716
359	15	717
359	15	718
359	15	719
359	15	720
359	15	721
359	15	722
359	15	723
359	15	724
359	15	725
359	15	726
359	15	727
359	15	728
359	15	729
359	15	730
359	15	731
359	15	732
359	15	733
359	15	734
359	15	735
359	15	736
359	15	737
359	15	738
359	15	739
359	15	740
359	15	741
359	15	103
359	24	486
359	24	742
359	24	743
359	24	744
359	24	491
359	24	745
359	24	746
359	24	747
359	24	748
359	24	97
359	24	749
359	24	750
359	24	751
359	24	37
359	24	88
359	24	22
359	24	752
359	24	753
359	24	367
359	24	754
359	24	202
359	24	755
359	24	756
359	24	757
359	24	758
359	24	759
359	24	760
359	24	761
359	24	101
359	24	762
359	24	763
359	24	764
359	24	410
359	24	765
359	24	766
359	24	767
359	24	149
359	24	768
359	24	0
359	24	769
359	24	770
359	24	771
359	24	772
359	24	773
359	24	774
359	24	775
359	24	776
359	24	777
359	24	52
359	24	329
359	24	778
359	24	779
359	24	780
359	24	781
359	24	782
359	24	783
359	24	53
359	24	784
359	24	785
359	24	12
359	24	588
359	24	786
359	24	787
359	24	788
359	24	789
359	24	790
359	24	791
359	24	23
359	24	792
359	24	95
359	24	793
359	24	794
359	24	795
359	24	796
359	24	797
359	24	798
359	24	799
359	24	800
359	24	801
359	24	802
359	24	803
359	24	804
359	24	805
359	24	175
359	24	806
359	24	807
359	24	808
359	24	809
359	24	810
359	24	690
359	24	811
359	24	812
359	24	411
359	24	813
359	24	814
359	24	815
359	24	816
359	24	817
359	24	48
359	24	312
359	24	49
359	24	818
359	24	819
359	24	135
359	24	820
359	24	36
359	24	821
359	24	822
359	16	113
359	16	823
359	16	824
359	16	825
359	16	826
359	16	133
359	16	827
359	16	828
359	16	829
359	16	830
359	16	831
359	16	832
359	16	833
359	16	180
359	16	7
359	16	834
359	16	835
359	16	836
359	16	837
359	16	40
359	16	41
359	16	101
359	16	838
359	16	165
359	16	544
359	16	839
359	16	840
359	16	461
359	16	229
359	16	841
359	16	842
359	16	843
359	16	844
359	16	459
359	16	845
359	16	589
359	16	846
359	16	440
359	16	847
359	16	848
359	16	849
359	16	25
359	16	850
359	16	851
359	16	852
359	16	604
359	16	137
359	16	853
359	16	854
359	16	67
359	16	182
359	16	159
359	16	855
359	16	314
359	16	856
359	16	857
359	16	858
359	16	859
359	16	860
359	16	861
359	16	862
359	16	863
359	16	274
359	16	99
359	16	864
359	16	865
359	16	24
359	16	866
359	16	661
359	16	867
359	16	868
359	16	869
359	16	347
359	16	870
359	16	871
359	16	872
359	16	873
359	16	874
359	16	875
359	16	177
359	16	876
359	16	877
359	16	878
359	16	879
359	16	308
359	16	131
359	16	68
359	16	880
359	16	881
359	16	463
359	16	882
359	16	883
359	16	4
359	16	884
359	16	885
359	16	886
359	16	887
359	16	888
359	16	889
359	16	890
359	16	891
359	16	892
359	16	893
359	16	187
359	16	894
359	16	851
359	16	101
359	16	113
359	16	895
359	16	853
359	16	823
359	16	182
359	16	896
359	16	548
359	16	879
359	16	131
359	16	839
359	16	897
359	16	314
359	16	898
359	16	365
359	16	899
359	16	900
359	16	860
359	16	133
359	16	219
359	16	827
359	16	841
359	16	842
359	16	882
359	16	830
359	16	901
359	16	902
359	16	4
359	16	444
359	16	177
359	16	843
359	16	99
359	16	180
359	16	6
359	16	903
359	16	462
359	16	904
359	16	905
359	16	845
359	16	867
359	16	906
359	16	907
359	16	347
359	16	870
359	16	835
359	16	440
359	16	908
359	16	909
359	16	847
359	16	892
359	16	910
359	16	82
359	16	911
359	16	874
359	16	533
359	16	8
359	25	912
359	25	913
359	25	914
359	25	915
359	25	916
359	25	917
359	25	918
359	25	919
359	25	920
359	25	921
359	25	922
359	25	923
359	25	924
359	25	925
359	25	926
359	25	927
359	25	928
359	25	929
359	25	930
359	25	931
359	25	96
359	25	932
359	25	933
359	25	934
359	25	935
359	25	936
359	25	937
359	25	938
359	25	939
359	25	940
359	25	941
359	25	942
359	25	943
359	25	944
359	25	945
359	25	946
359	25	275
359	25	947
359	25	948
359	25	949
359	25	950
359	25	951
359	25	398
359	25	952
359	26	953
359	26	954
359	26	955
359	26	956
359	26	957
359	26	958
359	26	471
359	26	920
359	26	959
359	26	114
359	26	960
359	26	961
359	26	962
359	26	963
359	26	926
359	26	964
359	26	965
359	26	966
359	26	967
359	26	968
359	26	930
359	26	969
359	26	970
359	26	971
359	26	972
359	26	973
359	26	974
359	26	940
359	26	941
359	26	975
359	26	976
359	26	943
359	26	977
359	26	978
359	26	979
359	26	980
359	26	981
359	26	324
359	26	948
359	26	982
359	26	983
359	26	984
359	26	985
359	26	398
359	16	604
359	16	589
359	16	869
359	16	99
359	16	314
359	16	133
359	16	177
359	16	986
359	16	852
359	16	101
359	16	987
359	16	113
359	16	308
359	16	988
359	16	221
359	16	989
359	16	990
359	16	101
359	16	869
359	16	991
359	16	987
359	16	113
359	16	41
359	16	133
359	16	992
359	16	993
359	16	994
359	16	995
359	16	381
359	16	40
359	16	841
359	16	308
360	20	996
361	38	997
361	38	998
362	72	999
362	73	113
363	20	1000
365	19	12
365	31	948
365	23	908
365	20	1001
366	13	1002
367	19	12
367	20	1003
368	84	12
369	52	1004
369	52	1005
370	18	1006
370	18	1007
370	18	1008
370	18	1009
370	18	1010
370	18	1011
370	9	1012
371	10	97
371	10	12
371	10	312
371	10	175
371	9	637
371	9	485
371	9	726
371	9	626
372	19	12
372	31	914
372	23	905
372	20	1013
373	4	442
373	10	1014
373	9	1015
374	31	926
374	23	828
374	23	868
374	20	663
374	20	1016
374	20	478
374	20	479
374	20	657
374	20	409
374	20	1017
374	20	716
374	20	613
374	19	818
377	28	1018
377	28	1019
378	31	930
378	23	826
378	20	1020
380	19	12
380	31	946
380	23	113
380	20	1021
381	28	1022
381	28	1023
382	78	1024
382	27	542
383	49	1025
383	49	752
384	14	1026
385	19	12
385	31	945
385	23	860
385	20	489
386	28	1027
387	28	1018
387	28	1019
388	10	1028
388	9	872
390	9	1029
391	11	1030
391	13	1031
392	48	12
394	14	1032
395	56	1033
395	57	788
396	21	1034
396	22	113
397	20	1035
398	28	1036
398	28	1037
398	28	1038
399	9	1039
400	36	1040
401	10	12
401	9	726
402	28	166
403	18	1041
403	18	1042
403	3	113
404	38	1043
405	14	1044
406	10	1045
406	10	1046
406	9	1047
406	9	1048
407	71	113
407	28	1049
407	28	1050
408	13	1051
410	72	372
410	72	1052
412	38	1053
413	14	1054
414	84	12
415	6	1055
415	14	1056
415	5	113
416	10	1057
417	28	1058
417	28	1059
418	32	1060
418	109	1061
419	10	1062
419	9	1012
420	10	1063
420	4	1064
420	9	195
421	14	1065
422	38	1066
422	38	1067
423	20	1068
423	19	821
424	10	1069
424	9	1070
425	38	1071
425	38	1072
428	28	1073
429	49	1074
429	59	113
430	90	1075
430	64	88
431	38	1076
431	38	50
431	38	51
431	38	1077
432	49	1078
432	49	1079
433	28	1080
433	28	1081
434	60	101
434	36	1082
434	37	1083
436	28	281
437	10	1084
437	10	1085
437	9	1086
438	85	60
439	73	1087
439	87	1088
439	72	1089
439	72	1090
439	72	1091
440	28	1092
440	28	1093
441	23	462
441	20	1094
442	9	101
443	28	1095
444	18	1096
444	18	1097
444	18	1098
444	10	1099
444	9	4
445	31	1100
445	20	585
447	32	1101
447	109	1102
448	10	1103
448	9	1012
449	10	1104
449	9	101
450	56	1105
451	38	1106
451	38	289
452	38	1107
452	38	432
453	49	1108
453	59	113
454	18	122
454	9	101
455	28	1109
455	28	1
456	10	1110
456	9	101
457	27	1111
458	14	1112
459	18	1113
459	3	1114
460	28	696
460	28	1018
461	28	1115
461	28	1116
462	28	1080
462	28	1117
463	10	1118
464	10	1119
464	4	1120
464	9	317
465	14	1121
466	38	1122
466	38	1123
467	18	1124
467	18	1125
467	9	4
468	38	585
468	38	1126
469	38	585
469	38	1127
470	10	12
470	3	444
471	49	12
471	49	1128
472	6	53
472	14	1129
472	5	41
473	49	12
473	49	1130
473	49	1131
474	19	770
474	20	572
475	11	12
475	13	1132
476	38	12
477	18	1133
477	3	101
478	62	12
479	6	36
479	14	1134
480	5	1135
480	5	1136
480	6	12
480	14	1137
481	49	1138
481	49	215
481	59	131
482	65	12
483	9	101
483	18	1139
484	10	743
485	11	12
485	13	1140
486	28	1141
486	28	88
487	6	37
487	14	1142
488	3	433
488	3	434
488	10	141
489	18	1143
489	18	1144
489	10	586
489	10	1145
490	11	12
490	13	299
491	10	1146
491	3	834
492	19	12
492	20	1147
493	49	12
493	49	1128
494	10	1148
494	9	1149
494	9	113
495	11	12
495	13	1150
496	24	1151
496	25	1152
496	15	101
497	14	1153
497	5	113
498	6	52
498	14	1154
498	5	40
499	14	649
500	35	1155
500	17	12
501	84	12
502	20	612
502	20	713
503	20	1156
503	20	323
504	42	1157
505	42	1158
506	10	650
506	9	911
507	20	166
508	13	1159
509	28	1160
510	34	1161
512	13	1162
513	38	12
514	20	1163
514	19	256
515	52	1164
515	77	1165
516	57	1166
516	57	1167
517	6	646
518	13	1168
519	49	1169
519	49	1170
520	65	329
521	13	1171
522	13	1172
523	18	10
523	9	131
524	36	1173
524	37	1174
525	20	1175
526	19	12
526	20	1176
526	31	943
526	23	113
527	32	1177
527	32	1178
527	32	1179
527	32	1180
528	46	1181
528	46	1182
528	46	1183
528	46	1184
529	28	404
529	28	1185
530	28	404
530	28	1186
532	42	1187
532	46	1188
532	46	1189
533	18	10
533	9	131
534	27	1190
535	14	1191
536	20	1192
537	20	1193
538	5	1194
538	6	1195
539	10	1196
539	3	1197
541	49	1198
541	49	1199
542	5	1200
542	6	1201
543	14	1202
544	18	91
544	3	1203
545	10	1204
545	18	1204
545	4	1205
546	37	1206
546	37	1207
546	36	1208
547	13	1209
548	13	1210
549	10	1211
549	9	1212
550	32	1213
550	32	1214
550	108	1215
551	10	1216
551	9	1217
552	64	12
553	10	766
553	9	846
554	20	1218
555	94	12
557	20	1219
557	19	202
559	13	1220
560	10	12
560	4	1221
560	9	1222
561	32	1223
561	32	1224
561	32	1225
561	32	1226
562	27	12
563	74	788
563	62	1227
563	62	141
564	38	1228
564	38	1229
564	38	666
565	38	1229
565	38	648
565	38	1230
566	10	446
566	3	113
566	18	446
566	9	110
567	38	395
568	13	1065
569	10	1231
569	4	1232
569	9	1070
570	18	50
570	18	51
570	9	1233
570	9	1234
571	38	1076
572	38	1077
573	10	1235
573	9	4
573	18	1236
574	49	1237
575	28	520
575	28	432
576	28	1238
577	20	1112
578	45	1239
578	67	192
578	110	193
579	38	396
580	13	1121
581	13	1240
581	12	1241
582	13	1242
582	12	1243
583	10	1244
583	10	1245
583	3	4
583	3	1246
584	10	1247
584	10	1248
584	3	1249
584	3	4
585	13	1250
586	6	12
586	14	3
586	5	4
587	13	1251
587	12	1252
588	32	1253
588	32	1254
588	32	1255
588	32	1256
588	32	1257
588	32	1258
588	32	1259
589	10	375
589	3	131
590	6	743
590	14	743
591	18	1260
591	10	1261
591	9	834
592	13	1262
593	72	12
593	73	1263
593	73	1264
594	28	1160
595	13	1265
596	60	101
596	37	1266
596	37	1267
596	37	1268
596	37	1269
596	37	1270
596	37	1271
596	36	1272
596	36	1167
596	36	1273
596	36	1274
596	36	1275
596	36	1276
596	36	1277
596	36	1166
596	36	166
597	32	1278
598	22	1279
598	22	101
598	22	1280
598	22	1281
598	22	1282
598	22	988
598	22	1283
598	22	1284
598	22	221
598	22	1285
598	21	141
598	21	1286
598	21	1287
598	21	1288
598	21	1289
598	21	1290
598	21	1291
598	21	1292
599	6	10
599	5	131
600	13	1293
601	48	1294
601	48	1295
601	42	1296
601	42	1297
602	53	1298
602	53	1299
602	53	1300
603	10	1301
603	9	1302
604	10	166
604	9	521
605	3	1203
605	10	1303
605	9	1304
606	38	1204
606	38	1022
607	38	12
607	38	1208
608	11	12
608	13	719
609	20	1220
610	49	778
610	49	12
610	59	1305
611	74	788
612	38	1229
612	38	1228
613	38	666
613	38	648
614	38	1229
614	38	1230
615	38	394
616	18	1306
616	18	1307
616	4	1233
616	4	1234
616	9	1308
616	9	1309
616	10	1310
616	10	1311
617	9	4
617	10	1312
618	14	1240
618	5	1241
619	14	1242
619	5	1243
620	10	12
620	4	1313
620	4	1314
620	9	4
621	4	1315
621	4	627
621	4	1316
621	4	504
621	9	4
621	10	12
622	64	372
622	64	12
622	64	1052
622	90	1317
622	90	1318
622	113	1319
622	113	1320
623	52	1146
623	53	834
624	49	1321
625	28	1322
626	27	1323
627	28	1022
627	28	1324
628	28	1022
628	28	1325
629	4	1326
629	9	1327
629	9	1283
630	14	1328
632	28	1329
632	28	1330
632	71	113
633	53	1331
634	49	12
634	59	1332
635	64	12
636	14	658
636	5	839
637	2	1233
637	2	1234
638	10	141
638	9	1308
638	9	1309
639	61	1333
639	77	1241
640	61	1334
640	77	1243
641	11	12
641	13	1335
642	11	12
642	13	1336
643	18	1337
643	4	1313
644	18	1338
644	4	1314
645	103	1315
645	103	1316
645	77	4
645	52	1339
645	52	1340
646	22	101
647	22	101
648	50	12
649	50	12
651	49	1341
651	49	12
651	49	1342
652	27	12
653	27	12
654	9	1343
654	9	1344
654	9	1345
654	10	1346
654	10	1347
655	90	1348
655	64	12
656	28	1349
656	28	12
657	38	12
658	38	12
659	10	50
659	9	1308
660	10	51
660	9	1309
661	52	1350
661	52	1351
661	52	147
661	53	1243
661	53	1241
662	13	1352
662	11	12
663	13	1353
663	11	12
664	4	1313
665	4	1314
666	28	1354
666	28	12
667	28	12
667	28	1355
668	65	1356
668	65	12
668	65	778
668	65	1357
668	65	1358
668	65	88
668	86	12
668	86	1359
668	86	1360
668	86	1361
668	86	1362
668	86	1363
668	86	1364
668	86	1365
668	86	1366
668	98	12
668	66	101
669	18	50
669	9	1367
670	18	51
670	9	1368
671	28	635
671	28	12
671	28	587
672	70	1369
672	70	1370
673	27	1371
674	28	1372
675	65	1357
676	27	1361
677	10	12
677	3	458
678	17	1301
678	17	265
678	17	12
678	40	1302
678	40	266
679	66	1373
679	86	1374
679	65	88
680	85	12
681	28	12
681	28	1359
683	10	12
683	10	289
683	10	432
683	4	1375
683	4	1376
684	28	1377
685	49	1378
686	98	1379
687	18	50
687	9	1380
687	9	1381
688	18	51
688	9	1382
688	9	1383
689	14	141
690	14	141
691	49	12
691	49	1245
691	49	1248
691	49	1247
691	49	1244
692	85	12
692	85	1384
692	85	191
692	85	1385
692	85	1386
692	85	88
692	85	1387
692	93	1374
692	93	1359
692	93	1360
692	93	1388
692	93	1389
692	93	249
692	116	101
692	116	113
693	18	432
693	9	435
694	18	289
694	9	436
695	6	12
695	14	1335
696	6	12
696	14	1336
697	10	12
697	3	1390
697	3	1391
697	9	4
698	50	12
698	50	88
698	92	1360
699	9	1392
699	9	1393
699	9	1394
699	9	1395
699	9	1396
699	9	1397
699	9	1398
699	10	12
699	10	300
700	28	12
700	28	1399
701	72	1385
701	72	1384
701	72	1387
702	54	289
702	54	432
703	18	1400
703	18	1401
703	18	1402
703	18	1403
703	9	4
703	4	1313
703	4	1314
704	101	12
705	27	289
705	44	23
706	27	432
706	44	22
707	18	1403
708	18	1401
709	72	12
710	3	436
710	18	289
711	3	435
711	18	432
712	84	12
713	10	288
713	3	436
713	9	1404
714	10	1405
714	3	435
714	9	1406
715	28	1407
715	28	432
715	28	289
715	28	1408
