3	0	5
5	1	3
3	0	14
14	1	3
3	0	17
17	1	3
3	0	16
16	1	3
3	0	12
12	1	3
3	0	21
21	1	3
3	0	15
15	1	3
3	0	7
7	1	3
3	0	9
9	1	3
5	0	17
17	1	5
5	0	13
13	1	5
5	0	10
10	1	5
5	0	15
15	1	5
5	0	14
14	1	5
5	0	16
16	1	5
5	0	21
21	1	5
5	0	7
7	1	5
5	0	12
12	1	5
5	0	9
9	1	5
5	0	6
6	1	5
8	0	17
17	1	8
8	0	11
11	1	8
11	0	17
17	1	11
2	0	17
17	1	2
2	0	12
12	1	2
2	0	15
15	1	2
2	0	14
14	1	2
2	0	9
9	1	2
12	0	17
17	1	12
12	0	21
21	1	12
12	0	14
14	1	12
12	0	16
16	1	12
12	0	15
15	1	12
9	0	17
17	1	9
9	0	14
14	1	9
9	0	16
16	1	9
9	0	21
21	1	9
9	0	15
15	1	9
9	0	12
12	1	9
7	0	17
17	1	7
7	0	8
8	1	7
7	0	11
11	1	7
7	0	14
14	1	7
7	0	16
16	1	7
7	0	21
21	1	7
7	0	12
12	1	7
7	0	9
9	1	7
7	0	15
15	1	7
7	0	13
13	1	7
7	0	10
10	1	7
6	0	17
17	1	6
6	0	16
16	1	6
6	0	21
21	1	6
6	0	15
15	1	6
6	0	7
7	1	6
6	0	12
12	1	6
6	0	14
14	1	6
4	0	17
17	1	4
17	0	21
21	1	17
17	0	20
20	1	17
17	0	18
18	1	17
17	0	19
19	1	17
14	0	17
17	1	14
14	0	16
16	1	14
14	0	21
21	1	14
14	0	15
15	1	14
16	0	17
17	1	16
16	0	21
21	1	16
15	0	16
16	1	15
15	0	17
17	1	15
15	0	21
21	1	15
10	0	17
17	1	10
10	0	13
13	1	10
18	0	20
20	1	18
13	0	17
17	1	13
19	0	21
21	1	19
