51	0	69
69	1	51
51	0	80
80	1	51
51	0	58
58	1	51
51	0	68
68	1	51
51	0	77
77	1	51
51	0	78
78	1	51
51	0	75
75	1	51
51	0	70
70	1	51
51	0	72
72	1	51
51	0	74
74	1	51
51	0	94
94	1	51
5	0	69
69	1	5
5	0	51
51	1	5
69	0	70
70	1	69
69	0	71
71	1	69
69	0	72
72	1	69
69	0	73
73	1	69
69	0	107
107	1	69
69	0	122
122	1	69
69	0	74
74	1	69
69	0	75
75	1	69
69	0	108
108	1	69
69	0	130
130	1	69
69	0	129
129	1	69
69	0	112
112	1	69
69	0	76
76	1	69
69	0	103
103	1	69
69	0	104
104	1	69
69	0	128
128	1	69
69	0	120
120	1	69
69	0	77
77	1	69
69	0	101
101	1	69
69	0	78
78	1	69
69	0	102
102	1	69
69	0	79
79	1	69
69	0	116
116	1	69
69	0	80
80	1	69
69	0	125
125	1	69
69	0	123
123	1	69
69	0	124
124	1	69
69	0	119
119	1	69
69	0	81
81	1	69
69	0	82
82	1	69
69	0	83
83	1	69
69	0	121
121	1	69
69	0	84
84	1	69
69	0	127
127	1	69
69	0	85
85	1	69
69	0	86
86	1	69
69	0	109
109	1	69
69	0	87
87	1	69
69	0	110
110	1	69
69	0	88
88	1	69
69	0	89
89	1	69
69	0	114
114	1	69
69	0	90
90	1	69
69	0	91
91	1	69
69	0	92
92	1	69
69	0	117
117	1	69
69	0	93
93	1	69
69	0	113
113	1	69
69	0	111
111	1	69
69	0	94
94	1	69
69	0	95
95	1	69
69	0	115
115	1	69
69	0	96
96	1	69
69	0	97
97	1	69
69	0	118
118	1	69
69	0	98
98	1	69
69	0	126
126	1	69
69	0	99
99	1	69
69	0	100
100	1	69
62	0	69
69	1	62
62	0	67
67	1	62
62	0	64
64	1	62
62	0	68
68	1	62
62	0	125
125	1	62
62	0	65
65	1	62
62	0	66
66	1	62
65	0	69
69	1	65
65	0	67
67	1	65
3	0	116
116	1	3
3	0	58
58	1	3
3	0	69
69	1	3
4	0	69
69	1	4
33	0	51
51	1	33
33	0	69
69	1	33
19	0	50
50	1	19
19	0	40
40	1	19
40	0	50
50	1	40
26	0	60
60	1	26
26	0	63
63	1	26
26	0	59
59	1	26
26	0	52
52	1	26
26	0	43
43	1	26
43	0	63
63	1	43
43	0	59
59	1	43
43	0	52
52	1	43
28	0	45
45	1	28
6	0	36
36	1	6
6	0	47
47	1	6
6	0	56
56	1	6
30	0	108
108	1	30
30	0	123
123	1	30
30	0	124
124	1	30
30	0	115
115	1	30
30	0	69
69	1	30
30	0	86
86	1	30
16	0	119
119	1	16
16	0	69
69	1	16
16	0	99
99	1	16
99	0	119
119	1	99
32	0	69
69	1	32
2	0	46
46	1	2
2	0	69
69	1	2
2	0	53
53	1	2
2	0	61
61	1	2
2	0	35
35	1	2
2	0	55
55	1	2
82	0	103
103	1	82
20	0	69
69	1	20
20	0	103
103	1	20
20	0	82
82	1	20
20	0	83
83	1	20
20	0	121
121	1	20
83	0	121
121	1	83
83	0	104
104	1	83
83	0	105
105	1	83
83	0	106
106	1	83
12	0	70
70	1	12
12	0	51
51	1	12
70	0	101
101	1	70
13	0	72
72	1	13
13	0	51
51	1	13
72	0	102
102	1	72
25	0	69
69	1	25
25	0	85
85	1	25
25	0	107
107	1	25
25	0	68
68	1	25
25	0	42
42	1	25
18	0	49
49	1	18
18	0	69
69	1	18
18	0	39
39	1	18
49	0	57
57	1	49
49	0	69
69	1	49
39	0	57
57	1	39
39	0	69
69	1	39
39	0	49
49	1	39
57	0	62
62	1	57
116	0	125
125	1	116
116	0	126
126	1	116
66	0	69
69	1	66
66	0	125
125	1	66
66	0	68
68	1	66
23	0	51
51	1	23
23	0	75
75	1	23
23	0	41
41	1	23
23	0	69
69	1	23
86	0	108
108	1	86
86	0	109
109	1	86
111	0	130
130	1	111
111	0	129
129	1	111
111	0	124
124	1	111
124	0	130
130	1	124
124	0	129
129	1	124
7	0	37
37	1	7
7	0	48
48	1	7
11	0	130
130	1	11
11	0	81
81	1	11
11	0	69
69	1	11
17	0	76
76	1	17
17	0	38
38	1	17
17	0	69
69	1	17
46	0	53
53	1	46
46	0	61
61	1	46
46	0	69
69	1	46
46	0	54
54	1	46
46	0	55
55	1	46
9	0	84
84	1	9
9	0	121
121	1	9
9	0	105
105	1	9
9	0	117
117	1	9
9	0	83
83	1	9
9	0	97
97	1	9
9	0	69
69	1	9
97	0	127
127	1	97
97	0	117
117	1	97
117	0	127
127	1	117
27	0	69
69	1	27
27	0	116
116	1	27
27	0	44
44	1	27
44	0	69
69	1	44
44	0	116
116	1	44
68	0	125
125	1	68
68	0	85
85	1	68
34	0	69
69	1	34
34	0	112
112	1	34
42	0	85
85	1	42
42	0	107
107	1	42
42	0	69
69	1	42
42	0	68
68	1	42
87	0	124
124	1	87
87	0	110
110	1	87
87	0	111
111	1	87
129	0	130
130	1	129
29	0	92
92	1	29
29	0	113
113	1	29
41	0	51
51	1	41
41	0	75
75	1	41
37	0	48
48	1	37
100	0	128
128	1	100
100	0	120
120	1	100
108	0	123
123	1	108
108	0	129
129	1	108
52	0	63
63	1	52
52	0	59
59	1	52
52	0	60
60	1	52
67	0	69
69	1	67
22	0	69
69	1	22
22	0	68
68	1	22
22	0	85
85	1	22
22	0	107
107	1	22
22	0	42
42	1	22
110	0	124
124	1	110
35	0	46
46	1	35
35	0	61
61	1	35
35	0	55
55	1	35
38	0	76
76	1	38
96	0	116
116	1	96
59	0	63
63	1	59
98	0	118
118	1	98
36	0	56
56	1	36
36	0	47
47	1	36
94	0	115
115	1	94
107	0	122
122	1	107
15	0	69
69	1	15
81	0	130
130	1	81
120	0	128
128	1	120
47	0	56
56	1	47
105	0	121
121	1	105
55	0	61
61	1	55
88	0	112
112	1	88
115	0	124
124	1	115
92	0	113
113	1	92
93	0	114
114	1	93
85	0	107
107	1	85
