172	0	209
209	1	172
172	0	191
191	1	172
172	0	488
488	1	172
172	0	521
521	1	172
172	0	539
539	1	172
172	0	221
221	1	172
172	0	388
388	1	172
172	0	203
203	1	172
172	0	389
389	1	172
172	0	192
192	1	172
172	0	193
193	1	172
172	0	194
194	1	172
172	0	468
468	1	172
172	0	344
344	1	172
2	0	209
209	1	2
2	0	210
210	1	2
2	0	449
449	1	2
174	0	412
412	1	174
174	0	363
363	1	174
174	0	359
359	1	174
174	0	410
410	1	174
174	0	442
442	1	174
174	0	209
209	1	174
174	0	207
207	1	174
174	0	196
196	1	174
174	0	204
204	1	174
174	0	197
197	1	174
191	0	209
209	1	191
191	0	442
442	1	191
176	0	209
209	1	176
176	0	468
468	1	176
176	0	479
479	1	176
176	0	439
439	1	176
176	0	454
454	1	176
27	0	209
209	1	27
27	0	215
215	1	27
27	0	157
157	1	27
190	0	209
209	1	190
190	0	202
202	1	190
190	0	482
482	1	190
189	0	209
209	1	189
189	0	202
202	1	189
189	0	482
482	1	189
36	0	209
209	1	36
36	0	449
449	1	36
36	0	442
442	1	36
44	0	209
209	1	44
44	0	368
368	1	44
44	0	277
277	1	44
54	0	209
209	1	54
54	0	252
252	1	54
54	0	468
468	1	54
68	0	209
209	1	68
292	0	378
378	1	292
292	0	488
488	1	292
86	0	209
209	1	86
86	0	211
211	1	86
86	0	157
157	1	86
164	0	209
209	1	164
164	0	488
488	1	164
129	0	209
209	1	129
129	0	330
330	1	129
129	0	433
433	1	129
209	0	488
488	1	209
209	0	210
210	1	209
209	0	538
538	1	209
209	0	548
548	1	209
209	0	381
381	1	209
209	0	539
539	1	209
209	0	449
449	1	209
209	0	524
524	1	209
209	0	507
507	1	209
209	0	211
211	1	209
209	0	414
414	1	209
209	0	357
357	1	209
209	0	212
212	1	209
209	0	468
468	1	209
209	0	402
402	1	209
209	0	213
213	1	209
209	0	349
349	1	209
209	0	214
214	1	209
209	0	442
442	1	209
209	0	508
508	1	209
209	0	215
215	1	209
209	0	216
216	1	209
209	0	400
400	1	209
209	0	459
459	1	209
209	0	217
217	1	209
209	0	218
218	1	209
209	0	219
219	1	209
209	0	220
220	1	209
209	0	351
351	1	209
209	0	512
512	1	209
209	0	527
527	1	209
209	0	404
404	1	209
209	0	533
533	1	209
209	0	416
416	1	209
209	0	440
440	1	209
209	0	221
221	1	209
209	0	222
222	1	209
209	0	373
373	1	209
209	0	223
223	1	209
209	0	224
224	1	209
209	0	225
225	1	209
209	0	460
460	1	209
209	0	226
226	1	209
209	0	227
227	1	209
209	0	228
228	1	209
209	0	386
386	1	209
209	0	229
229	1	209
209	0	383
383	1	209
209	0	230
230	1	209
209	0	231
231	1	209
209	0	232
232	1	209
209	0	366
366	1	209
209	0	233
233	1	209
209	0	403
403	1	209
209	0	234
234	1	209
209	0	367
367	1	209
209	0	235
235	1	209
209	0	514
514	1	209
209	0	495
495	1	209
209	0	513
513	1	209
209	0	451
451	1	209
209	0	497
497	1	209
209	0	236
236	1	209
209	0	405
405	1	209
209	0	237
237	1	209
209	0	353
353	1	209
209	0	238
238	1	209
209	0	239
239	1	209
209	0	240
240	1	209
209	0	241
241	1	209
209	0	390
390	1	209
209	0	242
242	1	209
209	0	243
243	1	209
209	0	244
244	1	209
209	0	379
379	1	209
209	0	245
245	1	209
209	0	407
407	1	209
209	0	430
430	1	209
209	0	246
246	1	209
209	0	247
247	1	209
209	0	350
350	1	209
209	0	470
470	1	209
209	0	248
248	1	209
209	0	391
391	1	209
209	0	380
380	1	209
209	0	483
483	1	209
209	0	444
444	1	209
209	0	441
441	1	209
209	0	546
546	1	209
209	0	542
542	1	209
209	0	249
249	1	209
209	0	547
547	1	209
209	0	540
540	1	209
209	0	365
365	1	209
209	0	250
250	1	209
209	0	408
408	1	209
209	0	431
431	1	209
209	0	370
370	1	209
209	0	251
251	1	209
209	0	252
252	1	209
209	0	478
478	1	209
209	0	536
536	1	209
209	0	253
253	1	209
209	0	409
409	1	209
209	0	439
439	1	209
209	0	254
254	1	209
209	0	393
393	1	209
209	0	255
255	1	209
209	0	359
359	1	209
209	0	410
410	1	209
209	0	424
424	1	209
209	0	256
256	1	209
209	0	257
257	1	209
209	0	385
385	1	209
209	0	258
258	1	209
209	0	500
500	1	209
209	0	520
520	1	209
209	0	501
501	1	209
209	0	259
259	1	209
209	0	260
260	1	209
209	0	395
395	1	209
209	0	425
425	1	209
209	0	436
436	1	209
209	0	261
261	1	209
209	0	361
361	1	209
209	0	394
394	1	209
209	0	362
362	1	209
209	0	262
262	1	209
209	0	412
412	1	209
209	0	363
363	1	209
209	0	263
263	1	209
209	0	446
446	1	209
209	0	426
426	1	209
209	0	264
264	1	209
209	0	457
457	1	209
209	0	423
423	1	209
209	0	265
265	1	209
209	0	266
266	1	209
209	0	415
415	1	209
209	0	432
432	1	209
209	0	371
371	1	209
209	0	267
267	1	209
209	0	268
268	1	209
209	0	269
269	1	209
209	0	270
270	1	209
209	0	528
528	1	209
209	0	526
526	1	209
209	0	271
271	1	209
209	0	517
517	1	209
209	0	397
397	1	209
209	0	543
543	1	209
209	0	272
272	1	209
209	0	498
498	1	209
209	0	519
519	1	209
209	0	503
503	1	209
209	0	453
453	1	209
209	0	273
273	1	209
209	0	274
274	1	209
209	0	484
484	1	209
209	0	429
429	1	209
209	0	438
438	1	209
209	0	499
499	1	209
209	0	448
448	1	209
209	0	275
275	1	209
209	0	477
477	1	209
209	0	276
276	1	209
209	0	355
355	1	209
209	0	445
445	1	209
209	0	368
368	1	209
209	0	277
277	1	209
209	0	278
278	1	209
209	0	369
369	1	209
209	0	422
422	1	209
209	0	279
279	1	209
209	0	280
280	1	209
209	0	515
515	1	209
209	0	529
529	1	209
209	0	537
537	1	209
209	0	535
535	1	209
209	0	545
545	1	209
209	0	549
549	1	209
209	0	490
490	1	209
209	0	419
419	1	209
209	0	281
281	1	209
209	0	522
522	1	209
209	0	413
413	1	209
209	0	282
282	1	209
209	0	283
283	1	209
209	0	479
479	1	209
209	0	454
454	1	209
209	0	284
284	1	209
209	0	482
482	1	209
209	0	481
481	1	209
209	0	285
285	1	209
209	0	443
443	1	209
209	0	433
433	1	209
209	0	417
417	1	209
209	0	286
286	1	209
209	0	530
530	1	209
209	0	287
287	1	209
209	0	521
521	1	209
209	0	382
382	1	209
209	0	288
288	1	209
209	0	384
384	1	209
209	0	352
352	1	209
209	0	387
387	1	209
209	0	523
523	1	209
209	0	289
289	1	209
209	0	290
290	1	209
209	0	291
291	1	209
209	0	292
292	1	209
209	0	293
293	1	209
209	0	294
294	1	209
209	0	295
295	1	209
209	0	296
296	1	209
209	0	297
297	1	209
209	0	298
298	1	209
209	0	299
299	1	209
209	0	300
300	1	209
209	0	301
301	1	209
209	0	302
302	1	209
209	0	303
303	1	209
209	0	304
304	1	209
209	0	305
305	1	209
209	0	306
306	1	209
209	0	372
372	1	209
209	0	307
307	1	209
209	0	308
308	1	209
209	0	309
309	1	209
209	0	310
310	1	209
209	0	311
311	1	209
209	0	434
434	1	209
209	0	312
312	1	209
209	0	354
354	1	209
209	0	313
313	1	209
209	0	314
314	1	209
209	0	358
358	1	209
209	0	315
315	1	209
209	0	316
316	1	209
209	0	461
461	1	209
209	0	462
462	1	209
209	0	471
471	1	209
209	0	472
472	1	209
209	0	317
317	1	209
209	0	318
318	1	209
209	0	319
319	1	209
209	0	378
378	1	209
209	0	320
320	1	209
209	0	321
321	1	209
209	0	322
322	1	209
209	0	323
323	1	209
209	0	435
435	1	209
209	0	324
324	1	209
209	0	486
486	1	209
209	0	487
487	1	209
209	0	325
325	1	209
209	0	326
326	1	209
209	0	327
327	1	209
209	0	328
328	1	209
209	0	502
502	1	209
209	0	329
329	1	209
209	0	330
330	1	209
209	0	420
420	1	209
209	0	510
510	1	209
209	0	331
331	1	209
209	0	399
399	1	209
209	0	332
332	1	209
209	0	333
333	1	209
209	0	463
463	1	209
209	0	464
464	1	209
209	0	465
465	1	209
209	0	334
334	1	209
209	0	335
335	1	209
209	0	336
336	1	209
209	0	337
337	1	209
209	0	338
338	1	209
209	0	339
339	1	209
209	0	340
340	1	209
209	0	341
341	1	209
209	0	342
342	1	209
209	0	343
343	1	209
209	0	344
344	1	209
209	0	345
345	1	209
209	0	392
392	1	209
209	0	346
346	1	209
209	0	377
377	1	209
209	0	347
347	1	209
209	0	348
348	1	209
209	0	452
452	1	209
3	0	486
486	1	3
3	0	435
435	1	3
3	0	487
487	1	3
3	0	488
488	1	3
3	0	483
483	1	3
3	0	484
484	1	3
3	0	423
423	1	3
3	0	209
209	1	3
467	0	489
489	1	467
467	0	488
488	1	467
449	0	488
488	1	449
449	0	485
485	1	449
449	0	476
476	1	449
449	0	450
450	1	449
449	0	513
513	1	449
449	0	451
451	1	449
449	0	489
489	1	449
449	0	452
452	1	449
449	0	542
542	1	449
449	0	498
498	1	449
449	0	453
453	1	449
449	0	468
468	1	449
449	0	539
539	1	449
449	0	510
510	1	449
449	0	538
538	1	449
449	0	541
541	1	449
449	0	478
478	1	449
449	0	479
479	1	449
449	0	454
454	1	449
449	0	469
469	1	449
449	0	455
455	1	449
449	0	456
456	1	449
449	0	480
480	1	449
449	0	506
506	1	449
449	0	503
503	1	449
449	0	504
504	1	449
449	0	457
457	1	449
449	0	505
505	1	449
449	0	458
458	1	449
449	0	470
470	1	449
449	0	459
459	1	449
449	0	460
460	1	449
449	0	502
502	1	449
449	0	549
549	1	449
449	0	461
461	1	449
449	0	462
462	1	449
449	0	463
463	1	449
449	0	464
464	1	449
449	0	465
465	1	449
449	0	466
466	1	449
449	0	467
467	1	449
123	0	473
473	1	123
123	0	280
280	1	123
299	0	538
538	1	299
299	0	548
548	1	299
299	0	381
381	1	299
381	0	538
538	1	381
381	0	548
548	1	381
381	0	550
550	1	381
291	0	434
434	1	291
291	0	444
444	1	291
291	0	441
441	1	291
291	0	542
542	1	291
291	0	495
495	1	291
291	0	546
546	1	291
291	0	539
539	1	291
291	0	488
488	1	291
291	0	420
420	1	291
291	0	419
419	1	291
291	0	376
376	1	291
291	0	377
377	1	291
377	0	444
444	1	377
377	0	441
441	1	377
377	0	542
542	1	377
377	0	546
546	1	377
377	0	434
434	1	377
377	0	488
488	1	377
377	0	420
420	1	377
420	0	546
546	1	420
420	0	539
539	1	420
420	0	444
444	1	420
420	0	441
441	1	420
420	0	434
434	1	420
316	0	539
539	1	316
316	0	488
488	1	316
316	0	388
388	1	316
316	0	389
389	1	316
539	0	550
550	1	539
539	0	542
542	1	539
539	0	543
543	1	539
539	0	544
544	1	539
539	0	548
548	1	539
539	0	549
549	1	539
539	0	545
545	1	539
539	0	546
546	1	539
538	0	549
549	1	538
538	0	539
539	1	538
538	0	548
548	1	538
538	0	547
547	1	538
538	0	540
540	1	538
538	0	550
550	1	538
538	0	541
541	1	538
538	0	542
542	1	538
329	0	549
549	1	329
329	0	449
449	1	329
329	0	545
545	1	329
329	0	539
539	1	329
329	0	538
538	1	329
329	0	515
515	1	329
329	0	490
490	1	329
329	0	529
529	1	329
329	0	488
488	1	329
329	0	535
535	1	329
329	0	537
537	1	329
488	0	524
524	1	488
488	0	528
528	1	488
488	0	534
534	1	488
488	0	489
489	1	488
488	0	539
539	1	488
488	0	515
515	1	488
488	0	490
490	1	488
488	0	529
529	1	488
488	0	520
520	1	488
488	0	491
491	1	488
488	0	543
543	1	488
488	0	525
525	1	488
488	0	538
538	1	488
488	0	548
548	1	488
488	0	492
492	1	488
488	0	516
516	1	488
488	0	537
537	1	488
488	0	535
535	1	488
488	0	545
545	1	488
488	0	549
549	1	488
488	0	542
542	1	488
488	0	541
541	1	488
488	0	493
493	1	488
488	0	494
494	1	488
488	0	518
518	1	488
488	0	495
495	1	488
488	0	496
496	1	488
488	0	497
497	1	488
488	0	498
498	1	488
488	0	499
499	1	488
488	0	500
500	1	488
488	0	501
501	1	488
488	0	502
502	1	488
488	0	503
503	1	488
488	0	504
504	1	488
488	0	505
505	1	488
488	0	506
506	1	488
488	0	507
507	1	488
488	0	508
508	1	488
488	0	509
509	1	488
488	0	510
510	1	488
488	0	511
511	1	488
488	0	512
512	1	488
488	0	513
513	1	488
488	0	514
514	1	488
281	0	524
524	1	281
281	0	507
507	1	281
281	0	508
508	1	281
281	0	488
488	1	281
507	0	524
524	1	507
365	0	539
539	1	365
365	0	413
413	1	365
365	0	414
414	1	365
250	0	414
414	1	250
250	0	539
539	1	250
250	0	365
365	1	250
250	0	357
357	1	250
154	0	209
209	1	154
154	0	357
357	1	154
154	0	414
414	1	154
154	0	250
250	1	154
154	0	539
539	1	154
154	0	408
408	1	154
154	0	431
431	1	154
73	0	209
209	1	73
73	0	357
357	1	73
73	0	414
414	1	73
73	0	250
250	1	73
73	0	539
539	1	73
73	0	431
431	1	73
73	0	408
408	1	73
73	0	154
154	1	73
101	0	212
212	1	101
101	0	209
209	1	101
79	0	449
449	1	79
79	0	413
413	1	79
79	0	209
209	1	79
79	0	522
522	1	79
79	0	488
488	1	79
79	0	182
182	1	79
79	0	199
199	1	79
79	0	156
156	1	79
347	0	402
402	1	347
347	0	449
449	1	347
414	0	539
539	1	414
21	0	539
539	1	21
21	0	209
209	1	21
21	0	414
414	1	21
65	0	209
209	1	65
65	0	524
524	1	65
65	0	449
449	1	65
358	0	409
409	1	358
253	0	409
409	1	253
253	0	358
358	1	253
8	0	136
136	1	8
8	0	209
209	1	8
8	0	468
468	1	8
8	0	470
470	1	8
8	0	254
254	1	8
8	0	449
449	1	8
8	0	137
137	1	8
137	0	284
284	1	137
137	0	468
468	1	137
137	0	449
449	1	137
137	0	209
209	1	137
137	0	454
454	1	137
508	0	524
524	1	508
202	0	209
209	1	202
202	0	482
482	1	202
202	0	428
428	1	202
202	0	362
362	1	202
202	0	401
401	1	202
202	0	262
262	1	202
255	0	359
359	1	255
255	0	410
410	1	255
338	0	527
527	1	338
338	0	512
512	1	338
338	0	533
533	1	338
338	0	404
404	1	338
470	0	481
481	1	470
470	0	524
524	1	470
470	0	482
482	1	470
285	0	439
439	1	285
285	0	443
443	1	285
285	0	433
433	1	285
285	0	372
372	1	285
147	0	179
179	1	147
147	0	209
209	1	147
147	0	439
439	1	147
147	0	443
443	1	147
147	0	433
433	1	147
147	0	285
285	1	147
147	0	417
417	1	147
147	0	306
306	1	147
287	0	530
530	1	287
64	0	344
344	1	64
64	0	209
209	1	64
64	0	172
172	1	64
125	0	172
172	1	125
125	0	521
521	1	125
374	0	538
538	1	374
374	0	539
539	1	374
339	0	425
425	1	339
339	0	436
436	1	339
339	0	393
393	1	339
339	0	394
394	1	339
339	0	395
395	1	339
263	0	412
412	1	263
263	0	363
363	1	263
6	0	135
135	1	6
165	0	488
488	1	165
165	0	227
227	1	165
165	0	209
209	1	165
124	0	427
427	1	124
124	0	488
488	1	124
124	0	437
437	1	124
124	0	399
399	1	124
340	0	426
426	1	340
340	0	539
539	1	340
340	0	488
488	1	340
340	0	396
396	1	340
340	0	449
449	1	340
340	0	538
538	1	340
340	0	397
397	1	340
340	0	398
398	1	340
340	0	399
399	1	340
399	0	426
426	1	399
399	0	427
427	1	399
104	0	183
183	1	104
104	0	488
488	1	104
104	0	200
200	1	104
104	0	159
159	1	104
108	0	228
228	1	108
108	0	209
209	1	108
95	0	474
474	1	95
95	0	352
352	1	95
266	0	414
414	1	266
266	0	539
539	1	266
266	0	365
365	1	266
266	0	366
366	1	266
53	0	209
209	1	53
53	0	366
366	1	53
53	0	414
414	1	53
53	0	266
266	1	53
53	0	539
539	1	53
53	0	432
432	1	53
53	0	415
415	1	53
98	0	233
233	1	98
98	0	209
209	1	98
105	0	449
449	1	105
105	0	413
413	1	105
105	0	209
209	1	105
105	0	523
523	1	105
105	0	488
488	1	105
105	0	184
184	1	105
105	0	201
201	1	105
105	0	160
160	1	105
348	0	403
403	1	348
348	0	449
449	1	348
168	0	186
186	1	168
336	0	442
442	1	336
289	0	442
442	1	289
289	0	418
418	1	289
289	0	375
375	1	289
31	0	442
442	1	31
31	0	209
209	1	31
31	0	375
375	1	31
31	0	418
418	1	31
31	0	289
289	1	31
271	0	526
526	1	271
46	0	209
209	1	46
46	0	526
526	1	46
46	0	271
271	1	46
46	0	517
517	1	46
46	0	488
488	1	46
181	0	539
539	1	181
181	0	411
411	1	181
181	0	488
488	1	181
181	0	449
449	1	181
181	0	361
361	1	181
181	0	209
209	1	181
181	0	261
261	1	181
181	0	292
292	1	181
181	0	340
340	1	181
4	0	488
488	1	4
4	0	209
209	1	4
4	0	383
383	1	4
4	0	316
316	1	4
4	0	307
307	1	4
322	0	488
488	1	322
100	0	475
475	1	100
100	0	294
294	1	100
429	0	438
438	1	429
354	0	438
438	1	354
354	0	429
429	1	354
354	0	406
406	1	354
40	0	313
313	1	40
40	0	209
209	1	40
40	0	149
149	1	40
17	0	142
142	1	17
17	0	288
288	1	17
56	0	448
448	1	56
56	0	334
334	1	56
56	0	449
449	1	56
56	0	442
442	1	56
56	0	209
209	1	56
194	0	209
209	1	194
194	0	468
468	1	194
328	0	468
468	1	328
295	0	539
539	1	295
295	0	379
379	1	295
324	0	539
539	1	324
324	0	488
488	1	324
324	0	538
538	1	324
324	0	392
392	1	324
324	0	449
449	1	324
92	0	488
488	1	92
92	0	539
539	1	92
92	0	538
538	1	92
92	0	209
209	1	92
92	0	449
449	1	92
92	0	324
324	1	92
50	0	209
209	1	50
50	0	449
449	1	50
50	0	488
488	1	50
50	0	510
510	1	50
50	0	538
538	1	50
50	0	542
542	1	50
50	0	151
151	1	50
50	0	181
181	1	50
70	0	172
172	1	70
248	0	470
470	1	248
323	0	391
391	1	323
323	0	470
470	1	323
280	0	473
473	1	280
280	0	488
488	1	280
542	0	548
548	1	542
542	0	550
550	1	542
126	0	548
548	1	126
126	0	550
550	1	126
126	0	539
539	1	126
126	0	282
282	1	126
126	0	376
376	1	126
419	0	542
542	1	419
490	0	535
535	1	490
490	0	545
545	1	490
490	0	538
538	1	490
490	0	539
539	1	490
490	0	537
537	1	490
490	0	549
549	1	490
490	0	515
515	1	490
529	0	545
545	1	529
529	0	538
538	1	529
529	0	539
539	1	529
529	0	535
535	1	529
529	0	537
537	1	529
529	0	549
549	1	529
537	0	538
538	1	537
537	0	545
545	1	537
537	0	549
549	1	537
537	0	539
539	1	537
535	0	538
538	1	535
535	0	549
549	1	535
535	0	545
545	1	535
535	0	539
539	1	535
535	0	537
537	1	535
300	0	524
524	1	300
300	0	488
488	1	300
300	0	507
507	1	300
7	0	470
470	1	7
7	0	209
209	1	7
325	0	544
544	1	325
325	0	539
539	1	325
93	0	544
544	1	93
93	0	356
356	1	93
413	0	540
540	1	413
413	0	547
547	1	413
413	0	539
539	1	413
413	0	522
522	1	413
413	0	523
523	1	413
182	0	449
449	1	182
182	0	468
468	1	182
182	0	199
199	1	182
156	0	449
449	1	156
156	0	468
468	1	156
156	0	199
199	1	156
156	0	182
182	1	156
199	0	449
449	1	199
199	0	468
468	1	199
282	0	370
370	1	282
282	0	371
371	1	282
282	0	488
488	1	282
282	0	542
542	1	282
19	0	349
349	1	19
19	0	214
214	1	19
19	0	209
209	1	19
442	0	449
449	1	442
442	0	539
539	1	442
442	0	542
542	1	442
442	0	445
445	1	442
442	0	446
446	1	442
442	0	447
447	1	442
442	0	448
448	1	442
466	0	485
485	1	466
466	0	476
476	1	466
439	0	452
452	1	439
439	0	449
449	1	439
439	0	468
468	1	439
439	0	479
479	1	439
439	0	454
454	1	439
439	0	443
443	1	439
136	0	468
468	1	136
136	0	470
470	1	136
136	0	449
449	1	136
136	0	209
209	1	136
284	0	449
449	1	284
131	0	176
176	1	131
131	0	449
449	1	131
131	0	439
439	1	131
131	0	209
209	1	131
131	0	468
468	1	131
131	0	454
454	1	131
131	0	479
479	1	131
301	0	524
524	1	301
301	0	488
488	1	301
301	0	508
508	1	301
71	0	209
209	1	71
346	0	400
400	1	346
346	0	428
428	1	346
346	0	401
401	1	346
11	0	449
449	1	11
11	0	459
459	1	11
11	0	460
460	1	11
11	0	209
209	1	11
11	0	216
216	1	11
11	0	224
224	1	11
11	0	359
359	1	11
11	0	363
363	1	11
11	0	410
410	1	11
11	0	412
412	1	11
195	0	482
482	1	195
173	0	482
482	1	173
173	0	209
209	1	173
173	0	195
195	1	173
128	0	482
482	1	128
128	0	195
195	1	128
128	0	173
173	1	128
128	0	209
209	1	128
170	0	187
187	1	170
170	0	209
209	1	170
170	0	188
188	1	170
170	0	216
216	1	170
170	0	359
359	1	170
170	0	410
410	1	170
170	0	202
202	1	170
170	0	482
482	1	170
170	0	189
189	1	170
170	0	224
224	1	170
170	0	412
412	1	170
170	0	363
363	1	170
170	0	190
190	1	170
458	0	470
470	1	458
458	0	481
481	1	458
310	0	385
385	1	310
148	0	209
209	1	148
148	0	439
439	1	148
148	0	433
433	1	148
148	0	443
443	1	148
148	0	417
417	1	148
148	0	345
345	1	148
144	0	530
530	1	144
144	0	287
287	1	144
144	0	209
209	1	144
144	0	520
520	1	144
144	0	500
500	1	144
500	0	530
530	1	500
500	0	520
520	1	500
171	0	209
209	1	171
171	0	259
259	1	171
193	0	260
260	1	193
193	0	209
209	1	193
33	0	209
209	1	33
20	0	482
482	1	20
20	0	195
195	1	20
20	0	143
143	1	20
20	0	209
209	1	20
143	0	482
482	1	143
143	0	209
209	1	143
143	0	195
195	1	143
89	0	488
488	1	89
159	0	200
200	1	159
159	0	488
488	1	159
159	0	183
183	1	159
113	0	164
164	1	113
113	0	209
209	1	113
113	0	165
165	1	113
311	0	386
386	1	311
118	0	167
167	1	118
118	0	209
209	1	118
352	0	474
474	1	352
352	0	488
488	1	352
326	0	544
544	1	326
326	0	539
539	1	326
84	0	544
544	1	84
84	0	364
364	1	84
201	0	449
449	1	201
201	0	468
468	1	201
160	0	449
449	1	160
160	0	468
468	1	160
160	0	201
201	1	160
160	0	184
184	1	160
184	0	449
449	1	184
184	0	468
468	1	184
184	0	201
201	1	184
119	0	186
186	1	119
119	0	168
168	1	119
119	0	209
209	1	119
162	0	367
367	1	162
162	0	209
209	1	162
162	0	269
269	1	162
162	0	343
343	1	162
107	0	235
235	1	107
107	0	209
209	1	107
107	0	304
304	1	107
107	0	162
162	1	107
117	0	209
209	1	117
180	0	418
418	1	180
180	0	375
375	1	180
375	0	442
442	1	375
375	0	418
418	1	375
528	0	534
534	1	528
511	0	534
534	1	511
511	0	526
526	1	511
109	0	488
488	1	109
109	0	494
494	1	109
109	0	518
518	1	109
109	0	491
491	1	109
513	0	542
542	1	513
451	0	542
542	1	451
451	0	513
513	1	451
110	0	397
397	1	110
110	0	543
543	1	110
110	0	488
488	1	110
110	0	209
209	1	110
332	0	539
539	1	332
332	0	543
543	1	332
294	0	475
475	1	294
294	0	488
488	1	294
239	0	438
438	1	239
239	0	429
429	1	239
239	0	354
354	1	239
320	0	390
390	1	320
379	0	539
539	1	379
379	0	421
421	1	379
62	0	539
539	1	62
62	0	538
538	1	62
62	0	324
324	1	62
69	0	539
539	1	69
90	0	539
539	1	90
151	0	539
539	1	151
151	0	538
538	1	151
151	0	449
449	1	151
151	0	181
181	1	151
9	0	538
538	1	9
9	0	449
449	1	9
9	0	138
138	1	9
9	0	181
181	1	9
138	0	538
538	1	138
296	0	538
538	1	296
219	0	468
468	1	219
219	0	350
350	1	219
219	0	430
430	1	219
219	0	449
449	1	219
245	0	355
355	1	245
245	0	407
407	1	245
163	0	209
209	1	163
163	0	185
185	1	163
185	0	209
209	1	185
185	0	468
468	1	185
60	0	442
442	1	60
60	0	209
209	1	60
60	0	449
449	1	60
60	0	247
247	1	60
247	0	442
442	1	247
247	0	449
449	1	247
111	0	368
368	1	111
111	0	277
277	1	111
111	0	209
209	1	111
111	0	298
298	1	111
111	0	422
422	1	111
111	0	196
196	1	111
207	0	209
209	1	207
207	0	278
278	1	207
207	0	369
369	1	207
207	0	208
208	1	207
205	0	278
278	1	205
205	0	369
369	1	205
205	0	209
209	1	205
205	0	208
208	1	205
205	0	207
207	1	205
196	0	209
209	1	196
196	0	278
278	1	196
196	0	369
369	1	196
196	0	298
298	1	196
196	0	422
422	1	196
196	0	207
207	1	196
196	0	208
208	1	196
196	0	204
204	1	196
196	0	205
205	1	196
298	0	422
422	1	298
298	0	380
380	1	298
34	0	209
209	1	34
463	0	473
473	1	463
463	0	488
488	1	463
515	0	538
538	1	515
515	0	539
539	1	515
515	0	545
545	1	515
515	0	549
549	1	515
515	0	537
537	1	515
515	0	529
529	1	515
515	0	535
535	1	515
376	0	539
539	1	376
376	0	542
542	1	376
376	0	419
419	1	376
434	0	539
539	1	434
434	0	546
546	1	434
434	0	444
444	1	434
434	0	441
441	1	434
72	0	209
209	1	72
72	0	539
539	1	72
157	0	524
524	1	157
157	0	209
209	1	157
157	0	470
470	1	157
157	0	211
211	1	157
157	0	215
215	1	157
454	0	479
479	1	454
454	0	468
468	1	454
454	0	539
539	1	454
216	0	359
359	1	216
216	0	410
410	1	216
12	0	209
209	1	12
12	0	219
219	1	12
12	0	470
470	1	12
12	0	139
139	1	12
12	0	140
140	1	12
187	0	209
209	1	187
187	0	285
285	1	187
99	0	209
209	1	99
99	0	216
216	1	99
99	0	170
170	1	99
393	0	424
424	1	393
39	0	209
209	1	39
39	0	439
439	1	39
39	0	285
285	1	39
39	0	443
443	1	39
39	0	433
433	1	39
39	0	372
372	1	39
39	0	331
331	1	39
39	0	417
417	1	39
39	0	147
147	1	39
39	0	148
148	1	39
417	0	439
439	1	417
417	0	443
443	1	417
417	0	433
433	1	417
372	0	439
439	1	372
372	0	443
443	1	372
372	0	416
416	1	372
372	0	433
433	1	372
372	0	417
417	1	372
433	0	439
439	1	433
433	0	443
443	1	433
433	0	440
440	1	433
179	0	209
209	1	179
57	0	469
469	1	57
57	0	455
455	1	57
122	0	209
209	1	122
122	0	530
530	1	122
122	0	287
287	1	122
122	0	171
171	1	122
15	0	488
488	1	15
15	0	177
177	1	15
15	0	198
198	1	15
15	0	178
178	1	15
15	0	141
141	1	15
141	0	177
177	1	141
141	0	198
198	1	141
141	0	488
488	1	141
141	0	178
178	1	141
177	0	488
488	1	177
177	0	198
198	1	177
198	0	488
488	1	198
59	0	209
209	1	59
222	0	539
539	1	222
288	0	539
539	1	288
288	0	542
542	1	288
288	0	373
373	1	288
288	0	374
374	1	288
288	0	538
538	1	288
224	0	412
412	1	224
224	0	363
363	1	224
188	0	209
209	1	188
188	0	285
285	1	188
121	0	209
209	1	121
121	0	224
224	1	121
121	0	170
170	1	121
394	0	424
424	1	394
45	0	209
209	1	45
464	0	474
474	1	464
464	0	488
488	1	464
232	0	547
547	1	232
232	0	540
540	1	232
232	0	538
538	1	232
234	0	442
442	1	234
234	0	449
449	1	234
378	0	488
488	1	378
397	0	488
488	1	397
397	0	543
543	1	397
398	0	488
488	1	398
398	0	539
539	1	398
37	0	209
209	1	37
22	0	209
209	1	22
22	0	237
237	1	22
22	0	405
405	1	22
22	0	144
144	1	22
22	0	145
145	1	22
28	0	209
209	1	28
465	0	475
475	1	465
465	0	488
488	1	465
315	0	499
499	1	315
115	0	449
449	1	115
115	0	456
456	1	115
115	0	480
480	1	115
115	0	468
468	1	115
115	0	209
209	1	115
468	0	477
477	1	468
468	0	478
478	1	468
468	0	479
479	1	468
468	0	480
480	1	468
244	0	539
539	1	244
392	0	539
539	1	392
392	0	538
538	1	392
41	0	539
539	1	41
41	0	449
449	1	41
506	0	538
538	1	506
510	0	538
538	1	510
510	0	542
542	1	510
396	0	538
538	1	396
297	0	468
468	1	297
297	0	449
449	1	297
208	0	470
470	1	208
208	0	209
209	1	208
208	0	369
369	1	208
208	0	278
278	1	208
204	0	209
209	1	204
204	0	449
449	1	204
391	0	470
470	1	391
96	0	209
209	1	96
401	0	428
428	1	401
102	0	440
440	1	102
102	0	209
209	1	102
102	0	286
286	1	102
102	0	433
433	1	102
262	0	362
362	1	262
277	0	368
368	1	277
213	0	524
524	1	213
213	0	449
449	1	213
520	0	530
530	1	520
418	0	442
442	1	418
112	0	209
209	1	112
112	0	185
185	1	112
112	0	163
163	1	112
29	0	209
209	1	29
380	0	422
422	1	380
492	0	539
539	1	492
492	0	516
516	1	492
145	0	209
209	1	145
145	0	237
237	1	145
145	0	405
405	1	145
421	0	539
539	1	421
476	0	485
485	1	476
134	0	209
209	1	134
130	0	209
209	1	130
130	0	174
174	1	130
130	0	175
175	1	130
5	0	134
134	1	5
423	0	488
488	1	423
423	0	435
435	1	423
227	0	488
488	1	227
334	0	448
448	1	334
334	0	449
449	1	334
341	0	539
539	1	341
341	0	538
538	1	341
357	0	539
539	1	357
357	0	414
414	1	357
357	0	431
431	1	357
357	0	408
408	1	357
366	0	539
539	1	366
366	0	414
414	1	366
366	0	432
432	1	366
366	0	415
415	1	366
461	0	488
488	1	461
461	0	471
471	1	461
462	0	488
488	1	462
462	0	472
472	1	462
524	0	531
531	1	524
524	0	532
532	1	524
524	0	539
539	1	524
524	0	542
542	1	524
286	0	440
440	1	286
355	0	407
407	1	355
355	0	430
430	1	355
152	0	209
209	1	152
51	0	209
209	1	51
51	0	152
152	1	51
175	0	209
209	1	175
548	0	550
550	1	548
83	0	470
470	1	83
61	0	470
470	1	61
356	0	544
544	1	356
411	0	539
539	1	411
183	0	200
200	1	183
183	0	488
488	1	183
364	0	544
544	1	364
221	0	488
488	1	221
408	0	539
539	1	408
408	0	431
431	1	408
415	0	539
539	1	415
415	0	432
432	1	415
504	0	541
541	1	504
504	0	538
538	1	504
504	0	522
522	1	504
505	0	541
541	1	505
505	0	538
538	1	505
505	0	523
523	1	505
197	0	209
209	1	197
197	0	206
206	1	197
512	0	527
527	1	512
67	0	209
209	1	67
200	0	209
209	1	200
471	0	488
488	1	471
471	0	483
483	1	471
472	0	488
488	1	472
472	0	484
484	1	472
486	0	488
488	1	486
487	0	488
488	1	487
35	0	209
209	1	35
237	0	405
405	1	237
237	0	353
353	1	237
441	0	539
539	1	441
441	0	546
546	1	441
441	0	444
444	1	441
114	0	209
209	1	114
23	0	209
209	1	23
497	0	519
519	1	497
278	0	369
369	1	278
435	0	488
488	1	435
406	0	438
438	1	406
406	0	429
429	1	406
384	0	488
488	1	384
384	0	423
423	1	384
373	0	539
539	1	373
373	0	538
538	1	373
373	0	542
542	1	373
74	0	209
209	1	74
402	0	449
449	1	402
403	0	449
449	1	403
116	0	209
209	1	116
116	0	166
166	1	116
26	0	209
209	1	26
26	0	304
304	1	26
256	0	360
360	1	256
457	0	488
488	1	457
66	0	209
209	1	66
133	0	209
209	1	133
133	0	387
387	1	133
133	0	314
314	1	133
302	0	382
382	1	302
241	0	449
449	1	241
382	0	521
521	1	382
77	0	449
449	1	77
77	0	155
155	1	77
516	0	539
539	1	516
120	0	169
169	1	120
353	0	405
405	1	353
203	0	388
388	1	203
203	0	389
389	1	203
453	0	488
488	1	453
307	0	383
383	1	307
106	0	161
161	1	106
444	0	539
539	1	444
444	0	546
546	1	444
269	0	367
367	1	269
545	0	549
549	1	545
55	0	153
153	1	55
483	0	488
488	1	483
483	0	486
486	1	483
484	0	488
488	1	484
484	0	487
487	1	484
220	0	404
404	1	220
220	0	351
351	1	220
360	0	449
449	1	360
342	0	524
524	1	342
342	0	488
488	1	342
342	0	539
539	1	342
437	0	442
442	1	437
214	0	349
349	1	214
395	0	436
436	1	395
395	0	425
425	1	395
231	0	488
488	1	231
231	0	352
352	1	231
231	0	457
457	1	231
150	0	180
180	1	150
314	0	387
387	1	314
321	0	488
488	1	321
166	0	209
209	1	166
361	0	411
411	1	361
242	0	470
470	1	242
427	0	437
437	1	427
427	0	488
488	1	427
351	0	404
404	1	351
509	0	525
525	1	509
509	0	543
543	1	509
370	0	449
449	1	370
371	0	449
449	1	371
261	0	411
411	1	261
261	0	361
361	1	261
103	0	158
158	1	103
455	0	469
469	1	455
527	0	533
533	1	527
494	0	518
518	1	494
42	0	150
150	1	42
514	0	528
528	1	514
308	0	488
488	1	308
308	0	384
384	1	308
448	0	449
449	1	448
192	0	388
388	1	192
192	0	203
203	1	192
25	0	146
146	1	25
317	0	522
522	1	317
318	0	523
523	1	318
75	0	209
209	1	75
47	0	209
209	1	47
540	0	547
547	1	540
407	0	430
430	1	407
359	0	410
410	1	359
363	0	412
412	1	363
501	0	521
521	1	501
493	0	517
517	1	493
425	0	436
436	1	425
249	0	356
356	1	249
265	0	364
364	1	265
532	0	536
536	1	532
