0	48
1	47
2	47
3	46
4	49
5	49
6	49
7	49
8	49
9	48
10	50
11	46
12	47
13	49
14	50
15	48
16	49
17	46
18	49
19	49
20	48
21	49
22	48
23	50
24	49
25	49
26	50
27	49
28	49
29	48
30	51
31	49
32	50
33	52
34	51
35	49
36	49
37	49
38	49
39	50
40	49
41	46
42	50
43	49
44	46
45	46
46	49
47	49
48	46
49	46
50	49
51	49
52	49
53	49
54	52
55	52
56	52
57	49
58	49
59	51
60	48
61	49
62	49
63	49
64	48
65	48
66	52
67	52
68	49
69	49
70	48
71	49
72	47
73	51
74	49
75	48
76	49
77	49
78	46
79	46
80	49
81	48
82	49
83	49
84	49
85	49
86	52
87	49
88	50
89	49
90	46
91	49
92	49
93	49
94	50
95	49
96	49
97	50
98	49
99	50
100	50
101	49
102	48
103	48
104	49
105	50
106	49
107	48
108	49
109	48
110	49
111	49
112	48
113	48
114	51
115	51
116	48
117	49
118	49
119	49
120	48
121	49
122	49
123	49
124	47
125	46
126	46
127	46
128	46
129	48
130	49
131	49
132	48
133	49
134	49
135	49
136	47
137	46
138	49
139	50
140	49
141	50
142	49
143	49
144	50
145	51
146	46
147	49
148	46
149	50
150	46
151	49
152	49
153	50
154	50
155	51
156	46
157	49
158	49
159	49
160	46
161	49
162	50
163	49
164	49
165	49
166	49
167	49
168	49
169	49
170	46
171	49
172	49
173	49
174	49
175	49
176	48
177	52
178	48
179	48
180	51
181	49
182	46
183	49
184	49
185	49
186	46
187	48
188	48
189	46
190	46
191	46
192	46
193	46
194	49
195	51
196	49
197	49
198	49
199	49
200	48
201	48
202	46
203	49
204	49
205	50
206	49
207	49
208	49
209	49
210	49
211	49
212	49
213	49
214	49
215	50
216	49
217	49
218	49
219	49
220	49
221	49
222	50
223	49
224	49
225	49
226	49
227	49
228	49
229	49
230	49
231	49
232	49
233	49
234	48
235	49
236	49
237	49
238	49
239	50
240	49
241	49
242	49
243	46
244	49
245	49
246	49
247	49
248	49
249	49
250	49
251	49
252	49
253	49
254	46
255	49
256	47
257	46
258	49
259	49
260	49
261	49
262	48
263	49
264	49
265	46
266	51
267	49
268	49
269	49
270	49
271	49
272	49
273	49
274	49
275	46
276	46
277	46
278	49
279	47
280	46
281	47
282	49
283	46
284	49
285	46
286	49
287	49
288	46
289	49
290	46
291	49
292	49
293	49
294	49
295	46
296	49
297	46
298	47
299	49
300	49
301	46
302	47
303	49
304	49
305	49
306	49
307	49
308	49
309	46
310	46
311	49
312	49
313	49
314	46
315	46
316	47
317	49
318	46
319	49
320	46
321	49
322	46
323	49
324	49
325	46
326	49
327	49
328	46
329	49
330	49
331	46
332	49
333	49
334	49
335	47
336	49
337	46
338	46
339	48
340	49
341	49
342	49
343	49
344	48
345	49
346	49
347	49
348	49
349	49
350	49
351	46
352	49
353	49
354	46
355	49
356	49
357	49
358	49
359	49
360	49
361	49
362	49
363	46
364	49
365	46
366	49
367	49
368	49
369	48
370	51
371	48
372	48
373	51
374	51
375	51
376	51
377	51
378	46
379	51
380	46
381	51
382	51
383	48
384	51
385	48
386	46
387	46
388	48
389	46
390	51
391	46
392	46
393	52
394	52
395	52
396	47
397	52
398	47
399	47
400	52
401	47
402	52
403	52
404	52
405	47
406	52
407	52
408	52
409	47
410	47
411	47
412	52
413	47
414	52
415	52
416	52
417	47
418	52
419	47
420	47
421	47
422	51
423	46
424	53
425	48
426	50
427	49
428	48
429	50
430	49
431	50
432	49
433	49
434	46
435	46
436	49
437	49
438	46
439	49
440	49
441	49
442	49
443	49
444	49
445	49
446	49
447	49
448	48
449	49
450	49
451	49
452	46
453	51
454	51
455	50
456	49
457	49
458	49
459	50
460	50
461	50
462	50
463	49
464	49
465	49
466	49
467	49
468	46
469	46
470	49
471	49
472	49
473	49
474	49
475	49
476	49
477	49
478	49
479	46
480	50
481	49
482	49
483	49
484	49
485	50
486	49
487	47
488	50
489	48
490	49
491	49
492	49
493	49
494	46
495	49
496	48
497	49
498	50
499	50
500	49
501	49
502	49
503	49
504	46
505	49
506	49
507	50
508	46
509	46
510	49
511	49
512	49
513	49
514	49
515	49
516	48
517	49
518	46
519	48
520	50
521	49
522	46
523	49
524	49
525	46
526	49
527	48
528	49
529	49
530	46
531	49
532	49
533	51
534	49
535	46
536	46
537	49
538	49
539	46
540	49
541	50
542	51
543	50
544	49
545	49
546	50
547	49
548	47
549	49
550	52
551	49
552	49
553	49
554	49
555	49
556	46
557	49
558	52
559	52
560	49
561	49
562	52
563	52
564	49
565	49
566	51
567	49
568	48
569	48
570	48
571	48
572	51
573	50
574	49
575	48
576	49
577	49
578	49
579	50
580	49
581	51
582	49
583	49
584	49
585	48
586	46
587	49
588	49
589	50
590	48
591	48
592	49
593	50
594	50
595	49
596	50
597	50
598	48
599	49
600	49
601	49
602	49
603	50
604	49
605	49
606	49
607	49
608	50
609	51
610	49
611	50
612	49
613	46
614	49
615	49
616	49
617	50
618	49
619	49
620	49
621	51
622	46
623	49
624	49
625	46
626	49
627	49
628	49
629	49
630	50
631	50
632	49
633	49
634	49
635	50
636	49
637	48
638	49
639	46
640	50
641	49
642	49
643	50
644	50
645	49
646	50
647	49
648	51
649	48
650	48
651	48
652	51
653	49
654	49
655	50
656	49
657	49
658	49
659	48
660	49
661	48
662	49
663	51
664	50
665	46
666	49
667	50
668	50
669	49
670	49
671	49
672	50
673	49
674	49
675	49
676	50
677	49
678	49
679	49
680	46
681	49
682	49
683	50
684	51
685	50
686	51
687	46
688	49
689	49
690	50
691	46
692	48
693	49
694	49
695	50
696	49
697	46
698	49
699	49
700	49
701	48
702	51
703	48
704	48
705	50
706	49
707	50
708	48
709	46
710	51
711	49
712	49
713	49
714	49
715	49
716	49
717	50
718	48
719	49
720	49
721	49
722	49
723	49
724	51
725	50
726	50
727	50
728	49
729	50
730	49
731	48
732	49
733	50
734	48
735	50
736	50
737	49
738	48
739	49
740	49
741	49
742	48
743	48
744	51
745	49
746	50
747	48
748	48
749	49
750	49
751	48
752	51
753	46
754	50
755	49
756	51
757	46
758	50
759	49
760	49
761	49
762	51
763	49
764	49
765	50
766	50
767	49
768	50
769	51
770	49
771	46
772	50
773	49
774	49
775	49
776	50
777	49
778	48
779	49
780	51
781	49
782	49
783	49
784	50
785	49
786	49
787	49
788	49
789	50
790	48
791	49
792	49
793	50
794	49
795	49
796	49
797	51
798	49
799	49
800	50
801	50
802	49
803	49
804	48
805	48
806	50
807	50
808	50
809	50
810	50
811	51
812	50
813	48
814	49
815	50
816	49
817	49
818	50
819	49
820	50
821	50
822	49
823	46
824	48
825	51
826	50
827	51
828	49
829	49
830	50
831	46
832	50
833	49
834	49
835	49
836	49
837	49
838	50
839	51
840	48
841	49
842	50
843	50
844	50
845	49
846	49
847	50
848	48
849	49
850	49
851	48
852	46
853	50
854	49
855	49
856	49
857	49
858	49
859	49
860	50
861	46
862	49
863	49
864	46
865	49
866	49
867	49
868	50
869	49
870	49
871	48
872	49
873	49
874	50
875	50
876	49
877	50
878	49
879	49
880	48
881	50
882	51
883	46
884	49
885	49
886	48
887	50
888	50
889	46
890	46
891	51
892	49
893	51
894	51
895	49
896	49
897	49
898	48
899	49
900	48
901	49
902	49
903	48
904	46
905	48
906	50
907	49
908	48
909	50
910	50
911	49
912	49
913	51
914	49
915	49
916	48
917	48
918	50
919	48
920	49
921	50
922	49
923	49
924	49
925	49
926	49
927	49
928	49
929	48
930	49
931	49
932	49
933	50
934	49
935	49
936	48
937	51
938	50
939	50
940	48
941	49
942	48
943	51
944	49
945	48
946	46
947	49
948	48
949	50
