2	18	0
2	18	1
2	18	2
2	19	3
2	19	4
3	20	5
3	21	6
4	37	7
5	21	8
5	20	9
7	4	10
7	14	11
7	2	12
8	2	13
9	4	14
9	2	15
11	4	17
11	14	18
11	2	19
11	2	20
13	37	23
14	9	24
14	8	25
14	60	26
17	25	27
17	25	28
18	22	29
18	44	30
18	7	31
18	7	32
18	7	33
19	2	34
19	14	35
21	6	8
22	30	12
25	20	24
25	21	26
27	53	36
27	39	30
27	23	37
28	61	35
28	23	38
30	9	24
30	8	39
31	3	36
31	3	40
31	3	29
31	4	41
31	4	30
31	2	31
31	2	42
31	2	33
31	2	29
31	2	32
32	62	38
33	12	41
34	4	41
34	2	41
35	20	41
35	21	43
35	21	44
36	21	43
36	21	45
36	21	46
36	21	44
36	21	47
36	21	48
36	21	8
36	21	4
36	21	49
36	21	50
36	21	3
36	21	51
36	21	26
36	21	52
36	20	53
36	20	54
36	20	55
36	20	19
36	20	56
36	20	1
36	20	57
36	20	58
36	20	59
36	20	60
36	20	61
36	20	62
36	20	63
36	20	64
36	20	65
36	20	66
36	20	14
36	20	67
36	20	5
36	20	68
36	20	41
36	20	69
36	20	70
36	20	71
36	20	72
37	39	17
37	61	18
37	53	3
37	23	73
38	44	17
38	22	3
38	7	20
39	22	46
40	39	41
40	23	74
40	23	75
41	20	61
41	21	45
42	10	76
42	10	56
42	10	77
43	54	14
44	8	23
44	9	48
46	37	78
48	31	79
49	39	17
50	53	46
51	8	41
52	63	14
53	8	23
53	9	80
54	11	17
54	30	81
54	38	18
55	8	23
55	9	82
55	9	83
56	64	17
56	65	84
57	4	85
57	14	86
57	2	87
58	66	23
58	67	48
58	68	88
59	69	17
59	70	89
59	71	84
59	71	90
60	28	85
61	31	17
62	72	17
62	73	84
63	64	17
