10	0	13
13	1	10
10	0	15
15	1	10
10	0	17
17	1	10
11	0	12
12	1	11
11	0	13
13	1	11
11	0	15
15	1	11
11	0	16
16	1	11
11	0	14
14	1	11
8	0	13
13	1	8
8	0	10
10	1	8
8	0	15
15	1	8
8	0	17
17	1	8
13	0	15
15	1	13
15	0	17
17	1	15
7	0	16
16	1	7
4	0	16
16	1	4
9	0	11
11	1	9
9	0	12
12	1	9
9	0	16
16	1	9
9	0	14
14	1	9
6	0	12
12	1	6
6	0	15
15	1	6
6	0	16
16	1	6
6	0	11
11	1	6
6	0	9
9	1	6
6	0	14
14	1	6
12	0	16
16	1	12
14	0	16
16	1	14
5	0	17
17	1	5
5	0	10
10	1	5
