3	14	0
3	6	1
4	61	2
4	61	3
4	61	4
4	52	5
4	52	6
4	52	7
5	83	8
5	83	9
5	82	10
6	13	11
6	13	12
7	15	13
7	16	14
7	16	15
7	16	16
7	16	17
7	25	18
7	25	19
8	5	20
8	6	21
9	5	14
9	14	22
9	6	23
10	13	24
11	10	25
11	9	26
13	6	29
13	43	30
13	14	31
14	5	32
15	25	33
15	15	34
15	16	14
17	13	36
17	12	37
18	70	38
18	42	38
19	5	39
19	5	40
20	22	41
21	10	42
21	9	43
22	6	44
22	43	45
23	6	46
24	38	47
24	38	48
25	18	49
25	9	50
28	18	53
29	38	54
29	38	55
31	37	58
33	10	60
33	9	61
34	13	62
37	5	64
37	14	65
37	6	66
37	6	67
38	16	41
39	5	1
39	5	64
40	6	21
40	43	68
40	14	69
42	4	72
42	9	73
42	3	74
43	13	75
44	38	76
44	38	77
46	13	80
46	12	81
47	6	82
47	14	83
48	37	84
49	36	85
50	5	86
51	5	87
52	14	88
52	5	89
53	16	90
53	16	91
54	5	92
54	6	93
55	37	94
57	10	97
58	9	98
59	42	99
59	41	1
59	41	100
59	41	64
62	6	101
62	5	1
62	14	102
63	14	103
64	14	104
64	5	105
64	5	106
64	6	93
65	4	10
65	9	8
66	20	107
68	13	108
69	5	109
69	5	39
70	11	23
70	12	14
70	13	110
71	20	24
72	12	14
73	10	47
73	3	111
74	10	54
74	3	112
75	42	113
75	41	114
76	85	115
77	53	116
77	53	41
78	24	117
78	15	118
78	15	119
79	14	120
80	10	77
80	3	121
81	14	122
82	12	91
82	13	123
83	12	124
84	42	125
84	42	1
84	42	126
84	42	127
84	48	128
84	48	129
84	48	130
84	46	131
85	5	1
85	6	132
86	38	133
86	38	134
86	38	135
88	6	0
88	5	14
88	14	136
90	13	22
90	11	23
90	12	137
91	25	33
91	16	14
92	24	138
92	15	139
93	6	21
94	23	91
94	20	140
95	46	131
96	36	141
97	36	141
98	36	141
99	72	129
99	73	142
100	72	130
100	73	142
101	6	143
101	14	21
101	14	144
101	5	1
102	11	13
102	11	65
102	11	0
102	13	145
102	13	146
102	13	147
102	13	148
102	12	149
103	20	150
104	5	41
105	6	151
105	6	152
105	6	153
105	6	139
105	6	65
105	6	154
105	6	155
105	14	1
105	14	85
105	5	156
105	5	1
105	5	157
105	5	158
105	5	159
106	27	160
107	72	126
107	73	142
108	72	125
108	73	142
109	72	127
109	73	142
110	4	161
110	3	41
111	4	162
111	9	14
112	41	41
112	42	1
112	42	21
112	46	41
112	46	26
113	70	163
113	42	164
114	16	14
114	16	165
114	24	65
116	5	1
117	13	166
118	5	41
119	4	162
119	3	14
120	18	21
120	9	1
121	53	167
121	77	26
122	19	21
123	10	168
123	9	26
124	6	169
124	14	170
125	6	171
125	5	14
126	70	1
126	46	172
126	48	173
127	24	65
127	16	14
128	43	174
128	6	175
129	6	152
129	5	1
130	26	176
130	15	177
130	16	41
131	43	162
131	5	14
132	6	21
132	5	1
132	14	178
133	10	179
133	10	180
133	10	0
133	9	181
133	9	182
133	9	183
133	9	184
133	9	26
133	4	185
135	13	186
136	13	187
136	13	188
136	11	0
136	12	189
137	11	190
137	13	191
137	12	41
138	6	192
138	14	193
139	10	194
139	9	181
140	16	195
140	16	196
140	16	37
140	16	197
140	16	109
140	16	198
140	16	199
140	16	200
140	16	201
140	16	202
140	16	203
140	16	90
140	16	204
140	16	14
140	16	1
140	16	205
140	16	206
140	16	124
140	16	207
140	16	208
140	16	209
140	16	16
140	16	32
140	16	210
140	16	211
140	16	212
140	16	213
140	16	214
140	16	215
140	16	216
140	16	217
140	16	218
140	16	219
140	16	220
140	16	221
140	16	222
140	16	223
140	16	224
140	16	17
140	16	225
140	16	226
140	16	41
140	16	227
140	16	228
140	16	229
140	16	230
140	16	231
140	16	87
140	16	232
140	16	64
140	16	233
140	16	234
140	16	235
140	16	236
140	16	237
140	24	238
140	24	152
140	24	239
140	24	240
140	24	241
140	24	242
140	24	243
140	24	93
140	24	244
140	24	245
140	24	1
140	24	246
140	24	38
140	24	247
140	24	248
140	24	99
140	24	249
140	24	250
140	24	251
140	24	21
140	24	227
140	24	252
140	24	253
140	24	0
140	24	65
140	24	254
140	24	255
140	24	256
140	24	23
140	24	257
140	24	258
140	16	259
140	16	260
140	16	196
140	16	261
140	16	200
140	16	202
140	16	204
140	16	201
140	16	14
140	16	206
140	16	32
140	16	262
140	16	213
140	16	212
140	16	223
140	16	221
140	16	263
140	16	116
140	16	264
140	16	265
140	16	266
140	16	267
140	16	268
140	16	87
140	16	269
140	16	270
140	16	271
140	16	236
140	16	235
140	16	272
140	15	273
140	15	274
140	15	242
140	15	275
140	15	276
140	15	277
140	15	278
140	15	279
140	15	280
140	15	281
140	15	282
140	15	283
140	15	284
140	15	285
140	15	286
140	15	287
140	15	288
140	15	289
140	15	290
140	15	291
140	15	292
140	15	293
140	15	294
140	15	272
140	15	295
140	15	296
140	15	297
140	15	298
140	15	299
140	15	300
140	15	204
140	15	301
140	15	13
140	15	302
140	15	303
140	15	304
140	15	305
140	15	218
140	15	306
140	15	263
140	15	307
140	15	308
140	15	309
140	15	310
140	15	268
140	15	267
140	15	311
140	15	312
140	15	313
140	15	314
140	15	315
140	15	316
140	15	317
140	15	318
140	15	319
140	15	243
140	15	320
140	15	321
140	15	322
140	15	323
140	15	324
140	15	325
140	15	326
140	15	327
140	15	328
140	15	329
140	15	262
140	15	330
140	15	331
140	15	332
140	15	333
140	15	141
140	15	334
140	15	335
140	15	21
140	15	336
140	15	337
140	15	338
140	15	339
140	15	340
140	15	341
140	15	342
140	15	72
140	15	343
140	15	344
140	15	345
140	15	346
140	15	347
140	15	348
140	15	349
140	15	261
140	15	14
140	15	350
140	15	351
140	15	352
140	15	353
140	15	354
140	15	355
140	15	356
140	15	357
140	15	358
140	15	116
140	15	359
140	15	360
140	15	361
140	15	362
140	15	363
140	15	364
140	15	365
140	15	366
140	25	367
140	25	368
140	25	369
140	25	18
140	25	370
140	25	371
140	25	372
140	25	179
140	25	373
140	25	374
140	25	375
140	25	376
140	25	377
140	25	378
140	25	379
140	25	380
140	25	381
140	25	382
140	25	383
140	25	384
140	25	385
140	25	386
140	25	387
140	25	388
140	25	389
140	25	390
140	25	391
140	25	392
140	26	179
140	26	367
140	26	393
140	26	391
140	26	394
140	26	395
140	26	396
140	26	397
140	26	398
140	26	385
140	26	45
140	26	399
140	16	227
141	59	181
141	49	194
141	49	400
142	18	97
142	10	141
142	10	97
142	10	401
142	9	356
142	9	348
142	9	402
143	20	303
144	18	403
144	10	276
145	31	367
145	23	211
145	20	404
146	31	381
146	23	259
146	20	405
149	10	406
149	9	268
150	28	407
151	72	408
152	19	23
152	31	376
152	23	14
152	20	409
153	87	410
153	72	411
154	10	412
154	3	413
154	3	414
155	75	415
156	13	351
156	12	14
157	19	416
157	20	417
158	20	418
160	10	419
160	9	420
161	20	421
162	18	422
162	3	423
163	18	424
163	3	227
163	9	425
165	29	97
166	6	21
166	5	224
166	5	207
166	5	220
166	5	14
167	15	32
167	16	32
168	28	240
169	6	426
169	14	427
169	5	428
170	13	275
171	20	322
172	29	429
172	30	1
173	6	99
173	14	430
174	6	190
174	43	176
174	14	191
174	14	431
174	14	177
174	14	432
174	5	41
174	5	433
175	23	200
175	20	434
176	18	435
176	18	436
176	10	354
177	23	271
177	20	437
178	23	32
178	20	438
179	87	439
179	87	440
179	87	441
179	72	254
179	72	250
179	72	252
179	73	14
180	20	292
181	13	34
181	12	14
182	23	32
182	20	442
183	23	32
183	20	443
184	34	444
185	34	445
186	11	65
186	12	14
186	13	446
187	12	227
188	11	0
188	12	15
188	13	136
189	6	447
189	6	448
189	14	21
190	6	93
190	14	449
190	14	450
191	12	32
191	13	451
193	14	452
194	6	152
195	34	453
197	10	0
197	10	454
197	9	455
199	5	456
200	13	457
203	5	456
203	5	86
203	14	458
204	13	459
205	34	460
206	84	461
207	84	462
208	84	463
209	13	464
210	6	465
210	6	0
211	13	466
212	20	467
213	70	468
213	42	469
214	20	470
214	20	471
217	43	472
217	43	473
218	49	474
218	49	475
219	27	141
220	10	141
220	9	324
221	31	367
221	23	263
221	20	404
222	49	476
222	49	477
222	49	478
222	49	479
222	59	232
222	59	268
222	59	223
223	28	480
223	28	481
224	87	14
224	72	482
225	10	483
225	3	484
226	12	90
226	13	485
227	52	88
227	52	432
227	52	486
227	52	21
227	52	487
227	53	433
227	53	488
227	53	489
227	53	41
227	53	89
227	61	21
227	103	310
228	20	292
229	12	14
229	12	490
229	12	491
229	13	492
229	13	493
230	18	141
230	9	32
231	5	14
231	6	1
232	13	494
232	12	495
233	119	93
234	20	496
235	10	497
235	9	498
236	11	21
236	12	14
237	20	499
238	72	255
239	38	480
239	38	500
240	6	21
241	34	460
242	85	462
242	85	463
242	85	461
243	6	152
243	14	0
244	49	501
244	59	358
245	28	502
245	28	503
246	6	21
246	14	504
247	38	505
247	38	49
248	13	470
249	49	506
250	49	507
251	49	508
252	87	509
252	72	482
254	27	510
255	27	478
255	78	268
256	16	511
257	38	480
257	38	512
258	20	485
259	29	97
261	14	513
262	12	89
262	13	514
263	23	515
264	13	516
264	12	517
265	20	518
265	23	14
266	5	32
266	6	519
266	14	520
267	5	32
267	6	521
267	14	522
268	5	32
268	6	523
268	14	524
269	49	141
269	49	525
269	49	526
269	49	527
269	49	528
269	49	529
269	49	530
269	49	531
269	49	532
269	49	533
269	49	534
269	49	535
270	18	497
270	3	498
270	10	536
270	9	537
271	27	141
271	27	538
271	27	97
271	27	539
271	27	65
271	27	540
271	27	101
271	27	541
271	27	542
271	27	543
271	27	544
271	44	545
271	44	546
271	78	14
271	78	14
271	78	1
273	11	512
273	13	547
274	12	548
274	12	266
274	13	549
274	13	550
275	10	329
276	72	251
277	28	502
277	28	551
278	36	552
278	60	14
279	27	553
280	10	437
281	10	554
281	10	245
281	10	555
281	18	555
281	9	232
281	9	218
281	9	230
282	36	556
283	75	437
284	18	141
284	3	14
284	3	557
284	3	558
