170	147	1002
170	147	976
170	147	1018
676	148	170
676	148	721
676	148	1047
676	148	981
676	145	337
676	145	631
676	145	965
676	149	938
475	146	35
475	146	4
35	147	84
35	147	793
35	147	1112
35	147	1046
35	147	1095
35	147	232
35	147	886
35	146	84
35	146	577
35	146	808
35	149	85
35	149	616
0	147	35
0	147	103
0	147	84
0	147	1107
0	147	950
0	147	172
0	147	4
0	147	169
0	147	3
0	147	1034
0	147	673
0	147	227
0	147	784
0	147	161
0	147	890
0	147	164
0	150	35
0	150	84
0	150	794
0	151	808
0	151	170
18	145	35
18	145	786
18	145	928
18	145	91
18	145	778
18	145	996
18	145	758
18	145	190
18	145	445
18	145	551
18	145	354
18	145	714
18	145	874
18	145	401
18	145	999
18	145	801
18	145	1129
18	145	759
18	145	219
18	148	35
18	148	814
18	148	855
18	148	1105
18	148	812
18	148	936
18	148	778
18	148	996
18	148	752
18	148	930
18	148	747
18	148	887
18	148	909
18	148	1022
18	148	601
18	148	790
18	148	19
18	148	534
18	148	464
18	148	20
18	148	453
18	147	59
18	147	108
18	147	577
18	147	451
18	147	435
18	147	835
18	147	35
18	147	647
18	147	147
18	147	686
18	147	214
18	147	194
18	147	954
18	147	782
18	147	931
18	147	1077
18	147	1101
18	147	449
18	149	485
18	149	681
18	149	783
18	149	558
18	149	462
18	149	130
18	149	907
18	149	884
18	149	865
18	149	478
18	149	845
18	149	1071
18	149	1136
18	149	754
18	149	1062
18	149	921
18	149	1003
18	149	1015
18	149	922
18	150	35
18	150	856
18	150	904
18	150	84
18	153	373
18	153	1057
347	146	35
59	147	895
59	147	35
59	147	1139
59	147	977
59	146	35
59	146	354
59	146	1101
455	148	1102
619	148	35
619	148	935
619	145	35
145	148	194
145	145	194
145	149	720
145	147	686
145	147	147
145	147	871
84	147	808
84	147	170
84	147	35
84	147	169
84	146	170
716	145	84
50	149	575
50	149	593
50	149	1085
50	149	1051
50	149	915
50	149	703
50	147	803
50	147	709
50	147	608
50	147	697
50	151	443
621	147	35
621	147	84
621	147	672
621	147	673
593	147	672
672	147	35
672	147	673
673	147	35
673	147	84
673	147	1027
673	146	35
537	146	84
51	147	84
51	147	90
51	147	1053
51	147	59
51	147	647
51	150	35
51	151	90
51	145	179
180	148	980
607	147	606
607	147	605
607	147	604
607	147	59
198	147	953
198	147	1005
198	151	953
198	149	134
210	151	789
210	147	881
403	148	694
403	147	59
403	147	443
403	147	487
443	147	59
575	151	443
575	151	1149
575	148	666
575	148	1072
575	148	777
575	148	985
575	147	576
575	147	577
575	147	84
487	147	503
437	147	503
577	147	84
577	147	35
577	146	84
62	145	84
62	149	61
62	149	979
62	149	917
62	148	84
62	147	511
62	147	577
61	148	108
61	145	108
66	148	666
66	148	714
66	148	839
66	147	84
66	147	696
66	149	1033
639	147	640
640	147	103
718	147	719
702	147	719
717	147	719
719	147	854
719	147	926
719	146	103
4	146	35
4	147	169
4	147	956
4	147	3
226	146	84
144	145	226
144	145	91
144	145	84
144	149	867
144	149	898
144	149	885
144	149	850
144	149	741
144	150	84
144	150	35
144	148	84
144	147	782
202	147	59
135	147	35
131	148	1151
526	148	935
680	148	382
590	150	35
590	147	170
590	147	84
410	151	170
410	147	808
428	148	869
117	148	382
117	147	118
118	147	788
104	148	1028
104	148	760
104	148	997
104	148	905
104	147	59
104	153	347
104	149	376
105	148	382
527	147	528
91	146	84
91	146	35
90	147	577
550	145	84
451	147	59
451	147	435
451	147	835
451	147	989
451	147	1050
451	147	908
544	147	518
545	147	957
545	147	546
470	148	770
677	147	170
657	146	84
620	148	914
543	145	795
543	145	920
543	148	795
485	147	501
357	147	35
357	147	170
357	150	35
404	147	35
404	150	84
511	146	808
511	147	407
559	148	1040
70	146	84
123	146	170
124	150	170
239	152	343
343	148	1035
539	148	748
539	147	59
356	148	35
525	147	515
643	148	35
625	148	170
642	146	35
733	148	35
733	150	84
733	147	59
733	149	182
733	149	18
380	147	799
380	147	973
700	146	35
700	146	1166
141	147	35
141	147	142
142	147	35
349	147	170
349	147	84
349	147	808
172	147	4
172	147	35
172	147	1106
172	147	951
624	148	3
624	147	3
87	147	172
87	147	4
87	147	947
146	148	35
146	148	779
146	147	194
714	146	35
149	147	59
149	147	148
149	147	150
149	147	775
517	147	990
517	147	516
374	150	84
150	147	775
111	148	880
112	148	924
623	148	1113
115	148	218
208	150	35
208	148	860
208	147	59
184	148	810
353	148	35
392	147	59
566	147	830
365	147	467
352	146	663
425	148	35
586	146	35
456	147	998
273	152	1153
699	148	746
377	147	424
216	147	174
571	150	35
571	147	572
195	147	4
195	147	3
2	150	35
199	148	217
667	148	3
667	148	159
175	146	4
1	151	4
1	147	3
139	147	1157
504	147	125
524	147	35
524	149	421
421	147	35
388	147	59
388	147	35
346	147	35
77	147	35
373	146	35
331	150	1043
331	150	511
331	147	170
331	147	511
331	147	505
331	149	1006
411	147	505
671	148	35
685	150	708
17	145	840
17	145	960
17	145	1160
17	148	1059
17	148	60
17	148	984
17	148	220
17	148	925
17	148	840
17	148	221
17	148	958
17	150	35
17	150	211
17	150	1092
17	150	841
17	147	577
17	147	211
17	147	35
17	147	1146
17	147	84
17	147	768
17	147	838
669	148	714
120	148	694
121	147	1090
192	145	751
193	146	84
193	146	170
129	147	84
363	147	772
705	148	714
705	148	694
705	147	706
706	147	745
387	147	35
387	148	916
481	147	59
622	148	1113
512	147	955
512	147	508
186	147	187
186	147	35
186	147	1135
186	151	187
186	149	654
186	150	35
187	147	35
654	147	35
213	147	35
110	147	35
227	147	35
231	147	232
230	147	232
230	147	35
652	147	232
652	147	35
190	146	35
189	150	35
189	147	227
189	147	35
189	149	127
609	150	35
609	147	227
609	147	35
126	147	35
626	147	1027
626	147	627
627	146	35
627	147	1027
648	150	35
648	147	35
122	146	35
203	147	228
701	146	35
664	148	714
361	148	35
361	147	577
361	147	35
361	147	932
361	147	1070
407	147	511
398	148	909
182	147	183
100	147	35
391	147	35
391	147	1139
581	147	35
644	148	751
574	148	35
574	150	35
76	148	35
58	148	1147
60	146	59
354	146	35
27	147	511
27	147	35
576	147	577
576	147	84
372	147	101
372	149	17
372	148	960
167	145	984
167	145	59
355	148	694
355	147	448
384	146	63
489	147	509
662	146	35
690	148	827
554	147	507
181	146	35
81	147	82
32	148	732
32	147	520
32	147	823
32	147	33
32	147	34
32	147	170
32	147	596
32	147	858
32	147	597
32	149	1054
32	149	1018
32	149	1058
32	149	742
32	150	1086
732	146	35
520	147	823
163	150	0
163	147	164
165	147	164
468	148	939
568	148	901
610	148	940
610	149	811
351	148	912
351	147	482
599	147	628
137	147	35
137	147	84
137	147	4
393	150	35
393	148	1129
408	148	861
179	146	35
608	147	59
646	152	51
197	148	219
83	148	861
83	147	84
68	151	4
68	147	35
68	148	785
602	147	35
447	148	1073
683	148	84
683	150	84
499	147	1016
333	150	808
497	146	1031
632	145	84
579	147	834
350	147	1120
350	147	1168
612	148	787
340	148	987
449	147	362
362	148	35
415	147	35
220	146	35
532	148	1110
74	147	35
696	147	59
535	148	35
44	147	431
221	146	35
533	148	944
37	147	35
703	147	697
703	147	1140
703	149	974
697	147	59
713	148	35
152	147	452
638	148	1117
400	147	170
400	147	808
413	148	1133
413	147	483
486	147	808
486	151	808
463	148	1065
109	148	1080
