30	0	38
38	1	30
30	0	44
44	1	30
30	0	37
37	1	30
30	0	33
33	1	30
30	0	34
34	1	30
18	0	37
37	1	18
18	0	44
44	1	18
18	0	33
33	1	18
18	0	30
30	1	18
18	0	38
38	1	18
18	0	34
34	1	18
46	0	63
63	1	46
46	0	47
47	1	46
46	0	81
81	1	46
46	0	68
68	1	46
46	0	66
66	1	46
46	0	80
80	1	46
46	0	70
70	1	46
46	0	48
48	1	46
46	0	64
64	1	46
46	0	71
71	1	46
46	0	82
82	1	46
46	0	49
49	1	46
46	0	76
76	1	46
46	0	50
50	1	46
46	0	51
51	1	46
46	0	75
75	1	46
46	0	74
74	1	46
46	0	52
52	1	46
46	0	73
73	1	46
46	0	79
79	1	46
46	0	53
53	1	46
46	0	54
54	1	46
46	0	67
67	1	46
46	0	55
55	1	46
46	0	56
56	1	46
46	0	57
57	1	46
46	0	69
69	1	46
46	0	58
58	1	46
46	0	78
78	1	46
46	0	59
59	1	46
46	0	60
60	1	46
46	0	61
61	1	46
46	0	62
62	1	46
46	0	77
77	1	46
68	0	72
72	1	68
68	0	77
77	1	68
68	0	73
73	1	68
68	0	74
74	1	68
68	0	75
75	1	68
68	0	80
80	1	68
68	0	81
81	1	68
68	0	78
78	1	68
68	0	76
76	1	68
68	0	79
79	1	68
19	0	46
46	1	19
19	0	68
68	1	19
19	0	51
51	1	19
6	0	46
46	1	6
6	0	68
68	1	6
6	0	77
77	1	6
6	0	73
73	1	6
6	0	72
72	1	6
28	0	32
32	1	28
28	0	36
36	1	28
28	0	43
43	1	28
5	0	69
69	1	5
5	0	58
58	1	5
5	0	57
57	1	5
5	0	46
46	1	5
5	0	22
22	1	5
22	0	58
58	1	22
22	0	69
69	1	22
22	0	57
57	1	22
22	0	46
46	1	22
7	0	23
23	1	7
26	0	46
46	1	26
26	0	53
53	1	26
11	0	46
46	1	11
11	0	48
48	1	11
11	0	25
25	1	11
11	0	26
26	1	11
35	0	60
60	1	35
35	0	39
39	1	35
35	0	65
65	1	35
35	0	45
45	1	35
35	0	40
40	1	35
35	0	41
41	1	35
35	0	49
49	1	35
35	0	46
46	1	35
35	0	56
56	1	35
35	0	42
42	1	35
31	0	46
46	1	31
31	0	35
35	1	31
4	0	39
39	1	4
4	0	35
35	1	4
24	0	35
35	1	24
24	0	40
40	1	24
15	0	46
46	1	15
3	0	21
21	1	3
17	0	52
52	1	17
17	0	29
29	1	17
78	0	81
81	1	78
78	0	79
79	1	78
78	0	80
80	1	78
14	0	36
36	1	14
14	0	43
43	1	14
14	0	32
32	1	14
14	0	28
28	1	14
25	0	46
46	1	25
13	0	46
46	1	13
13	0	31
31	1	13
20	0	46
46	1	20
20	0	31
31	1	20
72	0	80
80	1	72
72	0	77
77	1	72
72	0	78
78	1	72
33	0	44
44	1	33
33	0	37
37	1	33
47	0	81
81	1	47
47	0	71
71	1	47
47	0	63
63	1	47
79	0	81
81	1	79
54	0	67
67	1	54
10	0	35
35	1	10
10	0	24
24	1	10
10	0	40
40	1	10
63	0	71
71	1	63
63	0	81
81	1	63
36	0	69
69	1	36
36	0	58
58	1	36
36	0	43
43	1	36
37	0	44
44	1	37
55	0	68
68	1	55
55	0	80
80	1	55
61	0	70
70	1	61
12	0	56
56	1	12
12	0	27
27	1	12
12	0	46
46	1	12
49	0	65
65	1	49
80	0	81
81	1	80
34	0	38
38	1	34
34	0	44
44	1	34
50	0	66
66	1	50
57	0	70
70	1	57
57	0	69
69	1	57
77	0	80
80	1	77
58	0	69
69	1	58
43	0	69
69	1	43
43	0	58
58	1	43
32	0	36
36	1	32
32	0	43
43	1	32
42	0	60
60	1	42
42	0	46
46	1	42
42	0	56
56	1	42
27	0	56
56	1	27
81	0	82
82	1	81
41	0	45
45	1	41
48	0	64
64	1	48
