18	0	19
19	1	18
18	0	23
23	1	18
18	0	22
22	1	18
18	0	20
20	1	18
18	0	24
24	1	18
18	0	21
21	1	18
3	0	20
20	1	3
3	0	18
18	1	3
3	0	9
9	1	3
9	0	18
18	1	9
9	0	20
20	1	9
6	0	23
23	1	6
6	0	21
21	1	6
6	0	18
18	1	6
6	0	12
12	1	6
10	0	14
14	1	10
11	0	19
19	1	11
11	0	18
18	1	11
11	0	15
15	1	11
11	0	17
17	1	11
11	0	16
16	1	11
12	0	20
20	1	12
12	0	21
21	1	12
12	0	23
23	1	12
12	0	18
18	1	12
12	0	16
16	1	12
19	0	22
22	1	19
4	0	14
14	1	4
4	0	10
10	1	4
5	0	15
15	1	5
5	0	17
17	1	5
5	0	11
11	1	5
7	0	13
13	1	7
16	0	18
18	1	16
16	0	19
19	1	16
22	0	24
24	1	22
21	0	23
23	1	21
15	0	17
17	1	15
