3	42	0
3	42	1
3	42	2
3	42	3
4	48	4
5	11	5
5	11	6
7	37	9
8	14	10
8	6	11
9	36	12
11	49	14
12	87	15
12	72	16
12	72	17
12	73	18
15	12	22
15	13	23
16	5	24
17	48	25
17	42	10
17	46	26
18	14	27
18	6	28
19	29	29
19	29	30
19	30	24
19	30	31
22	5	18
22	6	32
23	70	33
24	57	34
24	57	35
26	18	38
26	9	39
29	64	43
30	19	44
30	20	45
30	23	46
32	42	47
33	57	48
34	6	49
34	5	18
35	18	8
35	10	50
35	9	51
36	54	52
36	54	53
38	7	56
38	7	57
38	68	58
39	18	4
39	10	59
39	9	60
41	5	61
41	6	32
42	18	4
42	3	24
43	18	62
43	9	39
45	9	65
45	4	66
45	10	67
45	3	68
46	6	10
46	43	69
48	6	10
48	43	71
49	56	72
49	57	10
50	36	73
50	37	74
51	48	75
51	42	24
51	46	76
52	6	60
54	72	79
54	72	80
54	73	81
55	46	82
55	46	83
55	48	4
56	3	84
57	48	25
57	42	10
57	46	85
59	6	36
60	23	46
60	20	87
61	20	88
61	23	89
62	12	90
62	13	91
64	49	92
65	5	18
66	49	93
66	49	94
68	42	97
68	48	98
68	48	99
70	37	24
70	36	101
71	23	46
71	20	102
72	12	103
72	13	104
74	42	35
74	48	4
75	46	105
75	42	10
75	48	25
76	5	18
77	28	106
77	28	4
78	27	107
79	14	108
79	14	109
79	6	32
80	49	110
80	49	111
80	49	112
82	36	114
82	36	115
84	57	116
84	57	34
85	18	117
86	6	118
87	57	119
87	56	120
88	57	119
88	56	121
89	28	14
90	6	49
90	14	122
90	14	123
90	5	24
91	5	18
91	6	32
92	65	124
93	5	125
94	5	126
95	90	127
96	48	75
96	42	24
96	46	76
97	114	84
99	14	128
99	14	129
99	6	49
99	5	18
100	5	18
100	6	32
101	86	130
101	65	84
102	49	97
102	59	131
103	5	18
103	6	32
104	14	10
105	5	18
106	27	4
106	27	132
107	9	8
107	10	133
108	32	117
109	87	134
109	72	135
110	6	49
110	5	136
110	14	137
111	28	29
111	28	138
112	19	129
112	23	139
112	20	140
113	42	141
113	42	142
113	42	143
113	42	144
113	42	145
113	42	146
113	42	10
113	42	25
113	42	147
113	46	148
113	46	149
113	46	150
113	46	151
113	46	152
113	46	153
113	46	154
113	48	12
113	48	147
113	48	155
113	48	25
113	48	156
113	41	157
114	10	158
114	10	159
114	10	160
114	3	84
115	38	10
116	42	49
117	18	147
117	9	18
117	10	161
118	18	25
118	9	162
119	27	163
120	4	164
120	4	165
120	10	166
120	10	167
120	10	168
120	10	164
120	18	49
120	18	169
120	3	170
120	9	170
120	9	171
121	9	4
121	18	49
122	82	164
122	83	170
122	83	172
123	11	49
123	12	136
123	13	137
124	18	49
124	4	173
124	9	171
125	18	35
125	9	4
126	24	174
126	24	175
126	24	176
126	24	44
126	24	177
126	24	178
126	24	179
126	24	180
126	24	10
126	24	181
126	24	182
126	24	183
126	24	184
126	24	185
126	24	186
126	24	187
126	24	188
126	24	189
126	24	190
126	24	191
126	24	24
126	24	192
126	24	193
126	24	194
126	24	195
126	24	196
126	24	49
126	24	197
126	24	198
126	24	199
126	24	146
126	24	200
126	24	6
126	24	201
126	24	202
126	24	32
126	24	203
126	24	204
126	24	205
126	24	206
126	24	207
126	24	208
126	24	209
126	24	48
126	24	210
126	24	211
126	24	156
126	24	212
126	24	213
126	24	47
126	24	214
126	24	215
126	24	216
126	24	28
126	24	217
126	24	218
126	24	219
126	24	220
126	24	5
126	24	221
126	24	222
126	24	169
126	24	223
126	24	4
126	24	108
126	24	129
126	15	224
126	15	225
126	15	226
126	15	227
126	15	228
126	15	229
126	15	230
126	15	231
126	15	232
126	15	233
126	15	234
126	15	235
126	15	236
126	15	237
126	15	238
126	15	239
126	15	240
126	15	241
126	15	242
126	15	243
126	15	206
126	15	244
126	15	245
126	15	246
126	15	247
126	15	248
126	15	249
126	15	139
126	15	35
126	15	250
126	15	251
126	15	252
126	15	253
126	15	254
126	15	255
126	15	256
126	15	88
126	15	257
126	15	258
126	15	259
126	15	260
126	15	261
126	15	262
126	15	44
126	15	263
126	15	264
126	15	181
126	15	265
126	15	266
126	15	165
126	15	267
126	15	268
126	15	269
126	15	49
126	15	270
126	15	271
126	15	32
126	15	272
126	15	273
126	15	274
126	15	275
126	15	276
126	15	277
126	15	278
126	15	279
126	15	280
126	15	281
126	15	282
126	15	283
126	15	284
126	15	285
126	15	286
126	15	287
126	15	288
126	15	289
126	15	290
126	15	291
126	15	292
126	15	293
126	15	171
126	15	90
126	15	294
126	15	295
126	15	296
126	15	297
126	15	298
126	15	79
126	15	103
126	15	299
126	15	300
126	15	301
126	15	302
126	15	303
126	15	304
126	15	305
126	15	197
126	15	306
126	15	201
126	15	307
126	15	308
126	15	309
126	15	310
126	15	311
126	15	312
126	15	313
126	15	314
126	15	212
126	15	315
126	15	316
126	15	317
126	15	318
126	15	319
126	15	320
126	15	22
126	15	321
126	15	322
126	15	323
126	15	324
126	15	325
126	15	326
126	15	327
126	15	328
126	15	329
126	15	330
126	15	331
126	15	332
126	15	333
126	15	129
126	15	334
126	15	335
126	15	336
126	15	337
126	15	338
126	15	339
126	15	18
126	15	340
126	15	341
126	15	342
126	15	10
126	15	343
126	15	344
126	15	345
126	15	346
126	15	347
126	15	348
126	15	349
126	15	350
126	15	351
126	15	352
126	15	353
126	15	354
126	15	355
126	15	208
126	15	356
126	15	357
126	15	358
126	15	359
126	15	360
126	15	361
126	15	216
126	15	362
126	15	363
126	15	364
126	15	365
126	15	366
126	15	367
126	15	368
126	15	369
126	15	370
126	16	371
126	16	372
126	16	373
126	16	374
126	16	171
126	16	226
126	16	228
126	16	18
126	16	65
126	16	265
126	16	375
126	16	234
126	16	371
126	16	376
126	16	303
126	16	345
126	16	377
126	16	24
126	16	378
126	16	379
126	16	380
126	16	270
126	16	308
126	16	381
126	16	244
126	16	357
126	16	283
126	16	245
126	16	246
126	16	360
126	16	139
126	16	319
126	16	288
126	16	382
126	16	46
126	16	290
126	16	329
126	16	291
126	16	331
126	16	330
126	16	61
126	16	383
126	16	384
126	16	385
126	16	226
126	16	386
126	16	18
126	16	65
126	16	387
126	16	375
126	16	301
126	16	60
126	16	24
126	16	378
126	16	379
126	16	388
126	16	89
126	16	389
126	16	381
126	16	212
126	16	382
126	16	46
126	16	390
126	16	68
126	16	391
126	16	4
126	16	392
126	26	393
126	26	394
126	26	148
126	26	395
126	26	396
126	26	397
126	26	105
126	26	398
126	26	399
126	26	150
126	26	400
126	26	152
126	26	153
126	26	401
126	26	151
126	26	154
126	25	402
126	25	403
126	25	404
126	25	405
126	25	406
126	25	407
126	25	408
126	25	399
126	25	409
126	25	410
126	25	411
126	16	412
126	16	413
127	23	46
127	20	414
128	27	24
128	27	113
129	64	10
129	64	415
130	19	184
130	20	416
130	20	417
130	23	413
131	19	197
131	20	418
132	27	419
133	20	420
133	23	308
134	20	249
134	20	421
135	28	422
136	19	267
136	20	423
138	28	10
138	28	424
139	23	46
139	20	425
140	65	426
141	20	427
142	19	49
142	23	24
142	20	428
142	20	429
142	20	430
142	20	230
144	65	431
145	28	432
146	20	433
148	65	434
149	27	435
150	20	436
150	20	437
150	31	404
150	23	378
151	28	49
152	27	438
153	84	439
154	29	440
154	76	266
155	49	441
155	49	442
156	27	443
157	84	444
158	23	46
158	20	445
160	31	402
160	20	446
160	20	447
160	20	448
162	84	449
163	28	49
163	28	450
163	28	35
164	57	34
166	27	451
167	72	452
167	73	8
168	84	186
169	27	25
170	84	182
171	57	52
172	9	453
172	9	454
172	10	93
173	49	14
173	49	455
174	86	24
175	84	187
176	20	10
176	23	373
176	23	374
176	23	377
176	23	380
176	23	162
176	31	456
176	31	457
176	31	458
176	31	148
177	28	459
177	28	460
178	49	461
178	49	462
179	36	10
180	34	463
180	34	325
180	34	464
180	34	313
181	20	27
181	19	28
182	19	191
182	20	281
182	31	465
183	19	49
183	20	227
184	97	46
185	84	211
186	38	10
186	38	466
188	23	226
188	20	467
189	84	468
190	6	4
190	6	469
190	5	386
191	31	409
191	20	279
191	23	368
192	23	46
192	20	470
193	36	471
195	19	24
195	20	472
196	3	473
196	3	474
197	13	475
197	13	476
198	64	477
199	10	10
200	19	219
200	20	478
201	19	215
201	20	479
202	27	35
203	27	35
204	10	480
204	9	65
205	6	198
206	84	481
207	6	32
207	5	18
208	36	25
209	36	101
210	11	482
210	11	483
210	13	224
210	13	355
210	12	24
211	32	484
212	36	485
212	60	60
213	11	486
213	13	487
214	11	488
214	13	489
215	13	490
217	84	491
218	94	197
219	64	492
220	84	493
223	38	494
224	90	495
224	90	49
224	64	4
225	49	496
225	49	10
226	27	24
227	90	4
227	63	4
228	64	497
229	84	444
230	64	25
231	49	93
231	49	498
231	59	454
233	28	10
233	28	499
234	84	211
234	97	500
235	18	501
236	13	502
237	20	502
238	84	468
239	27	503
239	44	24
240	28	10
240	28	504
241	64	215
242	3	84
242	10	505
243	72	198
243	73	500
243	73	60
244	6	506
244	14	235
244	5	18
245	13	507
247	11	488
247	11	486
248	11	28
249	20	27
250	21	508
250	21	509
250	21	510
250	21	107
250	21	511
250	21	512
251	9	18
251	9	379
251	10	80
251	3	513
251	18	147
252	38	10
252	38	62
253	38	10
253	38	38
254	64	146
256	65	10
257	64	486
258	64	488
259	20	514
260	18	511
260	18	512
260	3	515
260	9	516
261	72	80
262	49	517
262	49	62
263	49	10
263	49	518
264	49	519
264	49	38
265	49	10
265	49	518
266	32	520
266	32	521
266	32	522
266	32	523
266	32	524
266	32	525
266	32	526
266	32	527
266	32	528
266	32	529
266	32	530
266	32	531
266	32	532
266	32	533
266	32	534
266	32	10
266	32	535
266	32	536
266	108	65
267	90	537
268	13	538
268	13	511
268	13	512
268	13	539
268	11	511
268	11	512
269	49	519
269	49	38
269	49	517
269	49	62
270	64	38
270	64	62
271	27	540
272	64	541
274	14	10
275	64	212
276	57	484
277	28	542
278	28	543
279	38	521
279	38	544
280	37	24
280	37	545
280	37	546
280	37	547
280	37	548
280	37	212
280	37	549
280	37	4
280	36	550
280	36	174
280	36	551
280	36	552
280	36	35
280	36	553
280	36	554
280	36	12
280	36	555
280	36	10
280	36	424
280	36	183
280	36	101
281	64	12
282	87	24
282	72	556
283	57	424
283	57	35
284	18	557
284	9	558
285	41	24
285	41	46
285	46	559
285	70	223
287	65	174
288	65	116
288	65	34
289	36	560
289	37	561
290	72	424
291	72	35
292	72	562
293	72	563
294	36	424
294	36	564
295	49	440
295	49	565
295	59	566
296	84	174
297	28	424
298	28	35
299	72	567
299	72	568
299	72	564
300	49	569
300	49	570
300	49	471
300	49	545
300	49	571
300	49	572
300	49	527
300	49	573
300	49	574
300	49	575
300	49	576
300	49	448
300	49	555
300	49	577
300	49	578
300	49	10
300	49	181
300	49	110
300	49	579
300	49	580
300	49	484
300	49	581
300	49	101
300	49	93
300	49	582
300	49	583
300	49	584
300	49	585
300	49	191
300	49	586
300	49	587
300	49	588
300	49	195
300	49	589
300	49	590
300	49	591
300	49	592
300	49	593
300	49	594
300	49	595
300	49	596
300	49	597
300	49	598
300	49	599
300	49	281
300	49	600
300	49	601
300	49	602
300	49	603
300	49	111
300	49	554
300	49	212
300	49	424
300	49	604
300	49	35
300	49	605
300	49	606
300	49	607
300	49	608
300	49	609
300	49	95
300	49	610
300	49	611
300	49	612
300	49	613
300	49	614
300	49	4
300	49	615
300	132	4
300	59	616
300	59	54
300	59	617
300	59	618
300	59	619
300	59	587
301	36	101
302	64	174
303	10	181
303	3	620
304	64	101
304	64	592
304	64	621
304	64	622
304	64	57
304	64	623
304	64	624
304	64	56
304	64	625
304	64	626
304	64	424
304	64	183
304	64	627
304	64	35
304	90	10
304	90	208
304	90	628
304	63	545
304	63	629
304	63	593
304	63	630
305	49	585
305	49	10
305	49	101
305	49	573
306	28	585
306	28	631
307	49	424
307	49	25
307	49	632
307	49	610
308	28	584
308	28	633
308	28	634
309	38	635
309	38	10
310	28	604
311	28	611
312	65	10
312	86	636
313	38	609
313	38	101
314	64	637
314	64	638
314	63	575
315	48	591
315	42	639
316	13	627
317	5	54
317	5	640
317	6	641
318	38	578
318	38	101
318	39	619
319	42	642
319	46	85
319	46	26
320	28	570
320	28	643
321	40	453
321	40	46
322	49	10
323	86	644
323	86	645
323	65	174
324	21	646
324	22	46
325	65	190
325	65	647
325	65	176
327	64	648
327	64	649
327	63	650
328	75	129
328	94	129
329	10	97
329	9	54
330	9	651
330	10	147
330	3	18
331	28	652
331	71	645
332	87	419
332	87	595
332	87	24
332	87	435
332	87	424
332	87	653
332	87	654
332	72	59
332	72	655
332	72	343
332	72	656
332	72	183
332	72	10
332	72	657
332	72	101
332	72	658
332	72	659
332	72	660
332	72	195
332	72	661
332	72	662
332	72	627
332	72	663
332	72	664
332	72	665
332	72	666
332	72	281
332	72	667
332	72	668
332	72	669
332	72	424
332	72	35
332	72	485
332	72	670
332	72	671
332	72	672
332	72	143
332	72	673
332	73	60
332	73	46
332	73	674
332	73	675
332	73	4
333	11	129
334	72	676
334	72	677
334	72	678
334	73	18
335	84	679
335	99	680
336	10	681
336	9	4
337	20	682
338	86	683
339	20	281
339	20	10
340	27	568
341	101	684
341	101	491
341	101	685
341	101	686
341	101	212
341	100	687
342	72	116
342	72	34
343	64	688
344	13	689
345	57	35
346	18	690
346	3	4
346	10	183
347	48	691
348	65	424
348	65	625
348	65	624
348	65	35
349	65	648
349	65	649
350	65	637
350	65	638
351	64	12
352	10	676
352	10	677
352	10	678
352	3	18
353	101	621
353	100	680
354	49	692
354	49	693
354	49	681
354	49	665
354	59	587
354	59	4
355	19	10
355	20	10
356	65	281
357	85	174
357	85	424
357	85	369
357	85	261
358	101	688
359	13	694
360	50	669
360	50	621
360	50	663
360	92	695
360	92	680
361	20	696
362	20	697
363	10	621
363	3	500
364	17	281
364	40	698
365	64	699
365	64	493
366	85	672
366	85	211
367	28	138
367	28	700
