0	48
1	49
2	49
3	49
4	49
5	49
6	49
7	50
8	49
9	52
10	52
11	46
12	46
13	49
14	49
15	49
16	49
17	49
18	49
19	50
20	49
21	49
22	49
23	49
24	49
25	48
26	51
27	50
28	49
29	48
30	49
31	49
32	49
33	46
34	51
35	49
36	46
37	46
38	46
39	51
40	51
41	49
42	49
43	49
44	49
45	49
46	49
47	50
48	48
49	46
50	49
51	49
52	49
53	52
54	47
55	49
56	49
57	48
58	49
59	49
60	49
61	49
62	46
63	49
64	49
65	51
66	49
67	46
68	48
69	47
70	52
71	51
72	48
73	49
74	50
75	49
76	49
77	48
78	48
79	49
80	51
81	49
82	51
83	49
84	51
85	49
86	51
87	49
88	51
89	49
90	51
91	49
92	49
93	49
94	48
95	52
96	48
97	49
98	49
99	49
100	46
101	49
102	49
103	51
104	49
105	51
106	49
107	46
108	46
109	46
110	49
111	49
112	50
113	48
114	48
115	49
116	49
117	49
118	49
119	49
120	49
121	49
122	48
123	49
124	49
125	49
126	51
127	49
128	50
129	46
130	51
131	46
132	51
133	49
134	49
135	49
136	46
137	49
138	49
139	50
140	49
141	49
142	49
143	49
144	50
145	49
146	49
147	49
148	49
149	49
150	50
151	50
152	49
153	46
154	46
155	46
156	46
157	46
158	46
159	46
160	46
161	49
162	49
163	49
164	49
165	50
166	49
167	49
168	49
169	49
170	49
171	49
172	49
173	49
174	51
175	51
176	51
177	51
178	51
179	51
180	49
181	46
182	49
183	49
184	49
185	49
186	49
187	49
188	49
189	48
190	49
191	49
192	47
193	46
194	49
195	49
196	49
197	49
198	49
199	49
200	49
201	49
202	49
203	46
204	49
205	51
206	49
207	49
208	49
209	49
210	49
211	49
212	50
213	49
214	49
215	49
216	49
217	49
218	49
219	49
220	49
221	49
222	49
223	50
224	49
225	49
226	49
227	46
228	49
229	49
230	49
231	46
232	49
233	49
234	49
235	49
236	49
237	46
238	49
239	49
240	46
241	49
242	46
243	49
244	49
245	49
246	46
247	49
248	46
249	50
250	49
251	49
252	49
253	46
254	49
255	49
256	49
257	49
258	49
259	46
260	49
261	49
262	49
263	49
264	47
265	49
266	49
267	49
268	49
269	48
270	49
271	49
272	49
273	49
274	49
275	49
276	49
277	49
278	49
279	49
280	49
281	49
282	49
283	47
284	46
285	49
286	49
287	46
288	49
289	49
290	49
291	49
292	49
293	49
294	49
295	46
296	49
297	49
298	49
299	49
300	47
301	49
302	46
303	49
304	46
305	46
306	49
307	49
308	49
309	49
310	46
311	46
312	49
313	52
314	47
315	52
316	47
317	52
318	52
319	52
320	52
321	52
322	47
323	52
324	52
325	52
326	52
327	52
328	52
329	47
330	52
331	52
332	49
333	49
334	49
335	50
336	50
337	49
338	50
339	50
340	49
341	49
342	49
343	50
344	50
345	49
346	49
347	50
348	49
349	49
350	49
351	50
352	50
353	49
354	49
355	46
356	48
357	46
358	51
359	46
360	51
361	51
362	48
363	46
364	48
365	48
366	51
367	51
368	48
369	51
370	51
371	51
372	48
373	51
374	51
375	48
376	48
377	51
378	51
379	51
380	46
381	51
382	51
383	48
384	46
385	51
386	52
387	52
388	52
389	52
390	52
391	52
392	52
393	52
394	52
395	47
396	47
397	52
398	52
399	52
400	52
401	52
402	52
403	52
404	52
405	52
406	52
407	52
408	49
409	49
410	46
411	46
412	49
413	46
414	50
415	49
416	49
417	50
418	46
419	49
420	49
421	49
422	49
423	46
424	46
425	46
426	46
427	46
428	46
429	46
430	46
431	49
432	49
433	49
434	46
435	49
436	49
437	49
438	49
439	49
440	49
441	49
442	46
443	46
444	49
445	49
446	49
447	49
448	49
449	49
450	49
451	49
452	47
453	49
454	49
455	50
456	50
457	49
458	49
459	50
460	49
461	51
462	49
463	49
464	49
465	49
466	49
467	46
468	49
469	49
470	49
471	49
472	49
473	49
474	49
475	49
476	46
477	49
478	49
479	49
480	49
481	51
482	46
483	49
484	49
485	49
486	48
487	49
488	49
489	49
490	49
491	48
492	48
493	49
494	49
495	49
496	49
497	49
498	49
499	49
500	49
501	50
502	49
503	49
504	50
505	49
506	49
507	51
508	51
509	49
510	49
511	51
512	49
513	49
514	52
515	47
516	49
517	49
518	49
519	49
520	49
521	46
522	49
523	49
524	49
525	49
526	47
527	47
528	46
529	47
530	47
531	46
532	49
533	49
534	49
535	49
536	49
537	48
538	50
539	50
540	49
541	46
542	49
543	49
544	49
545	46
546	49
547	49
548	49
549	47
550	47
551	47
552	51
553	48
554	49
555	50
556	51
557	50
558	51
559	50
560	51
561	51
562	51
563	49
564	51
565	49
566	48
567	49
568	51
569	49
570	50
571	51
572	50
573	49
574	49
575	49
576	51
577	46
578	49
579	49
580	48
581	49
582	49
583	48
584	50
585	49
586	51
587	51
588	49
589	49
590	49
591	49
592	49
593	50
594	48
595	49
596	49
597	50
598	48
599	51
600	49
601	46
602	49
603	48
604	50
605	51
606	50
607	49
608	50
609	50
610	50
611	49
612	51
613	51
614	48
615	49
616	50
617	48
618	50
619	48
620	49
621	49
622	48
623	49
624	49
625	51
626	50
627	50
628	49
629	49
630	50
631	50
632	49
633	49
634	49
635	51
636	49
637	51
638	50
639	49
640	46
641	46
642	49
643	51
644	48
645	50
646	50
647	48
648	51
649	46
650	48
651	49
652	46
653	49
654	49
655	50
656	50
657	50
658	51
659	51
660	48
661	49
662	49
663	49
664	48
665	51
666	46
667	48
668	49
669	50
670	49
671	46
672	48
673	49
674	51
675	49
676	50
677	46
678	49
679	49
680	49
681	46
682	49
683	48
684	46
685	49
686	50
687	49
688	46
689	49
690	51
691	50
692	49
693	49
694	48
695	50
696	49
697	50
698	48
699	48
700	51
701	49
702	49
703	50
704	46
705	52
706	48
707	49
708	49
709	50
710	48
711	50
712	49
713	49
714	49
715	49
716	49
717	50
718	49
719	48
720	51
721	51
722	50
723	48
724	46
725	51
726	50
727	49
728	49
729	49
730	49
731	50
732	46
733	49
734	49
735	46
736	50
737	49
738	49
739	48
740	50
741	51
742	50
743	51
744	49
745	49
746	51
747	49
748	48
749	49
750	50
751	50
752	48
753	50
754	48
755	50
756	48
