2	22	0
5	25	9
5	25	10
6	12	11
6	12	12
6	13	13
6	13	14
7	49	15
7	49	16
7	49	17
7	49	18
9	61	19
10	49	20
11	20	21
12	36	22
12	36	23
13	14	24
14	5	25
14	5	26
14	6	27
14	14	28
15	12	29
15	13	30
16	12	29
16	13	31
17	24	32
17	15	33
17	15	34
18	6	35
18	14	36
18	14	37
18	14	38
19	3	39
19	9	40
20	6	41
20	14	42
21	16	0
21	15	43
22	5	39
22	6	44
22	14	45
23	28	46
23	28	47
24	16	48
25	5	49
25	5	26
25	6	50
25	6	51
25	14	52
25	43	53
25	43	54
26	57	55
27	49	56
29	16	57
30	14	58
31	74	59
31	62	60
32	49	61
32	59	62
33	13	63
34	52	64
34	53	65
36	6	68
36	43	69
36	43	70
36	5	71
36	5	72
37	6	73
37	14	74
39	20	75
40	14	76
40	6	77
40	5	78
41	52	79
41	53	80
42	24	81
42	16	82
43	14	83
43	5	25
44	12	84
45	6	85
45	5	29
45	5	86
46	6	87
46	5	29
46	5	88
47	6	89
47	5	90
48	13	91
49	14	92
49	14	93
49	5	94
49	43	95
50	12	96
50	13	97
51	49	98
52	12	96
52	13	99
53	15	100
55	14	101
55	5	25
56	6	102
56	5	103
57	10	104
57	9	105
58	6	106
58	14	107
58	14	108
58	14	109
59	62	110
60	9	68
60	10	111
61	6	112
61	5	40
61	5	113
61	5	39
61	5	114
62	12	0
63	74	115
63	74	116
63	62	46
63	62	47
64	13	117
64	12	29
65	28	55
66	14	56
67	28	118
68	13	119
68	12	29
69	13	58
70	13	60
71	18	120
71	10	121
71	9	122
72	14	63
73	13	123
73	13	124
74	13	125
75	5	126
75	14	127
75	6	128
76	9	129
76	3	130
77	9	131
77	3	132
78	16	96
79	16	96
80	5	26
80	14	133
80	6	128
81	12	0
81	13	134
82	20	135
82	23	136
83	49	137
83	49	138
83	49	139
83	49	140
83	49	141
83	49	142
83	49	143
83	49	144
83	49	145
83	49	146
83	49	147
83	49	148
83	49	149
83	49	150
83	49	151
83	49	152
83	59	153
83	59	154
83	59	155
83	59	156
83	59	157
83	59	158
83	59	159
83	59	160
84	14	161
85	15	162
85	16	122
86	13	163
86	12	29
87	13	164
87	12	29
88	13	135
88	12	136
89	6	165
89	14	166
90	52	167
90	52	168
90	52	169
90	52	170
90	52	171
90	52	172
90	52	173
90	53	174
90	53	122
90	53	175
90	53	176
90	53	177
90	53	178
90	53	179
90	61	180
91	15	181
91	15	182
91	15	183
91	15	170
91	15	184
91	15	185
91	15	186
91	15	187
91	15	172
91	15	188
91	15	189
91	15	190
91	15	153
91	15	191
91	15	192
91	15	193
91	15	194
91	15	195
91	15	196
91	15	197
91	15	198
91	15	199
91	15	200
91	15	91
91	15	201
91	15	202
91	15	203
91	15	204
91	15	163
91	15	205
91	15	206
91	15	207
91	15	208
91	15	209
91	15	210
91	15	211
91	15	212
91	15	213
91	15	214
91	15	215
91	15	51
91	15	216
91	15	217
91	15	218
91	15	219
91	15	100
91	15	173
91	15	220
91	15	221
91	15	222
91	15	223
91	15	224
91	15	225
91	15	226
91	15	227
91	15	228
91	15	229
91	15	146
91	15	230
91	15	231
91	15	232
91	15	233
91	15	234
91	15	235
91	15	236
91	15	237
91	15	93
91	15	128
91	15	238
91	15	239
91	15	240
91	15	241
91	15	242
91	15	243
91	15	244
91	15	164
91	15	245
91	15	246
91	15	247
91	15	248
91	15	168
91	15	249
91	15	250
91	15	30
91	15	251
91	15	252
91	15	253
91	15	254
91	15	255
91	15	121
91	15	256
91	15	257
91	15	258
91	15	11
91	15	259
91	15	260
91	15	261
91	15	262
91	15	263
91	15	31
91	15	264
91	15	265
91	15	266
91	15	267
91	15	268
91	15	269
91	15	270
91	15	271
91	15	272
91	15	273
91	15	274
91	15	275
91	15	276
91	15	12
91	15	277
91	15	278
91	15	279
91	15	280
91	15	281
91	15	282
91	15	161
91	15	283
91	15	284
91	15	285
91	15	286
91	15	287
91	15	288
91	15	289
91	15	290
91	15	291
91	15	292
91	15	293
91	15	294
91	15	295
91	15	296
91	15	297
91	15	298
91	15	299
91	15	300
91	15	301
91	15	302
91	15	303
91	15	304
91	15	305
91	15	92
91	15	306
91	15	307
91	15	29
91	15	308
91	15	309
91	15	310
91	15	311
91	15	312
91	26	313
91	26	314
91	26	315
91	26	316
91	26	317
91	26	318
91	26	319
91	26	320
91	26	321
91	26	322
91	26	323
91	26	324
91	26	325
91	26	326
91	26	327
91	26	328
91	26	329
91	26	330
91	26	331
91	26	70
91	24	68
91	24	182
91	24	104
91	24	332
91	24	85
91	24	148
91	24	333
91	24	121
91	24	334
91	24	335
91	24	145
91	24	171
91	24	336
91	24	81
91	24	337
91	24	338
91	24	339
91	24	340
91	24	112
91	24	128
91	24	265
91	24	341
91	24	342
91	24	343
91	24	344
91	24	345
91	24	346
91	24	87
91	24	276
91	24	29
91	24	347
91	24	348
91	24	349
91	24	350
91	24	351
91	24	352
91	24	220
91	24	353
91	24	354
91	16	355
91	16	0
91	16	39
91	16	26
91	16	356
91	16	357
91	16	227
91	16	48
91	16	259
91	16	358
91	16	205
91	16	122
91	16	269
91	16	302
91	16	359
91	16	25
91	16	360
91	16	29
91	16	361
91	16	94
91	16	362
91	16	363
91	16	364
91	16	57
91	16	365
91	16	366
91	16	355
91	16	0
91	16	367
91	16	39
91	16	26
91	16	158
91	16	368
91	16	357
91	16	369
91	16	370
91	16	48
91	16	175
91	16	371
91	16	372
91	16	373
91	16	160
91	16	358
91	16	174
91	16	374
91	16	71
91	16	57
91	16	375
91	16	122
91	16	376
91	16	269
91	16	377
91	16	378
91	16	157
91	16	96
91	16	379
91	16	380
91	16	359
91	16	381
91	16	382
91	16	383
91	16	360
91	16	29
91	16	384
91	16	385
91	16	363
91	16	156
91	16	364
91	16	25
91	16	159
91	25	386
91	25	387
91	25	53
91	25	388
91	25	389
91	25	390
91	25	391
91	25	10
91	25	392
91	25	393
91	25	394
91	25	395
91	25	396
91	25	397
91	25	398
91	25	399
91	25	400
91	25	401
91	25	402
91	25	403
91	25	404
91	25	405
91	25	406
91	25	407
92	62	115
92	62	46
93	32	408
94	31	399
94	20	409
95	118	407
95	118	330
95	2	410
95	2	203
95	2	411
95	104	122
96	20	412
96	20	255
96	31	323
96	31	317
96	23	380
96	23	305
98	10	250
98	9	413
99	28	414
99	28	415
100	31	406
100	31	390
100	23	269
100	20	280
100	20	294
101	6	345
102	32	416
103	27	417
104	10	199
104	9	418
105	28	414
105	28	419
106	28	420
107	9	295
107	18	421
108	20	196
108	20	243
109	20	422
110	2	423
110	2	424
110	2	425
110	2	426
110	2	427
110	2	428
110	2	429
110	2	246
110	2	430
110	2	240
111	13	431
111	13	432
112	60	29
113	6	433
113	14	434
113	14	210
114	20	266
115	13	435
116	20	436
117	20	147
118	20	147
119	11	121
119	13	437
120	20	289
120	20	438
121	28	439
122	28	440
123	6	441
123	14	442
123	14	251
124	22	29
125	34	443
126	20	444
126	19	445
127	20	446
127	20	447
127	19	448
127	23	357
128	13	282
128	12	29
129	14	216
130	20	449
130	19	51
130	31	53
130	23	29
131	62	249
131	62	277
132	20	450
132	19	451
132	31	452
132	31	394
132	23	372
133	13	195
134	13	245
134	12	29
135	28	453
135	28	454
135	28	351
135	28	455
135	28	344
135	28	456
135	28	457
135	28	458
136	28	112
136	28	459
137	10	104
137	9	105
138	19	220
138	20	460
138	23	122
139	6	171
139	5	461
139	14	462
140	13	247
140	12	29
141	13	185
141	12	29
142	11	81
143	6	197
143	14	463
143	14	464
143	5	113
143	5	25
143	5	26
144	20	465
145	20	466
146	34	467
146	34	237
147	5	29
148	20	468
148	31	391
150	38	469
150	38	470
150	39	26
151	6	352
151	6	471
151	14	472
152	62	473
155	13	474
156	13	475
157	12	34
158	2	476
159	20	477
160	13	478
161	13	479
161	13	480
162	53	481
162	53	482
162	52	483
163	28	414
163	28	484
164	38	485
164	39	486
165	20	487
166	20	488
167	6	197
167	14	489
167	14	490
167	5	25
168	24	345
168	16	356
168	16	96
168	16	491
168	16	492
169	28	414
169	28	493
170	10	494
170	9	269
171	20	495
171	20	257
171	20	496
171	20	497
171	20	238
171	20	498
171	20	499
171	20	271
171	20	200
171	20	221
171	20	500
171	19	265
171	31	10
172	28	501
172	28	502
173	20	503
174	32	504
175	20	505
175	23	153
176	5	0
176	6	506
177	5	507
177	5	508
177	6	472
178	10	170
178	9	374
179	10	509
179	10	510
179	9	366
179	9	367
180	10	172
180	9	377
181	6	104
181	5	122
181	5	511
182	20	17
182	20	512
182	20	513
182	20	18
182	31	514
182	31	515
182	23	96
183	38	516
183	38	517
184	6	518
184	14	249
185	20	254
185	23	364
186	6	29
187	20	468
188	13	519
189	13	469
190	10	520
190	3	78
190	9	26
191	15	521
192	20	522
193	61	523
193	52	524
193	53	476
194	17	477
195	38	525
196	10	21
196	4	526
196	4	527
196	9	528
197	10	75
197	4	529
197	4	530
197	9	531
198	14	532
198	14	288
199	20	533
199	23	153
200	9	0
200	10	534
201	5	507
201	5	508
202	6	472
202	14	535
202	14	536
203	5	511
203	6	537
203	14	538
203	14	539
204	14	104
205	10	540
205	9	96
206	9	541
207	27	542
207	27	440
207	27	543
208	27	544
209	28	420
210	9	545
211	10	254
211	9	541
212	20	254
213	18	546
213	10	547
213	10	548
213	10	254
213	9	541
213	4	549
214	4	550
214	4	551
214	9	552
215	4	550
215	4	551
215	3	552
215	10	272
215	9	541
