2	11	0
2	11	1
2	11	2
2	13	3
2	13	4
2	13	5
2	13	6
2	13	7
2	13	8
2	12	9
3	72	10
3	72	11
3	72	12
3	72	13
3	72	14
4	48	15
5	6	16
5	6	17
6	18	18
6	18	19
6	18	20
6	18	21
6	10	22
6	10	23
6	10	24
6	10	25
6	3	26
7	10	27
7	10	28
7	10	29
7	9	30
7	9	31
7	9	32
8	6	33
8	6	34
8	6	35
8	6	36
8	6	37
8	6	38
8	5	39
9	6	40
9	6	41
9	14	42
9	5	43
9	5	44
10	46	45
10	42	46
10	42	47
11	96	48
11	57	49
13	38	51
13	38	52
13	38	53
15	14	59
15	14	60
15	14	61
15	5	62
15	5	63
15	6	61
15	6	64
16	10	65
16	10	66
16	4	67
16	4	68
16	9	69
16	9	70
17	22	71
19	18	78
19	10	79
19	10	80
19	3	81
19	9	82
20	11	83
20	12	82
20	12	84
20	12	85
20	13	86
21	68	87
21	68	88
23	6	90
23	43	91
23	14	92
24	10	93
24	9	94
25	72	95
25	87	96
26	10	97
26	9	50
26	4	98
28	18	101
28	3	102
28	9	101
29	11	103
29	13	104
29	12	105
31	48	51
31	42	109
34	9	112
34	10	113
34	3	114
35	82	115
35	83	116
35	83	117
36	6	118
36	5	119
37	6	120
37	6	121
41	10	125
41	4	126
41	9	101
42	36	127
42	37	128
42	37	129
43	20	130
44	10	131
44	10	132
44	9	133
45	10	134
45	9	135
45	4	136
46	17	137
47	29	138
47	29	139
48	5	44
48	6	140
48	6	141
49	13	142
49	12	143
50	64	144
51	6	145
51	14	146
51	5	112
51	5	147
52	11	148
52	13	149
52	12	9
53	13	150
54	6	151
54	5	152
55	46	153
55	46	154
56	10	155
57	6	156
57	5	119
58	14	157
58	6	158
60	57	95
60	96	161
60	56	162
61	20	163
61	23	81
62	29	164
63	14	165
64	10	166
64	9	167
64	4	168
65	14	95
65	6	96
66	6	169
67	10	170
67	9	50
69	20	173
69	20	174
70	43	175
71	20	176
71	23	50
71	23	147
72	23	177
72	20	178
73	11	179
73	13	180
74	23	177
74	20	181
75	12	182
75	12	183
75	12	184
75	13	185
76	6	186
76	5	152
79	12	188
79	13	189
81	49	192
81	49	193
81	59	194
82	36	195
82	37	196
83	5	197
83	14	198
83	6	199
84	14	200
86	20	203
86	23	204
88	6	207
88	43	208
88	14	209
89	13	210
89	12	211
90	42	212
91	42	213
91	42	214
91	48	51
92	14	203
92	5	204
93	49	215
93	49	51
94	6	101
95	37	216
95	36	217
96	27	218
96	78	219
97	14	220
99	5	39
99	6	221
99	6	222
100	13	223
101	10	125
101	4	224
101	9	101
102	13	225
102	12	143
103	13	226
104	13	227
105	6	228
105	6	229
105	5	230
105	14	231
106	5	39
106	6	232
107	5	39
107	6	233
108	6	234
108	14	235
108	5	44
109	18	47
109	10	51
109	3	47
110	86	236
110	86	237
110	86	238
111	28	239
111	28	240
111	28	241
111	28	242
111	28	243
112	11	64
112	13	61
112	12	63
114	19	244
114	31	245
114	23	9
114	20	246
115	6	247
115	6	248
115	6	249
115	6	250
115	6	251
115	43	252
115	43	253
115	43	254
115	43	255
115	14	66
115	14	256
115	14	257
115	14	258
115	14	259
116	37	260
116	36	261
117	37	262
117	36	263
118	6	48
118	14	264
118	14	265
119	6	93
119	14	94
119	43	266
120	10	267
120	10	109
120	9	268
120	9	157
120	3	101
121	48	51
121	42	269
122	18	270
123	10	127
124	57	271
124	56	128
125	10	134
125	9	135
126	6	272
126	14	273
126	5	44
127	10	145
127	3	112
127	9	112
128	42	274
128	42	275
130	20	276
130	19	277
130	23	167
131	14	278
131	5	279
132	49	280
133	18	138
133	9	50
134	20	173
134	20	174
135	48	281
135	48	282
135	48	101
135	48	283
135	42	284
135	42	285
135	42	286
135	42	287
135	42	288
135	42	289
136	18	78
136	4	290
136	3	291
136	3	82
136	9	81
137	13	292
139	20	218
140	5	39
140	6	293
141	11	196
141	13	204
142	20	294
142	23	147
143	13	60
143	11	59
143	12	62
144	20	295
144	20	296
147	6	48
147	6	297
147	6	298
147	6	299
147	6	300
147	6	301
147	5	302
147	5	152
147	5	303
147	5	297
147	5	304
147	5	305
148	3	101
148	3	306
148	9	101
149	57	307
149	57	267
149	56	308
149	56	216
149	96	309
150	18	109
150	10	310
150	9	268
151	27	311
152	5	39
152	6	272
153	53	82
153	53	312
153	53	313
153	53	314
153	103	315
153	103	316
153	103	317
153	103	318
153	103	319
153	103	320
153	103	321
153	103	322
153	103	323
153	103	324
153	103	325
153	77	326
153	77	327
153	77	81
153	77	313
153	52	145
153	52	328
153	52	316
154	18	329
154	10	330
155	19	1
155	19	148
155	19	2
155	19	0
155	19	331
155	20	149
155	20	3
155	20	4
155	20	7
155	20	332
155	20	5
155	20	6
155	20	8
155	23	9
156	20	60
156	20	61
156	19	59
156	23	62
157	27	333
158	6	48
158	5	334
158	5	335
159	57	336
160	57	337
161	5	39
162	82	338
162	83	30
162	83	339
162	83	340
163	10	174
163	9	341
164	18	342
164	9	343
165	10	344
165	10	345
165	10	346
165	10	347
165	10	348
165	9	152
165	9	48
166	18	342
166	9	334
166	9	335
167	96	334
167	57	349
167	57	350
168	96	335
168	57	351
168	57	352
169	57	353
169	57	354
169	57	355
169	57	356
169	96	152
170	18	342
170	9	48
171	18	342
171	9	48
172	6	353
172	6	354
172	6	356
172	6	355
172	6	347
172	6	348
172	5	152
172	14	357
173	10	307
173	10	349
173	10	109
173	10	358
173	10	352
173	10	359
173	9	48
173	9	360
173	9	361
173	9	157
173	9	362
173	9	363
173	18	364
174	36	109
174	37	243
174	60	114
174	60	268
175	49	365
175	49	366
176	27	109
177	18	367
177	10	109
178	28	368
178	28	109
179	49	367
179	49	369
179	49	370
179	49	109
179	49	371
179	49	372
179	49	373
179	49	374
179	49	375
179	49	376
179	49	377
179	59	378
179	59	379
179	59	380
179	59	381
180	10	382
180	3	114
181	16	383
181	16	384
181	16	385
181	16	386
181	16	387
181	16	388
181	16	112
181	16	389
181	16	326
181	16	327
181	16	390
181	16	391
181	16	392
181	16	393
181	16	39
181	16	177
181	16	394
181	16	395
181	16	396
181	16	9
181	16	197
181	16	84
181	16	147
181	16	397
181	16	398
181	16	399
181	16	283
181	16	400
181	16	44
181	16	268
181	16	312
181	16	401
181	16	402
181	16	314
181	16	403
181	16	50
181	16	82
181	16	47
181	16	404
181	16	405
181	16	378
181	16	114
181	16	406
181	16	407
181	16	408
181	16	157
181	16	409
181	16	306
181	16	410
181	16	411
181	16	184
181	16	412
181	24	413
181	24	414
181	24	415
181	24	416
181	24	417
181	24	418
181	24	419
181	24	256
181	24	277
181	24	420
181	24	421
181	24	422
181	24	65
181	24	423
181	24	424
181	24	425
181	24	257
181	24	40
181	24	426
181	24	427
181	24	428
181	24	429
181	24	138
181	24	430
181	24	50
181	24	259
181	24	431
181	24	432
181	24	433
181	24	434
181	24	435
181	24	134
181	24	436
181	24	437
181	24	438
181	24	439
181	24	440
181	24	441
181	24	258
181	24	442
181	24	443
181	24	444
181	24	445
181	24	446
181	24	24
181	24	92
181	24	447
181	24	448
181	24	449
181	24	450
181	24	451
181	24	64
181	24	452
181	24	214
181	24	453
181	24	95
181	24	83
181	24	454
181	24	455
181	24	232
181	24	456
181	24	457
181	24	101
181	24	458
181	24	459
181	24	460
181	24	233
181	24	461
181	24	462
181	24	463
181	24	464
181	24	244
181	24	465
181	24	466
181	24	51
181	24	467
181	24	468
181	24	469
181	24	470
181	24	471
181	24	472
181	24	199
181	24	473
181	24	474
181	24	475
181	24	476
181	24	477
181	24	478
181	24	479
181	24	480
181	24	243
181	24	481
181	24	482
181	24	483
181	24	484
181	24	485
181	24	486
181	24	487
181	24	488
181	24	489
181	24	490
181	24	293
181	24	491
181	24	66
181	24	492
181	24	493
181	24	494
181	24	47
181	24	495
181	24	496
181	24	497
181	24	498
181	24	499
181	24	500
181	24	501
181	24	502
181	15	315
181	15	503
181	15	504
181	15	505
181	15	506
181	15	507
181	15	508
181	15	509
181	15	510
181	15	511
181	15	256
181	15	512
181	15	513
181	15	320
181	15	514
181	15	183
181	15	515
181	15	122
181	15	516
181	15	517
181	15	167
181	15	518
181	15	65
181	15	519
181	15	317
181	15	520
181	15	521
181	15	522
181	15	523
181	15	524
181	15	525
181	15	526
181	15	527
181	15	257
181	15	528
181	15	529
181	15	135
181	15	530
181	15	531
181	15	532
181	15	533
181	15	534
181	15	220
181	15	535
181	15	536
181	15	537
181	15	538
181	15	539
181	15	540
181	15	541
181	15	542
181	15	543
181	15	544
181	15	545
181	15	546
181	15	547
181	15	50
181	15	548
181	15	259
181	15	431
181	15	549
181	15	188
181	15	550
181	15	551
181	15	552
181	15	553
181	15	554
181	15	555
181	15	134
181	15	556
181	15	557
181	15	558
181	15	69
181	15	559
181	15	560
181	15	561
181	15	562
181	15	563
181	15	564
181	15	319
181	15	565
181	15	566
181	15	567
181	15	568
181	15	440
181	15	569
181	15	390
181	15	258
181	15	570
181	15	307
181	15	571
181	15	339
181	15	572
181	15	573
181	15	574
181	15	575
181	15	576
181	15	577
181	15	578
181	15	579
181	15	580
181	15	581
181	15	582
181	15	583
181	15	584
181	15	92
181	15	585
181	15	586
181	15	587
181	15	588
181	15	589
181	15	590
181	15	591
181	15	592
181	15	593
181	15	125
181	15	594
181	15	595
181	15	596
181	15	597
181	15	85
181	15	598
181	15	599
181	15	600
181	15	601
181	15	602
181	15	603
181	15	604
181	15	605
181	15	606
181	15	607
181	15	323
181	15	608
181	15	609
181	15	610
181	15	611
181	15	101
181	15	612
181	15	613
181	15	614
181	15	615
181	15	616
181	15	460
181	15	617
181	15	618
181	15	619
181	15	322
181	15	620
181	15	621
181	15	622
181	15	623
181	15	624
181	15	625
181	15	626
181	15	627
181	15	628
181	15	629
181	15	176
181	15	630
181	15	631
181	15	632
181	15	133
181	15	633
181	15	634
181	15	635
181	15	636
181	15	637
181	15	638
181	15	639
181	15	640
181	15	641
181	15	147
181	15	642
181	15	643
181	15	51
181	15	644
181	15	645
181	15	646
181	15	647
181	15	648
181	15	103
181	15	649
181	15	31
181	15	650
181	15	651
181	15	652
181	15	653
181	15	654
181	15	655
181	15	656
181	15	657
181	15	658
181	15	659
181	15	660
181	15	661
181	15	32
181	15	157
181	15	662
181	15	663
181	15	213
181	15	664
181	15	665
181	15	666
181	15	667
181	15	668
181	15	669
181	15	670
181	15	671
181	15	672
181	15	673
181	15	674
181	15	675
181	15	676
181	15	677
181	15	678
181	15	679
181	15	680
181	15	681
181	15	682
181	15	393
181	15	683
181	15	684
181	15	200
181	15	685
181	15	318
181	15	686
181	15	687
181	15	688
181	15	689
181	15	690
181	15	691
181	15	692
181	15	693
181	15	694
181	15	145
181	15	695
181	15	491
181	15	696
181	15	697
181	15	698
181	15	699
181	15	316
181	15	700
181	15	66
181	15	701
181	15	702
181	15	703
181	15	185
181	15	704
181	15	705
181	15	706
181	15	707
181	15	276
181	15	708
181	15	709
181	15	710
181	15	711
181	15	496
181	15	340
181	15	712
181	15	713
181	15	714
181	15	715
181	15	70
181	15	716
181	16	667
181	16	386
181	16	387
181	16	717
181	16	112
181	16	326
181	16	513
181	16	569
181	16	390
181	16	327
181	16	392
181	16	167
181	16	523
181	16	177
181	16	689
181	16	133
181	16	9
181	16	692
181	16	635
181	16	135
181	16	693
181	16	636
181	16	147
181	16	44
181	16	718
181	16	31
181	16	401
181	16	650
181	16	50
181	16	82
181	16	309
181	16	188
181	16	378
181	16	600
181	16	709
181	16	406
181	16	409
181	16	32
181	16	157
181	16	116
181	16	557
181	16	69
181	16	70
181	16	105
181	16	306
181	16	715
181	16	411
181	16	39
181	16	412
181	25	719
181	25	720
181	25	721
181	25	252
181	25	722
181	25	91
181	25	266
181	25	253
181	25	723
181	25	724
181	25	255
181	25	725
181	25	726
181	25	727
181	25	728
181	25	729
181	25	730
181	25	731
181	25	732
181	25	733
181	25	734
181	25	735
181	25	736
181	25	245
181	25	737
181	25	738
181	25	739
181	25	740
181	26	721
181	26	741
181	26	742
181	26	743
181	26	252
181	26	744
181	26	745
181	26	722
181	26	746
181	26	747
181	26	748
181	26	253
181	26	338
181	26	749
181	26	750
181	26	175
181	26	751
181	26	752
181	26	753
181	26	255
181	26	754
181	26	755
181	26	756
181	26	529
181	26	729
181	26	731
181	26	757
181	26	736
181	26	758
181	26	759
181	26	760
181	26	761
181	26	762
181	26	763
181	26	67
181	26	737
181	26	245
181	26	764
181	26	738
181	26	765
181	26	766
181	26	767
181	26	768
182	49	109
183	72	769
184	52	770
184	53	771
184	53	157
185	98	50
185	65	456
186	20	772
187	98	773
187	86	774
188	84	775
188	97	101
188	99	776
189	20	777
189	20	564
189	23	778
189	23	9
189	31	253
190	12	177
190	12	779
190	12	157
190	13	780
190	13	781
191	13	427
191	11	427
192	97	101
192	84	782
193	28	783
193	28	784
194	86	785
194	65	786
194	65	787
195	12	157
195	12	788
195	12	177
195	13	789
195	13	790
197	5	157
198	28	791
199	11	485
199	12	412
199	13	515
200	19	485
200	23	412
200	20	515
201	11	478
201	12	630
201	13	792
202	64	431
202	90	101
203	20	535
203	20	793
203	31	255
203	23	794
203	23	9
204	19	83
204	23	82
204	23	85
204	20	795
205	20	504
205	20	796
205	23	797
205	23	9
205	31	252
206	28	798
206	28	799
207	31	737
207	20	800
207	23	9
208	31	721
208	23	177
208	20	801
209	38	802
209	38	803
210	35	804
210	35	805
210	17	806
211	28	406
212	19	65
212	23	9
212	20	807
213	9	808
215	43	809
215	14	323
215	5	312
216	98	810
216	65	811
217	49	812
217	59	281
218	19	489
218	23	39
218	20	813
219	31	814
219	23	82
219	20	815
220	20	543
220	20	537
221	36	816
221	36	817
222	54	818
223	20	819
224	20	565
225	65	820
225	65	821
225	65	822
225	65	823
225	65	824
225	65	825
225	65	826
225	65	827
225	65	828
225	65	294
225	65	829
225	66	830
226	96	47
226	57	831
227	6	495
227	6	488
227	14	832
227	14	833
228	13	834
229	31	729
229	31	529
229	20	835
229	19	429
229	23	9
230	38	803
230	38	836
231	31	814
231	23	82
231	20	837
232	27	838
232	44	839
233	10	840
233	4	645
233	3	157
233	9	585
234	20	841
235	20	594
236	96	47
236	57	842
237	19	467
237	20	843
237	20	844
238	31	845
238	20	846
238	20	847
239	10	848
239	9	48
240	6	101
241	11	585
241	13	849
242	19	416
242	23	39
242	20	850
243	19	435
243	23	39
243	20	851
244	73	43
245	66	808
246	14	519
247	20	852
247	31	723
247	23	133
248	20	853
248	23	400
248	23	9
249	13	652
249	12	400
250	5	405
251	72	854
251	72	855
251	73	82
252	22	268
253	6	856
253	14	51
254	31	857
254	19	858
254	20	704
255	14	660
256	6	859
256	14	51
257	47	394
258	34	558
258	34	860
259	20	659
259	20	607
259	31	729
259	31	245
260	10	861
260	9	50
261	18	371
261	10	154
261	10	862
261	4	153
261	9	50
261	3	268
262	12	641
262	13	863
262	13	864
263	13	647
263	12	399
264	20	865
264	23	9
264	23	399
265	5	391
266	13	544
266	12	397
267	20	866
267	23	9
267	23	397
268	5	407
269	11	331
269	13	332
269	12	9
270	87	18
270	87	19
270	87	20
270	87	21
270	72	22
270	72	23
270	72	24
270	72	25
270	73	26
271	10	419
271	9	404
272	20	867
272	23	402
273	31	245
273	20	246
274	6	51
274	6	868
274	14	161
275	6	39
276	5	869
276	6	870
276	6	871
277	43	872
277	43	767
277	6	243
278	5	82
278	14	873
279	13	532
279	12	388
280	20	649
280	31	737
281	6	277
281	43	732
282	13	634
282	11	244
283	23	177
283	20	874
284	23	177
284	20	875
285	13	876
286	13	877
287	13	878
288	11	439
288	13	879
289	13	880
290	38	51
290	38	53
291	38	51
291	38	52
292	11	486
292	13	881
292	12	882
293	10	883
293	9	884
294	13	511
296	23	177
296	20	885
297	49	477
298	13	575
298	11	429
299	23	177
299	20	886
300	13	686
300	11	426
301	20	887
304	20	888
304	23	30
305	18	889
306	4	527
306	3	82
307	20	226
307	20	890
308	20	223
308	20	891
309	20	892
310	10	893
310	9	50
311	37	479
311	36	894
312	37	479
312	36	894
313	5	39
313	6	234
314	20	189
315	11	479
315	13	895
316	11	479
316	13	896
317	20	897
322	6	898
322	14	101
323	6	899
323	14	101
324	20	900
326	10	901
326	9	81
327	100	902
327	100	903
327	101	637
328	11	431
328	13	904
328	13	905
329	19	478
329	23	39
329	20	906
330	28	585
331	9	907
331	10	908
331	10	909
331	3	910
333	35	805
333	17	806
334	66	101
334	65	782
335	10	307
335	9	911
336	86	912
336	66	101
337	38	818
338	13	913
338	13	530
338	13	582
338	13	914
338	11	495
338	11	488
339	20	915
340	9	916
340	10	917
340	10	918
340	3	919
341	6	848
341	5	48
342	49	920
342	49	921
342	49	922
343	6	923
343	14	849
344	48	924
345	11	489
345	12	538
345	12	713
345	13	688
346	49	854
347	49	855
348	4	814
348	10	925
348	9	82
349	4	814
349	10	926
349	9	82
350	70	927
350	46	928
351	70	929
351	46	930
352	28	931
352	28	932
353	27	933
354	34	934
355	28	935
356	20	607
357	20	659
358	18	161
358	9	50
359	11	435
359	12	665
359	12	590
359	13	555
360	6	39
360	14	936
360	5	406
361	23	387
361	23	9
361	23	84
361	23	635
361	23	82
361	20	657
361	20	937
361	20	938
361	20	939
361	20	940
361	20	941
361	20	942
361	19	418
361	19	66
361	19	943
361	19	491
361	31	733
362	64	414
362	64	432
362	64	24
362	64	475
362	64	430
364	20	944
365	3	945
365	10	946
365	10	947
365	9	948
366	49	949
367	27	868
368	6	39
368	14	950
369	20	951
369	23	388
370	20	649
371	2	952
372	20	880
373	72	364
373	72	477
373	72	95
373	72	170
373	73	953
373	73	101
373	73	161
373	73	954
373	73	955
373	73	50
373	73	82
373	87	956
375	20	957
376	20	958
376	20	889
376	20	959
377	5	960
378	19	464
378	23	39
378	20	961
379	20	563
379	19	465
379	23	9
380	13	696
381	13	612
382	17	897
383	11	479
383	13	962
383	13	963
384	27	964
384	44	965
385	50	966
386	56	967
386	57	968
387	56	969
387	57	970
388	10	803
388	9	147
389	57	971
389	57	431
389	57	972
390	28	973
390	28	974
391	28	975
391	28	974
392	28	48
393	87	976
393	87	921
393	72	97
393	72	922
394	35	924
394	17	977
394	17	978
394	40	585
395	103	814
395	77	82
395	52	815
395	52	837
395	52	979
395	52	980
395	53	50
396	4	857
396	18	858
396	10	704
397	10	607
397	9	981
398	10	659
398	9	982
399	102	161
399	33	50
400	38	983
400	38	984
401	27	985
402	27	985
403	28	986
403	28	974
404	49	949
405	10	649
405	9	987
406	27	988
406	27	373
406	27	502
407	10	422
407	9	523
407	9	69
407	4	67
408	50	170
409	10	989
409	9	585
410	28	990
411	28	991
412	75	992
413	87	993
413	72	994
414	43	754
414	43	758
414	6	995
414	6	996
414	14	505
414	14	997
414	14	998
414	14	553
415	99	818
415	99	969
415	99	999
415	99	967
415	84	1000
415	84	39
415	84	47
415	84	1001
416	92	1002
416	50	1003
417	10	978
417	9	1004
418	3	82
418	10	1005
419	10	1006
419	10	1007
419	9	50
420	18	78
420	10	1008
420	3	81
420	9	82
421	28	1009
422	20	807
423	20	1010
424	27	373
425	32	988
426	10	1011
426	9	69
427	20	1012
427	23	523
427	23	9
428	64	477
429	28	1013
429	28	1014
430	48	47
430	42	1015
431	48	47
431	42	1016
432	48	924
432	48	1017
432	48	977
432	48	1018
432	48	47
432	48	1019
432	42	1020
432	42	1021
432	42	1022
432	42	1023
432	42	1024
432	42	1025
432	42	189
432	42	1026
432	42	212
433	32	1027
433	32	196
433	32	921
433	32	920
433	32	1007
433	32	280
433	32	1006
434	3	82
434	10	1028
435	10	1029
435	10	1030
435	10	807
435	9	1031
436	10	1032
436	10	1010
436	9	1033
437	76	988
437	76	1034
437	76	1035
437	76	1036
437	76	1037
438	27	988
438	27	502
438	44	1038
439	43	738
439	14	523
440	64	477
441	28	1039
441	28	1040
442	86	969
442	86	967
442	86	47
443	28	1041
443	28	1042
444	10	1043
444	10	1018
444	9	1044
444	18	1043
444	18	1045
444	4	1046
444	4	1047
445	48	924
446	59	71
446	59	1048
446	49	1049
446	49	1050
447	59	71
447	59	1048
447	49	1051
447	49	1052
448	10	1053
448	9	585
449	10	1011
449	9	632
450	87	147
450	72	1038
451	27	502
452	20	531
453	10	477
453	9	585
454	57	1040
455	84	968
455	84	47
455	84	970
455	97	47
456	38	1039
456	38	1042
457	57	1041
458	64	1054
458	64	95
458	64	364
458	64	816
458	64	817
458	64	1055
460	9	47
461	84	364
462	84	364
463	84	364
464	84	364
465	6	95
465	14	278
466	65	95
467	85	364
467	85	95
467	116	1056
467	116	1057
467	116	161
467	116	1058
467	116	1059
467	93	1060
467	93	1061
467	93	1062
467	93	1063
468	93	1064
469	49	1065
469	49	1066
469	49	1067
469	49	95
469	49	811
469	49	1068
469	49	1069
469	49	1070
469	59	1071
470	6	427
471	50	10
471	50	11
471	50	12
471	50	13
471	50	95
471	50	14
