2	0	9
9	1	2
2	0	22
22	1	2
2	0	21
21	1	2
2	0	18
18	1	2
2	0	16
16	1	2
2	0	13
13	1	2
2	0	15
15	1	2
2	0	14
14	1	2
6	0	13
13	1	6
16	0	19
19	1	16
16	0	22
22	1	16
16	0	20
20	1	16
20	0	22
22	1	20
14	0	22
22	1	14
14	0	24
24	1	14
14	0	23
23	1	14
14	0	16
16	1	14
14	0	17
17	1	14
7	0	22
22	1	7
7	0	23
23	1	7
7	0	24
24	1	7
7	0	14
14	1	7
4	0	15
15	1	4
5	0	11
11	1	5
5	0	12
12	1	5
12	0	21
21	1	12
12	0	18
18	1	12
9	0	18
18	1	9
9	0	16
16	1	9
9	0	22
22	1	9
9	0	21
21	1	9
9	0	14
14	1	9
3	0	22
22	1	3
3	0	13
13	1	3
3	0	15
15	1	3
3	0	21
21	1	3
3	0	18
18	1	3
3	0	10
10	1	3
17	0	24
24	1	17
13	0	21
21	1	13
13	0	18
18	1	13
13	0	15
15	1	13
15	0	21
21	1	15
15	0	18
18	1	15
11	0	21
21	1	11
11	0	18
18	1	11
18	0	21
21	1	18
10	0	17
17	1	10
10	0	14
14	1	10
22	0	23
23	1	22
22	0	24
24	1	22
23	0	24
24	1	23
