7	0	12
12	1	7
7	0	16
16	1	7
7	0	9
9	1	7
7	0	21
21	1	7
4	0	21
21	1	4
4	0	22
22	1	4
4	0	17
17	1	4
4	0	16
16	1	4
4	0	12
12	1	4
4	0	24
24	1	4
4	0	11
11	1	4
4	0	7
7	1	4
4	0	8
8	1	4
4	0	5
5	1	4
4	0	13
13	1	4
4	0	18
18	1	4
4	0	9
9	1	4
4	0	6
6	1	4
23	0	25
25	1	23
2	0	7
7	1	2
2	0	12
12	1	2
2	0	16
16	1	2
2	0	21
21	1	2
2	0	4
4	1	2
2	0	9
9	1	2
2	0	5
5	1	2
8	0	18
18	1	8
8	0	17
17	1	8
8	0	24
24	1	8
8	0	22
22	1	8
8	0	10
10	1	8
8	0	11
11	1	8
8	0	13
13	1	8
8	0	23
23	1	8
11	0	17
17	1	11
11	0	18
18	1	11
11	0	22
22	1	11
11	0	24
24	1	11
11	0	21
21	1	11
11	0	13
13	1	11
11	0	14
14	1	11
11	0	15
15	1	11
3	0	17
17	1	3
3	0	13
13	1	3
3	0	18
18	1	3
3	0	22
22	1	3
3	0	24
24	1	3
3	0	8
8	1	3
3	0	11
11	1	3
3	0	4
4	1	3
17	0	24
24	1	17
17	0	22
22	1	17
17	0	23
23	1	17
5	0	16
16	1	5
5	0	7
7	1	5
5	0	21
21	1	5
5	0	9
9	1	5
5	0	12
12	1	5
9	0	16
16	1	9
9	0	21
21	1	9
9	0	12
12	1	9
22	0	24
24	1	22
6	0	22
22	1	6
6	0	17
17	1	6
6	0	24
24	1	6
6	0	8
8	1	6
6	0	11
11	1	6
14	0	19
19	1	14
14	0	20
20	1	14
12	0	16
16	1	12
12	0	21
21	1	12
10	0	17
17	1	10
10	0	23
23	1	10
10	0	13
13	1	10
13	0	22
22	1	13
13	0	17
17	1	13
13	0	18
18	1	13
16	0	21
21	1	16
