14	0	52
52	1	14
14	0	69
69	1	14
34	0	59
59	1	34
34	0	38
38	1	34
34	0	39
39	1	34
32	0	64
64	1	32
32	0	61
61	1	32
32	0	45
45	1	32
32	0	49
49	1	32
32	0	36
36	1	32
32	0	62
62	1	32
32	0	67
67	1	32
32	0	37
37	1	32
32	0	58
58	1	32
32	0	52
52	1	32
32	0	69
69	1	32
32	0	70
70	1	32
32	0	71
71	1	32
32	0	72
72	1	32
32	0	73
73	1	32
32	0	54
54	1	32
32	0	59
59	1	32
32	0	65
65	1	32
32	0	42
42	1	32
32	0	57
57	1	32
32	0	51
51	1	32
32	0	66
66	1	32
32	0	33
33	1	32
32	0	53
53	1	32
32	0	43
43	1	32
32	0	34
34	1	32
32	0	44
44	1	32
32	0	35
35	1	32
32	0	48
48	1	32
32	0	38
38	1	32
46	0	50
50	1	46
21	0	26
26	1	21
21	0	58
58	1	21
21	0	52
52	1	21
21	0	69
69	1	21
21	0	62
62	1	21
21	0	71
71	1	21
21	0	65
65	1	21
21	0	72
72	1	21
21	0	73
73	1	21
21	0	32
32	1	21
21	0	54
54	1	21
21	0	59
59	1	21
21	0	66
66	1	21
21	0	48
48	1	21
21	0	57
57	1	21
21	0	51
51	1	21
21	0	33
33	1	21
21	0	29
29	1	21
21	0	43
43	1	21
21	0	27
27	1	21
21	0	31
31	1	21
21	0	37
37	1	21
8	0	20
20	1	8
8	0	32
32	1	8
8	0	58
58	1	8
8	0	33
33	1	8
8	0	52
52	1	8
8	0	69
69	1	8
8	0	54
54	1	8
8	0	57
57	1	8
8	0	51
51	1	8
8	0	62
62	1	8
8	0	59
59	1	8
8	0	66
66	1	8
8	0	71
71	1	8
8	0	65
65	1	8
8	0	72
72	1	8
8	0	73
73	1	8
8	0	48
48	1	8
8	0	37
37	1	8
8	0	29
29	1	8
8	0	43
43	1	8
8	0	27
27	1	8
8	0	42
42	1	8
8	0	21
21	1	8
8	0	31
31	1	8
8	0	22
22	1	8
8	0	23
23	1	8
37	0	67
67	1	37
37	0	52
52	1	37
37	0	69
69	1	37
37	0	71
71	1	37
37	0	72
72	1	37
37	0	73
73	1	37
37	0	66
66	1	37
37	0	61
61	1	37
37	0	64
64	1	37
37	0	65
65	1	37
37	0	59
59	1	37
37	0	58
58	1	37
37	0	62
62	1	37
37	0	51
51	1	37
37	0	42
42	1	37
37	0	54
54	1	37
37	0	55
55	1	37
37	0	48
48	1	37
37	0	43
43	1	37
37	0	57
57	1	37
37	0	44
44	1	37
7	0	64
64	1	7
7	0	58
58	1	7
7	0	61
61	1	7
7	0	32
32	1	7
7	0	37
37	1	7
33	0	36
36	1	33
33	0	58
58	1	33
33	0	52
52	1	33
33	0	69
69	1	33
33	0	62
62	1	33
33	0	59
59	1	33
33	0	71
71	1	33
33	0	65
65	1	33
33	0	72
72	1	33
33	0	73
73	1	33
33	0	54
54	1	33
33	0	66
66	1	33
33	0	37
37	1	33
33	0	42
42	1	33
33	0	57
57	1	33
33	0	43
43	1	33
33	0	51
51	1	33
33	0	48
48	1	33
54	0	56
56	1	54
54	0	69
69	1	54
54	0	59
59	1	54
54	0	66
66	1	54
54	0	71
71	1	54
54	0	63
63	1	54
54	0	65
65	1	54
54	0	68
68	1	54
54	0	72
72	1	54
54	0	73
73	1	54
54	0	62
62	1	54
54	0	60
60	1	54
54	0	57
57	1	54
54	0	58
58	1	54
16	0	46
46	1	16
16	0	50
50	1	16
16	0	41
41	1	16
16	0	25
25	1	16
41	0	46
46	1	41
41	0	50
50	1	41
65	0	72
72	1	65
65	0	73
73	1	65
65	0	71
71	1	65
65	0	68
68	1	65
65	0	69
69	1	65
35	0	40
40	1	35
35	0	55
55	1	35
35	0	49
49	1	35
35	0	44
44	1	35
35	0	43
43	1	35
45	0	67
67	1	45
45	0	70
70	1	45
45	0	49
49	1	45
45	0	51
51	1	45
45	0	53
53	1	45
27	0	67
67	1	27
27	0	58
58	1	27
27	0	52
52	1	27
27	0	69
69	1	27
27	0	54
54	1	27
27	0	70
70	1	27
27	0	57
57	1	27
27	0	32
32	1	27
27	0	49
49	1	27
27	0	62
62	1	27
27	0	59
59	1	27
27	0	71
71	1	27
27	0	65
65	1	27
27	0	72
72	1	27
27	0	73
73	1	27
27	0	45
45	1	27
27	0	66
66	1	27
27	0	51
51	1	27
27	0	33
33	1	27
27	0	42
42	1	27
27	0	53
53	1	27
27	0	37
37	1	27
27	0	29
29	1	27
27	0	30
30	1	27
27	0	43
43	1	27
52	0	58
58	1	52
52	0	69
69	1	52
52	0	54
54	1	52
52	0	70
70	1	52
52	0	57
57	1	52
52	0	59
59	1	52
52	0	62
62	1	52
52	0	66
66	1	52
52	0	71
71	1	52
52	0	65
65	1	52
52	0	72
72	1	52
52	0	73
73	1	52
58	0	69
69	1	58
58	0	71
71	1	58
58	0	63
63	1	58
58	0	68
68	1	58
58	0	72
72	1	58
58	0	73
73	1	58
58	0	67
67	1	58
58	0	59
59	1	58
58	0	66
66	1	58
58	0	60
60	1	58
58	0	64
64	1	58
58	0	61
61	1	58
58	0	62
62	1	58
58	0	65
65	1	58
23	0	58
58	1	23
23	0	52
52	1	23
23	0	69
69	1	23
23	0	54
54	1	23
23	0	71
71	1	23
23	0	72
72	1	23
23	0	73
73	1	23
23	0	32
32	1	23
23	0	65
65	1	23
23	0	66
66	1	23
23	0	62
62	1	23
23	0	33
33	1	23
23	0	57
57	1	23
23	0	59
59	1	23
23	0	51
51	1	23
23	0	37
37	1	23
23	0	43
43	1	23
23	0	48
48	1	23
23	0	42
42	1	23
23	0	29
29	1	23
22	0	58
58	1	22
22	0	52
52	1	22
22	0	69
69	1	22
22	0	62
62	1	22
22	0	59
59	1	22
22	0	71
71	1	22
22	0	65
65	1	22
22	0	72
72	1	22
22	0	73
73	1	22
22	0	32
32	1	22
22	0	54
54	1	22
22	0	66
66	1	22
22	0	43
43	1	22
22	0	57
57	1	22
22	0	29
29	1	22
22	0	48
48	1	22
22	0	31
31	1	22
22	0	42
42	1	22
29	0	52
52	1	29
29	0	69
69	1	29
29	0	59
59	1	29
29	0	66
66	1	29
29	0	71
71	1	29
29	0	63
63	1	29
29	0	65
65	1	29
29	0	68
68	1	29
29	0	72
72	1	29
29	0	73
73	1	29
29	0	32
32	1	29
29	0	62
62	1	29
29	0	51
51	1	29
29	0	54
54	1	29
29	0	60
60	1	29
29	0	48
48	1	29
29	0	42
42	1	29
29	0	57
57	1	29
29	0	58
58	1	29
29	0	31
31	1	29
29	0	43
43	1	29
18	0	32
32	1	18
51	0	52
52	1	51
51	0	69
69	1	51
51	0	72
72	1	51
51	0	73
73	1	51
51	0	67
67	1	51
51	0	71
71	1	51
51	0	70
70	1	51
51	0	54
54	1	51
51	0	65
65	1	51
51	0	53
53	1	51
51	0	66
66	1	51
48	0	52
52	1	48
48	0	69
69	1	48
48	0	71
71	1	48
48	0	72
72	1	48
48	0	73
73	1	48
48	0	65
65	1	48
48	0	62
62	1	48
48	0	59
59	1	48
48	0	66
66	1	48
42	0	52
52	1	42
42	0	69
69	1	42
42	0	62
62	1	42
42	0	71
71	1	42
42	0	65
65	1	42
42	0	72
72	1	42
42	0	73
73	1	42
42	0	47
47	1	42
42	0	51
51	1	42
42	0	48
48	1	42
42	0	54
54	1	42
42	0	66
66	1	42
42	0	58
58	1	42
42	0	59
59	1	42
31	0	52
52	1	31
31	0	69
69	1	31
31	0	62
62	1	31
31	0	71
71	1	31
31	0	72
72	1	31
31	0	73
73	1	31
31	0	32
32	1	31
31	0	59
59	1	31
31	0	65
65	1	31
31	0	58
58	1	31
31	0	66
66	1	31
31	0	54
54	1	31
31	0	51
51	1	31
31	0	57
57	1	31
31	0	48
48	1	31
31	0	43
43	1	31
31	0	42
42	1	31
43	0	52
52	1	43
43	0	69
69	1	43
43	0	71
71	1	43
43	0	65
65	1	43
43	0	68
68	1	43
43	0	72
72	1	43
43	0	73
73	1	43
43	0	62
62	1	43
43	0	60
60	1	43
43	0	54
54	1	43
43	0	58
58	1	43
43	0	63
63	1	43
43	0	59
59	1	43
43	0	66
66	1	43
30	0	70
70	1	30
30	0	67
67	1	30
30	0	32
32	1	30
30	0	45
45	1	30
30	0	51
51	1	30
57	0	71
71	1	57
57	0	65
65	1	57
57	0	72
72	1	57
57	0	73
73	1	57
57	0	69
69	1	57
57	0	62
62	1	57
57	0	66
66	1	57
57	0	59
59	1	57
60	0	63
63	1	60
60	0	68
68	1	60
59	0	71
71	1	59
59	0	72
72	1	59
59	0	73
73	1	59
59	0	69
69	1	59
59	0	65
65	1	59
59	0	66
66	1	59
59	0	62
62	1	59
62	0	71
71	1	62
62	0	72
72	1	62
62	0	73
73	1	62
62	0	65
65	1	62
62	0	66
66	1	62
68	0	72
72	1	68
68	0	73
73	1	68
25	0	59
59	1	25
25	0	66
66	1	25
66	0	72
72	1	66
66	0	73
73	1	66
66	0	69
69	1	66
66	0	71
71	1	66
38	0	59
59	1	38
38	0	45
45	1	38
38	0	57
57	1	38
6	0	32
32	1	6
71	0	72
72	1	71
71	0	73
73	1	71
44	0	49
49	1	44
44	0	55
55	1	44
53	0	70
70	1	53
53	0	67
67	1	53
53	0	55
55	1	53
67	0	70
70	1	67
49	0	70
70	1	49
49	0	51
51	1	49
49	0	67
67	1	49
49	0	53
53	1	49
13	0	70
70	1	13
69	0	72
72	1	69
69	0	73
73	1	69
69	0	71
71	1	69
63	0	68
68	1	63
24	0	64
64	1	24
24	0	28
28	1	24
61	0	67
67	1	61
61	0	64
64	1	61
36	0	41
41	1	36
10	0	41
41	1	10
9	0	64
64	1	9
9	0	28
28	1	9
9	0	24
24	1	9
64	0	67
67	1	64
