531	0	565
565	1	531
531	0	1133
1133	1	531
531	0	1063
1063	1	531
531	0	890
890	1	531
531	0	898
898	1	531
531	0	718
718	1	531
531	0	608
608	1	531
531	0	627
627	1	531
531	0	564
564	1	531
531	0	1173
1173	1	531
531	0	1157
1157	1	531
531	0	1179
1179	1	531
531	0	895
895	1	531
531	0	902
902	1	531
531	0	932
932	1	531
531	0	1178
1178	1	531
531	0	841
841	1	531
531	0	772
772	1	531
531	0	545
545	1	531
531	0	1039
1039	1	531
531	0	552
552	1	531
531	0	562
562	1	531
531	0	1019
1019	1	531
531	0	1104
1104	1	531
531	0	847
847	1	531
531	0	785
785	1	531
531	0	553
553	1	531
531	0	1041
1041	1	531
531	0	546
546	1	531
531	0	561
561	1	531
531	0	547
547	1	531
531	0	548
548	1	531
531	0	613
613	1	531
531	0	676
676	1	531
531	0	554
554	1	531
531	0	555
555	1	531
531	0	556
556	1	531
531	0	557
557	1	531
531	0	808
808	1	531
493	0	565
565	1	493
493	0	542
542	1	493
493	0	529
529	1	493
493	0	520
520	1	493
493	0	521
521	1	493
493	0	527
527	1	493
493	0	522
522	1	493
493	0	523
523	1	493
493	0	528
528	1	493
493	0	530
530	1	493
493	0	524
524	1	493
493	0	679
679	1	493
551	0	565
565	1	551
551	0	1193
1193	1	551
551	0	1210
1210	1	551
551	0	1180
1180	1	551
551	0	682
682	1	551
551	0	1194
1194	1	551
551	0	751
751	1	551
551	0	1178
1178	1	551
4	0	565
565	1	4
4	0	348
348	1	4
4	0	349
349	1	4
4	0	444
444	1	4
4	0	350
350	1	4
4	0	351
351	1	4
397	0	565
565	1	397
397	0	459
459	1	397
397	0	460
460	1	397
397	0	803
803	1	397
397	0	584
584	1	397
397	0	967
967	1	397
411	0	565
565	1	411
411	0	1188
1188	1	411
542	0	565
565	1	542
542	0	590
590	1	542
503	0	565
565	1	503
503	0	687
687	1	503
503	0	755
755	1	503
529	0	565
565	1	529
529	0	577
577	1	529
459	0	565
565	1	459
520	0	565
565	1	520
520	0	1133
1133	1	520
520	0	1178
1178	1	520
108	0	565
565	1	108
108	0	503
503	1	108
108	0	561
561	1	108
108	0	563
563	1	108
108	0	533
533	1	108
108	0	504
504	1	108
108	0	558
558	1	108
108	0	505
505	1	108
108	0	506
506	1	108
108	0	548
548	1	108
108	0	1034
1034	1	108
108	0	755
755	1	108
108	0	517
517	1	108
108	0	464
464	1	108
108	0	467
467	1	108
108	0	410
410	1	108
521	0	565
565	1	521
521	0	1178
1178	1	521
492	0	565
565	1	492
527	0	565
565	1	527
527	0	577
577	1	527
127	0	565
565	1	127
561	0	565
565	1	561
561	0	1129
1129	1	561
561	0	700
700	1	561
561	0	563
563	1	561
561	0	807
807	1	561
563	0	565
565	1	563
563	0	1164
1164	1	563
553	0	565
565	1	553
553	0	1100
1100	1	553
553	0	562
562	1	553
553	0	1041
1041	1	553
522	0	565
565	1	522
522	0	1133
1133	1	522
522	0	1178
1178	1	522
491	0	565
565	1	491
146	0	565
565	1	146
151	0	565
565	1	151
523	0	565
565	1	523
523	0	542
542	1	523
533	0	565
565	1	533
533	0	1133
1133	1	533
533	0	1100
1100	1	533
460	0	565
565	1	460
552	0	565
565	1	552
552	0	1098
1098	1	552
552	0	562
562	1	552
552	0	1039
1039	1	552
504	0	565
565	1	504
504	0	549
549	1	504
504	0	852
852	1	504
504	0	1054
1054	1	504
504	0	558
558	1	504
504	0	1133
1133	1	504
504	0	1134
1134	1	504
504	0	676
676	1	504
558	0	565
565	1	558
190	0	565
565	1	190
190	0	460
460	1	190
505	0	565
565	1	505
505	0	549
549	1	505
505	0	532
532	1	505
505	0	563
563	1	505
505	0	700
700	1	505
505	0	807
807	1	505
505	0	561
561	1	505
505	0	1133
1133	1	505
505	0	1129
1129	1	505
505	0	550
550	1	505
505	0	548
548	1	505
223	0	565
565	1	223
223	0	459
459	1	223
466	0	565
565	1	466
466	0	503
503	1	466
466	0	561
561	1	466
466	0	563
563	1	466
466	0	533
533	1	466
466	0	504
504	1	466
466	0	558
558	1	466
466	0	505
505	1	466
466	0	506
506	1	466
466	0	548
548	1	466
466	0	517
517	1	466
466	0	687
687	1	466
407	0	565
565	1	407
407	0	690
690	1	407
407	0	981
981	1	407
238	0	565
565	1	238
238	0	503
503	1	238
238	0	561
561	1	238
238	0	563
563	1	238
238	0	533
533	1	238
238	0	504
504	1	238
238	0	558
558	1	238
238	0	505
505	1	238
238	0	506
506	1	238
238	0	548
548	1	238
238	0	1023
1023	1	238
238	0	687
687	1	238
238	0	517
517	1	238
238	0	463
463	1	238
238	0	466
466	1	238
238	0	410
410	1	238
528	0	565
565	1	528
528	0	577
577	1	528
530	0	565
565	1	530
530	0	577
577	1	530
262	0	565
565	1	262
262	0	418
418	1	262
413	0	565
565	1	413
413	0	690
690	1	413
413	0	981
981	1	413
283	0	565
565	1	283
506	0	565
565	1	506
506	0	533
533	1	506
506	0	534
534	1	506
506	0	1133
1133	1	506
506	0	1100
1100	1	506
506	0	847
847	1	506
299	0	565
565	1	299
418	0	565
565	1	418
524	0	565
565	1	524
524	0	542
542	1	524
548	0	565
565	1	548
548	0	807
807	1	548
548	0	1129
1129	1	548
548	0	700
700	1	548
548	0	1102
1102	1	548
548	0	563
563	1	548
548	0	561
561	1	548
467	0	565
565	1	467
467	0	503
503	1	467
467	0	561
561	1	467
467	0	563
563	1	467
467	0	533
533	1	467
467	0	504
504	1	467
467	0	558
558	1	467
467	0	505
505	1	467
467	0	506
506	1	467
467	0	548
548	1	467
467	0	517
517	1	467
467	0	755
755	1	467
565	0	566
566	1	565
565	0	972
972	1	565
565	0	1191
1191	1	565
565	0	1178
1178	1	565
565	0	567
567	1	565
565	0	568
568	1	565
565	0	973
973	1	565
565	0	569
569	1	565
565	0	938
938	1	565
565	0	570
570	1	565
565	0	571
571	1	565
565	0	1133
1133	1	565
565	0	1161
1161	1	565
565	0	1180
1180	1	565
565	0	980
980	1	565
565	0	572
572	1	565
565	0	940
940	1	565
565	0	573
573	1	565
565	0	574
574	1	565
565	0	575
575	1	565
565	0	576
576	1	565
565	0	1056
1056	1	565
565	0	1187
1187	1	565
565	0	577
577	1	565
565	0	578
578	1	565
565	0	579
579	1	565
565	0	1023
1023	1	565
565	0	953
953	1	565
565	0	580
580	1	565
565	0	978
978	1	565
565	0	1094
1094	1	565
565	0	581
581	1	565
565	0	981
981	1	565
565	0	582
582	1	565
565	0	1202
1202	1	565
565	0	1217
1217	1	565
565	0	583
583	1	565
565	0	1095
1095	1	565
565	0	584
584	1	565
565	0	585
585	1	565
565	0	1085
1085	1	565
565	0	586
586	1	565
565	0	587
587	1	565
565	0	588
588	1	565
565	0	589
589	1	565
565	0	1142
1142	1	565
565	0	1104
1104	1	565
565	0	1045
1045	1	565
565	0	1192
1192	1	565
565	0	1164
1164	1	565
565	0	590
590	1	565
565	0	591
591	1	565
565	0	592
592	1	565
565	0	593
593	1	565
565	0	594
594	1	565
565	0	595
595	1	565
565	0	1207
1207	1	565
565	0	1006
1006	1	565
565	0	983
983	1	565
565	0	596
596	1	565
565	0	597
597	1	565
565	0	598
598	1	565
565	0	1075
1075	1	565
565	0	599
599	1	565
565	0	600
600	1	565
565	0	601
601	1	565
565	0	602
602	1	565
565	0	986
986	1	565
565	0	603
603	1	565
565	0	604
604	1	565
565	0	987
987	1	565
565	0	605
605	1	565
565	0	606
606	1	565
565	0	988
988	1	565
565	0	1087
1087	1	565
565	0	1117
1117	1	565
565	0	989
989	1	565
565	0	1132
1132	1	565
565	0	607
607	1	565
565	0	608
608	1	565
565	0	1181
1181	1	565
565	0	609
609	1	565
565	0	610
610	1	565
565	0	956
956	1	565
565	0	611
611	1	565
565	0	993
993	1	565
565	0	612
612	1	565
565	0	613
613	1	565
565	0	614
614	1	565
565	0	615
615	1	565
565	0	994
994	1	565
565	0	616
616	1	565
565	0	975
975	1	565
565	0	959
959	1	565
565	0	617
617	1	565
565	0	618
618	1	565
565	0	1135
1135	1	565
565	0	1126
1126	1	565
565	0	619
619	1	565
565	0	620
620	1	565
565	0	621
621	1	565
565	0	622
622	1	565
565	0	995
995	1	565
565	0	623
623	1	565
565	0	967
967	1	565
565	0	624
624	1	565
565	0	625
625	1	565
565	0	1106
1106	1	565
565	0	626
626	1	565
565	0	627
627	1	565
565	0	1182
1182	1	565
565	0	1115
1115	1	565
565	0	1078
1078	1	565
565	0	628
628	1	565
565	0	629
629	1	565
565	0	630
630	1	565
565	0	961
961	1	565
565	0	631
631	1	565
565	0	998
998	1	565
565	0	632
632	1	565
565	0	633
633	1	565
565	0	634
634	1	565
565	0	1136
1136	1	565
565	0	1127
1127	1	565
565	0	635
635	1	565
565	0	636
636	1	565
565	0	1072
1072	1	565
565	0	637
637	1	565
565	0	638
638	1	565
565	0	639
639	1	565
565	0	640
640	1	565
565	0	641
641	1	565
565	0	1034
1034	1	565
565	0	642
642	1	565
565	0	964
964	1	565
565	0	1003
1003	1	565
565	0	1091
1091	1	565
565	0	1004
1004	1	565
565	0	1005
1005	1	565
565	0	643
643	1	565
565	0	644
644	1	565
565	0	645
645	1	565
565	0	646
646	1	565
565	0	647
647	1	565
565	0	648
648	1	565
565	0	649
649	1	565
565	0	939
939	1	565
565	0	650
650	1	565
565	0	651
651	1	565
565	0	652
652	1	565
565	0	653
653	1	565
565	0	654
654	1	565
565	0	968
968	1	565
565	0	655
655	1	565
565	0	1151
1151	1	565
565	0	1012
1012	1	565
565	0	1010
1010	1	565
565	0	1107
1107	1	565
565	0	656
656	1	565
565	0	657
657	1	565
565	0	658
658	1	565
565	0	659
659	1	565
565	0	660
660	1	565
565	0	661
661	1	565
565	0	979
979	1	565
565	0	1099
1099	1	565
565	0	662
662	1	565
565	0	663
663	1	565
565	0	664
664	1	565
565	0	665
665	1	565
565	0	666
666	1	565
565	0	1015
1015	1	565
565	0	1017
1017	1	565
565	0	1128
1128	1	565
565	0	667
667	1	565
565	0	1016
1016	1	565
565	0	1018
1018	1	565
565	0	1153
1153	1	565
565	0	1011
1011	1	565
565	0	668
668	1	565
565	0	669
669	1	565
565	0	670
670	1	565
565	0	671
671	1	565
565	0	672
672	1	565
565	0	673
673	1	565
565	0	970
970	1	565
565	0	674
674	1	565
565	0	675
675	1	565
565	0	1053
1053	1	565
565	0	1105
1105	1	565
565	0	1052
1052	1	565
565	0	1146
1146	1	565
565	0	676
676	1	565
565	0	1179
1179	1	565
565	0	1049
1049	1	565
565	0	1055
1055	1	565
565	0	1066
1066	1	565
565	0	677
677	1	565
565	0	678
678	1	565
565	0	679
679	1	565
565	0	680
680	1	565
565	0	1175
1175	1	565
565	0	1158
1158	1	565
565	0	1140
1140	1	565
565	0	1193
1193	1	565
565	0	1210
1210	1	565
565	0	681
681	1	565
565	0	682
682	1	565
565	0	683
683	1	565
565	0	684
684	1	565
565	0	685
685	1	565
565	0	941
941	1	565
565	0	1059
1059	1	565
565	0	686
686	1	565
565	0	1213
1213	1	565
565	0	687
687	1	565
565	0	934
934	1	565
565	0	688
688	1	565
565	0	689
689	1	565
565	0	690
690	1	565
565	0	691
691	1	565
565	0	942
942	1	565
565	0	1060
1060	1	565
565	0	692
692	1	565
565	0	1214
1214	1	565
565	0	1120
1120	1	565
565	0	1042
1042	1	565
565	0	693
693	1	565
565	0	694
694	1	565
565	0	695
695	1	565
565	0	696
696	1	565
565	0	697
697	1	565
565	0	698
698	1	565
565	0	699
699	1	565
565	0	1102
1102	1	565
565	0	1129
1129	1	565
565	0	700
700	1	565
565	0	1156
1156	1	565
565	0	1026
1026	1	565
565	0	958
958	1	565
565	0	1076
1076	1	565
565	0	701
701	1	565
565	0	702
702	1	565
565	0	1218
1218	1	565
565	0	703
703	1	565
565	0	704
704	1	565
565	0	705
705	1	565
565	0	706
706	1	565
565	0	707
707	1	565
565	0	1083
1083	1	565
565	0	954
954	1	565
565	0	708
708	1	565
565	0	709
709	1	565
565	0	949
949	1	565
565	0	710
710	1	565
565	0	711
711	1	565
565	0	947
947	1	565
565	0	943
943	1	565
565	0	712
712	1	565
565	0	713
713	1	565
565	0	714
714	1	565
565	0	715
715	1	565
565	0	1116
1116	1	565
565	0	716
716	1	565
565	0	717
717	1	565
565	0	1149
1149	1	565
565	0	1148
1148	1	565
565	0	718
718	1	565
565	0	719
719	1	565
565	0	974
974	1	565
565	0	991
991	1	565
565	0	720
720	1	565
565	0	721
721	1	565
565	0	1038
1038	1	565
565	0	722
722	1	565
565	0	1057
1057	1	565
565	0	723
723	1	565
565	0	724
724	1	565
565	0	725
725	1	565
565	0	1189
1189	1	565
565	0	726
726	1	565
565	0	727
727	1	565
565	0	1088
1088	1	565
565	0	728
728	1	565
565	0	729
729	1	565
565	0	1073
1073	1	565
565	0	1138
1138	1	565
565	0	730
730	1	565
565	0	1090
1090	1	565
565	0	731
731	1	565
565	0	732
732	1	565
565	0	1077
1077	1	565
565	0	733
733	1	565
565	0	1162
1162	1	565
565	0	1169
1169	1	565
565	0	734
734	1	565
565	0	735
735	1	565
565	0	950
950	1	565
565	0	736
736	1	565
565	0	737
737	1	565
565	0	944
944	1	565
565	0	738
738	1	565
565	0	739
739	1	565
565	0	1058
1058	1	565
565	0	740
740	1	565
565	0	741
741	1	565
565	0	1150
1150	1	565
565	0	990
990	1	565
565	0	960
960	1	565
565	0	962
962	1	565
565	0	1101
1101	1	565
565	0	1079
1079	1	565
565	0	742
742	1	565
565	0	743
743	1	565
565	0	744
744	1	565
565	0	745
745	1	565
565	0	1139
1139	1	565
565	0	746
746	1	565
565	0	1190
1190	1	565
565	0	747
747	1	565
565	0	748
748	1	565
565	0	749
749	1	565
565	0	1000
1000	1	565
565	0	1163
1163	1	565
565	0	1170
1170	1	565
565	0	1089
1089	1	565
565	0	750
750	1	565
565	0	1194
1194	1	565
565	0	751
751	1	565
565	0	752
752	1	565
565	0	1110
1110	1	565
565	0	753
753	1	565
565	0	1048
1048	1	565
565	0	754
754	1	565
565	0	963
963	1	565
565	0	755
755	1	565
565	0	936
936	1	565
565	0	756
756	1	565
565	0	757
757	1	565
565	0	1118
1118	1	565
565	0	758
758	1	565
565	0	759
759	1	565
565	0	965
965	1	565
565	0	760
760	1	565
565	0	945
945	1	565
565	0	1061
1061	1	565
565	0	761
761	1	565
565	0	1215
1215	1	565
565	0	762
762	1	565
565	0	763
763	1	565
565	0	764
764	1	565
565	0	1176
1176	1	565
565	0	765
765	1	565
565	0	766
766	1	565
565	0	767
767	1	565
565	0	768
768	1	565
565	0	1203
1203	1	565
565	0	769
769	1	565
565	0	1009
1009	1	565
565	0	770
770	1	565
565	0	771
771	1	565
565	0	1084
1084	1	565
565	0	772
772	1	565
565	0	1152
1152	1	565
565	0	773
773	1	565
565	0	774
774	1	565
565	0	969
969	1	565
565	0	976
976	1	565
565	0	1013
1013	1	565
565	0	775
775	1	565
565	0	776
776	1	565
565	0	777
777	1	565
565	0	778
778	1	565
565	0	779
779	1	565
565	0	1121
1121	1	565
565	0	977
977	1	565
565	0	780
780	1	565
565	0	781
781	1	565
565	0	782
782	1	565
565	0	783
783	1	565
565	0	946
946	1	565
565	0	1062
1062	1	565
565	0	1216
1216	1	565
565	0	1144
1144	1	565
565	0	784
784	1	565
565	0	1137
1137	1	565
565	0	1145
1145	1	565
565	0	785
785	1	565
565	0	786
786	1	565
565	0	1173
1173	1	565
565	0	1111
1111	1	565
565	0	787
787	1	565
565	0	788
788	1	565
565	0	789
789	1	565
565	0	790
790	1	565
565	0	971
971	1	565
565	0	1134
1134	1	565
565	0	1054
1054	1	565
565	0	1043
1043	1	565
565	0	791
791	1	565
565	0	792
792	1	565
565	0	793
793	1	565
565	0	794
794	1	565
565	0	1020
1020	1	565
565	0	1037
1037	1	565
565	0	795
795	1	565
565	0	948
948	1	565
565	0	796
796	1	565
565	0	797
797	1	565
565	0	1197
1197	1	565
565	0	798
798	1	565
565	0	799
799	1	565
565	0	1024
1024	1	565
565	0	800
800	1	565
565	0	801
801	1	565
565	0	1198
1198	1	565
565	0	1025
1025	1	565
565	0	802
802	1	565
565	0	803
803	1	565
565	0	982
982	1	565
565	0	804
804	1	565
565	0	805
805	1	565
565	0	806
806	1	565
565	0	807
807	1	565
565	0	808
808	1	565
565	0	809
809	1	565
565	0	1082
1082	1	565
565	0	810
810	1	565
565	0	811
811	1	565
565	0	812
812	1	565
565	0	1029
1029	1	565
565	0	955
955	1	565
565	0	984
984	1	565
565	0	813
813	1	565
565	0	814
814	1	565
565	0	1086
1086	1	565
565	0	1188
1188	1	565
565	0	815
815	1	565
565	0	1032
1032	1	565
565	0	816
816	1	565
565	0	817
817	1	565
565	0	818
818	1	565
565	0	992
992	1	565
565	0	819
819	1	565
565	0	820
820	1	565
565	0	821
821	1	565
565	0	822
822	1	565
565	0	1064
1064	1	565
565	0	823
823	1	565
565	0	824
824	1	565
565	0	1205
1205	1	565
565	0	825
825	1	565
565	0	826
826	1	565
565	0	827
827	1	565
565	0	828
828	1	565
565	0	829
829	1	565
565	0	830
830	1	565
565	0	831
831	1	565
565	0	832
832	1	565
565	0	1206
1206	1	565
565	0	833
833	1	565
565	0	834
834	1	565
565	0	1033
1033	1	565
565	0	1065
1065	1	565
565	0	835
835	1	565
565	0	836
836	1	565
565	0	1035
1035	1	565
565	0	1199
1199	1	565
565	0	1007
1007	1	565
565	0	837
837	1	565
565	0	838
838	1	565
565	0	1008
1008	1	565
565	0	839
839	1	565
565	0	1030
1030	1	565
565	0	840
840	1	565
565	0	985
985	1	565
565	0	1098
1098	1	565
565	0	841
841	1	565
565	0	1039
1039	1	565
565	0	842
842	1	565
565	0	1014
1014	1	565
565	0	843
843	1	565
565	0	844
844	1	565
565	0	845
845	1	565
565	0	1040
1040	1	565
565	0	846
846	1	565
565	0	1200
1200	1	565
565	0	847
847	1	565
565	0	1041
1041	1	565
565	0	1100
1100	1	565
565	0	1019
1019	1	565
565	0	1157
1157	1	565
565	0	848
848	1	565
565	0	849
849	1	565
565	0	850
850	1	565
565	0	1212
1212	1	565
565	0	851
851	1	565
565	0	1122
1122	1	565
565	0	852
852	1	565
565	0	1096
1096	1	565
565	0	853
853	1	565
565	0	1028
1028	1	565
565	0	854
854	1	565
565	0	855
855	1	565
565	0	856
856	1	565
565	0	857
857	1	565
565	0	858
858	1	565
565	0	859
859	1	565
565	0	860
860	1	565
565	0	861
861	1	565
565	0	862
862	1	565
565	0	863
863	1	565
565	0	864
864	1	565
565	0	865
865	1	565
565	0	866
866	1	565
565	0	867
867	1	565
565	0	868
868	1	565
565	0	869
869	1	565
565	0	870
870	1	565
565	0	871
871	1	565
565	0	1208
1208	1	565
565	0	1209
1209	1	565
565	0	872
872	1	565
565	0	873
873	1	565
565	0	874
874	1	565
565	0	1154
1154	1	565
565	0	1155
1155	1	565
565	0	875
875	1	565
565	0	876
876	1	565
565	0	877
877	1	565
565	0	878
878	1	565
565	0	1070
1070	1	565
565	0	879
879	1	565
565	0	880
880	1	565
565	0	881
881	1	565
565	0	882
882	1	565
565	0	966
966	1	565
565	0	883
883	1	565
565	0	1071
1071	1	565
565	0	884
884	1	565
565	0	1174
1174	1	565
565	0	885
885	1	565
565	0	886
886	1	565
565	0	887
887	1	565
565	0	951
951	1	565
565	0	952
952	1	565
565	0	888
888	1	565
565	0	889
889	1	565
565	0	890
890	1	565
565	0	891
891	1	565
565	0	892
892	1	565
565	0	893
893	1	565
565	0	894
894	1	565
565	0	895
895	1	565
565	0	896
896	1	565
565	0	897
897	1	565
565	0	1050
1050	1	565
565	0	1051
1051	1	565
565	0	1130
1130	1	565
565	0	1131
1131	1	565
565	0	898
898	1	565
565	0	899
899	1	565
565	0	1063
1063	1	565
565	0	900
900	1	565
565	0	901
901	1	565
565	0	1172
1172	1	565
565	0	902
902	1	565
565	0	1159
1159	1	565
565	0	1160
1160	1	565
565	0	903
903	1	565
565	0	1171
1171	1	565
565	0	904
904	1	565
565	0	905
905	1	565
565	0	906
906	1	565
565	0	907
907	1	565
565	0	1177
1177	1	565
565	0	908
908	1	565
565	0	909
909	1	565
565	0	910
910	1	565
565	0	911
911	1	565
565	0	1114
1114	1	565
565	0	912
912	1	565
565	0	913
913	1	565
565	0	914
914	1	565
565	0	1112
1112	1	565
565	0	1113
1113	1	565
565	0	915
915	1	565
565	0	916
916	1	565
565	0	917
917	1	565
565	0	918
918	1	565
565	0	919
919	1	565
565	0	999
999	1	565
565	0	1074
1074	1	565
565	0	920
920	1	565
565	0	921
921	1	565
565	0	922
922	1	565
565	0	923
923	1	565
565	0	924
924	1	565
565	0	925
925	1	565
565	0	926
926	1	565
565	0	927
927	1	565
565	0	928
928	1	565
565	0	929
929	1	565
565	0	930
930	1	565
565	0	931
931	1	565
565	0	932
932	1	565
565	0	933
933	1	565
166	0	565
565	1	166
22	0	570
570	1	22
22	0	362
362	1	22
22	0	565
565	1	22
507	0	565
565	1	507
308	0	565
565	1	308
308	0	679
679	1	308
308	0	973
973	1	308
795	0	1036
1036	1	795
795	0	1097
1097	1	795
795	0	1037
1037	1	795
60	0	1133
1133	1	60
60	0	1140
1140	1	60
60	0	1158
1158	1	60
60	0	373
373	1	60
449	0	565
565	1	449
449	0	679
679	1	449
449	0	577
577	1	449
449	0	485
485	1	449
449	0	928
928	1	449
449	0	486
486	1	449
449	0	1009
1009	1	449
449	0	487
487	1	449
449	0	488
488	1	449
449	0	959
959	1	449
449	0	489
489	1	449
449	0	1178
1178	1	449
449	0	769
769	1	449
449	0	490
490	1	449
449	0	491
491	1	449
449	0	492
492	1	449
449	0	521
521	1	449
449	0	493
493	1	449
449	0	614
614	1	449
449	0	617
617	1	449
449	0	551
551	1	449
449	0	527
527	1	449
449	0	528
528	1	449
449	0	529
529	1	449
449	0	530
530	1	449
449	0	1189
1189	1	449
449	0	1190
1190	1	449
449	0	1208
1208	1	449
449	0	1209
1209	1	449
449	0	519
519	1	449
449	0	525
525	1	449
449	0	526
526	1	449
449	0	494
494	1	449
449	0	495
495	1	449
449	0	496
496	1	449
449	0	497
497	1	449
449	0	498
498	1	449
487	0	565
565	1	487
212	0	565
565	1	212
1180	0	1193
1193	1	1180
1180	0	1194
1194	1	1180
1180	0	1213
1213	1	1180
1180	0	1214
1214	1	1180
1180	0	1195
1195	1	1180
1180	0	1215
1215	1	1180
1180	0	1216
1216	1	1180
1180	0	1212
1212	1	1180
1180	0	1196
1196	1	1180
1180	0	1210
1210	1	1180
1180	0	1211
1211	1	1180
1180	0	1197
1197	1	1180
1180	0	1198
1198	1	1180
1180	0	1199
1199	1	1180
1180	0	1200
1200	1	1180
6	0	565
565	1	6
572	0	940
940	1	572
439	0	857
857	1	439
439	0	863
863	1	439
439	0	565
565	1	439
173	0	565
565	1	173
173	0	458
458	1	173
173	0	395
395	1	173
395	0	565
565	1	395
395	0	458
458	1	395
797	0	1021
1021	1	797
797	0	1022
1022	1	797
575	0	941
941	1	575
575	0	942
942	1	575
575	0	943
943	1	575
575	0	944
944	1	575
575	0	945
945	1	575
575	0	946
946	1	575
575	0	947
947	1	575
575	0	948
948	1	575
575	0	949
949	1	575
575	0	950
950	1	575
575	0	951
951	1	575
575	0	952
952	1	575
5	0	570
570	1	5
5	0	565
565	1	5
893	0	1187
1187	1	893
170	0	565
565	1	170
170	0	577
577	1	170
170	0	449
449	1	170
170	0	431
431	1	170
1178	0	1180
1180	1	1178
1178	0	1201
1201	1	1178
1178	0	1181
1181	1	1178
1178	0	1182
1182	1	1178
1178	0	1213
1213	1	1178
1178	0	1214
1214	1	1178
1178	0	1183
1183	1	1178
1178	0	1184
1184	1	1178
1178	0	1195
1195	1	1178
1178	0	1185
1185	1	1178
1178	0	1215
1215	1	1178
1178	0	1186
1186	1	1178
1178	0	1216
1216	1	1178
1178	0	1193
1193	1	1178
1178	0	1210
1210	1	1178
1178	0	1211
1211	1	1178
1178	0	1187
1187	1	1178
1178	0	1188
1188	1	1178
1178	0	1194
1194	1	1178
1178	0	1208
1208	1	1178
1178	0	1209
1209	1	1178
1178	0	1189
1189	1	1178
1178	0	1190
1190	1	1178
1178	0	1191
1191	1	1178
139	0	565
565	1	139
465	0	503
503	1	465
410	0	503
503	1	410
410	0	687
687	1	410
410	0	463
463	1	410
410	0	517
517	1	410
410	0	755
755	1	410
410	0	464
464	1	410
410	0	465
465	1	410
410	0	466
466	1	410
410	0	467
467	1	410
463	0	1023
1023	1	463
463	0	687
687	1	463
463	0	503
503	1	463
463	0	517
517	1	463
463	0	565
565	1	463
433	0	1101
1101	1	433
433	0	481
481	1	433
310	0	1133
1133	1	310
310	0	429
429	1	310
429	0	1133
1133	1	429
429	0	1141
1141	1	429
40	0	565
565	1	40
295	0	978
978	1	295
295	0	679
679	1	295
295	0	565
565	1	295
1024	0	1094
1094	1	1024
800	0	1094
1094	1	800
800	0	1024
1024	1	800
894	0	1187
1187	1	894
314	0	565
565	1	314
314	0	577
577	1	314
314	0	449
449	1	314
314	0	431
431	1	314
1187	0	1202
1202	1	1187
1187	0	1203
1203	1	1187
1187	0	1204
1204	1	1187
1187	0	1217
1217	1	1187
1187	0	1205
1205	1	1187
1187	0	1206
1206	1	1187
1187	0	1207
1207	1	1187
301	0	565
565	1	301
301	0	493
493	1	301
76	0	565
565	1	76
76	0	584
584	1	76
76	0	397
397	1	76
208	0	565
565	1	208
208	0	401
401	1	208
357	0	1180
1180	1	357
357	0	565
565	1	357
806	0	1133
1133	1	806
806	0	1142
1142	1	806
806	0	1102
1102	1	806
806	0	1156
1156	1	806
806	0	1026
1026	1	806
806	0	1027
1027	1	806
809	0	1133
1133	1	809
809	0	1129
1129	1	809
809	0	1028
1028	1	809
206	0	1071
1071	1	206
206	0	915
915	1	206
206	0	565
565	1	206
113	0	565
565	1	113
958	0	1218
1218	1	958
958	0	1076
1076	1	958
958	0	1077
1077	1	958
958	0	1207
1207	1	958
7	0	565
565	1	7
7	0	983
983	1	7
7	0	987
987	1	7
7	0	352
352	1	7
204	0	1085
1085	1	204
812	0	1029
1029	1	812
812	0	1030
1030	1	812
214	0	404
404	1	214
214	0	707
707	1	214
214	0	1083
1083	1	214
214	0	984
984	1	214
214	0	954
954	1	214
214	0	565
565	1	214
15	0	565
565	1	15
15	0	531
531	1	15
15	0	709
709	1	15
15	0	932
932	1	15
15	0	356
356	1	15
15	0	554
554	1	15
15	0	555
555	1	15
15	0	556
556	1	15
15	0	557
557	1	15
547	0	565
565	1	547
547	0	932
932	1	547
547	0	554
554	1	547
547	0	555
555	1	547
547	0	556
556	1	547
547	0	557
557	1	547
554	0	932
932	1	554
334	0	601
601	1	334
334	0	565
565	1	334
25	0	848
848	1	25
25	0	565
565	1	25
25	0	363
363	1	25
25	0	364
364	1	25
25	0	448
448	1	25
363	0	848
848	1	363
363	0	448
448	1	363
305	0	565
565	1	305
207	0	951
951	1	207
207	0	565
565	1	207
207	0	575
575	1	207
73	0	1085
1085	1	73
10	0	565
565	1	10
10	0	715
715	1	10
10	0	757
757	1	10
715	0	989
989	1	715
197	0	1133
1133	1	197
389	0	457
457	1	389
389	0	1148
1148	1	389
389	0	1133
1133	1	389
389	0	1149
1149	1	389
92	0	457
457	1	92
92	0	1148
1148	1	92
92	0	389
389	1	92
719	0	1133
1133	1	719
719	0	1143
1143	1	719
719	0	990
990	1	719
50	0	565
565	1	50
50	0	369
369	1	50
50	0	370
370	1	50
87	0	378
378	1	87
87	0	565
565	1	87
87	0	991
991	1	87
11	0	565
565	1	11
289	0	565
565	1	289
884	0	1187
1187	1	884
884	0	1057
1057	1	884
884	0	1203
1203	1	884
556	0	932
932	1	556
387	0	565
565	1	387
129	0	565
565	1	129
129	0	513
513	1	129
129	0	536
536	1	129
536	0	565
565	1	536
39	0	1189
1189	1	39
39	0	1190
1190	1	39
39	0	1208
1208	1	39
39	0	1209
1209	1	39
39	0	565
565	1	39
39	0	1178
1178	1	39
39	0	449
449	1	39
39	0	366
366	1	39
39	0	367
367	1	39
339	0	565
565	1	339
339	0	1174
1174	1	339
339	0	1159
1159	1	339
727	0	1088
1088	1	727
66	0	376
376	1	66
66	0	613
613	1	66
103	0	565
565	1	103
103	0	453
453	1	103
103	0	383
383	1	103
494	0	543
543	1	494
494	0	614
614	1	494
494	0	525
525	1	494
494	0	551
551	1	494
187	0	565
565	1	187
187	0	614
614	1	187
309	0	565
565	1	309
177	0	565
565	1	177
177	0	922
922	1	177
177	0	1130
1130	1	177
177	0	1112
1112	1	177
177	0	1073
1073	1	177
258	0	565
565	1	258
258	0	679
679	1	258
258	0	975
975	1	258
495	0	544
544	1	495
495	0	617
617	1	495
495	0	526
526	1	495
495	0	551
551	1	495
94	0	565
565	1	94
94	0	617
617	1	94
185	0	565
565	1	185
185	0	1154
1154	1	185
185	0	1169
1169	1	185
185	0	1133
1133	1	185
1154	0	1169
1169	1	1154
432	0	1180
1180	1	432
432	0	565
565	1	432
77	0	565
565	1	77
163	0	952
952	1	163
163	0	565
565	1	163
163	0	575
575	1	163
14	0	565
565	1	14
14	0	575
575	1	14
16	0	565
565	1	16
444	0	565
565	1	444
382	0	1133
1133	1	382
362	0	570
570	1	362
362	0	565
565	1	362
153	0	565
565	1	153
153	0	967
967	1	153
153	0	652
652	1	153
153	0	397
397	1	153
358	0	1180
1180	1	358
358	0	698
698	1	358
358	0	565
565	1	358
358	0	805
805	1	358
358	0	814
814	1	358
322	0	565
565	1	322
316	0	565
565	1	316
886	0	1058
1058	1	886
886	0	1106
1106	1	886
886	0	1107
1107	1	886
36	0	1058
1058	1	36
36	0	1106
1106	1	36
36	0	1107
1107	1	36
36	0	886
886	1	36
36	0	565
565	1	36
353	0	565
565	1	353
353	0	1106
1106	1	353
56	0	565
565	1	56
555	0	932
932	1	555
480	0	565
565	1	480
480	0	516
516	1	480
175	0	565
565	1	175
175	0	516
516	1	175
175	0	480
480	1	175
186	0	1133
1133	1	186
124	0	457
457	1	124
124	0	1148
1148	1	124
124	0	389
389	1	124
296	0	565
565	1	296
960	0	1115
1115	1	960
960	0	1078
1078	1	960
29	0	630
630	1	29
29	0	961
961	1	29
29	0	970
970	1	29
29	0	674
674	1	29
29	0	832
832	1	29
29	0	849
849	1	29
29	0	1101
1101	1	29
29	0	565
565	1	29
32	0	517
517	1	32
32	0	1101
1101	1	32
32	0	1079
1079	1	32
427	0	1133
1133	1	427
313	0	833
833	1	313
313	0	565
565	1	313
217	0	565
565	1	217
217	0	929
929	1	217
217	0	424
424	1	217
743	0	998
998	1	743
64	0	499
499	1	64
64	0	500
500	1	64
64	0	565
565	1	64
64	0	864
864	1	64
64	0	867
867	1	64
64	0	451
451	1	64
64	0	452
452	1	64
64	0	744
744	1	64
64	0	374
374	1	64
64	0	375
375	1	64
374	0	499
499	1	374
374	0	565
565	1	374
374	0	1033
1033	1	374
374	0	864
864	1	374
374	0	834
834	1	374
374	0	744
744	1	374
374	0	451
451	1	374
226	0	565
565	1	226
226	0	923
923	1	226
226	0	1131
1131	1	226
226	0	1113
1113	1	226
226	0	1073
1073	1	226
349	0	565
565	1	349
315	0	565
565	1	315
315	0	1174
1174	1	315
315	0	1160
1160	1	315
221	0	565
565	1	221
221	0	1170
1170	1	221
221	0	1155
1155	1	221
221	0	1133
1133	1	221
1155	0	1170
1170	1	1155
750	0	1089
1089	1	750
911	0	1069
1069	1	911
517	0	565
565	1	517
517	0	637
637	1	517
517	0	646
646	1	517
517	0	962
962	1	517
517	0	971
971	1	517
517	0	541
541	1	517
866	0	1048
1048	1	866
174	0	565
565	1	174
48	0	565
565	1	48
464	0	1034
1034	1	464
464	0	755
755	1	464
464	0	503
503	1	464
464	0	517
517	1	464
464	0	565
565	1	464
134	0	1133
1133	1	134
134	0	429
429	1	134
757	0	1004
1004	1	757
288	0	565
565	1	288
288	0	930
930	1	288
288	0	424
424	1	288
758	0	1005
1005	1	758
375	0	500
500	1	375
375	0	565
565	1	375
375	0	867
867	1	375
375	0	834
834	1	375
375	0	744
744	1	375
375	0	452
452	1	375
62	0	565
565	1	62
62	0	643
643	1	62
965	0	1218
1218	1	965
965	0	1207
1207	1	965
891	0	1187
1187	1	891
264	0	565
565	1	264
264	0	577
577	1	264
264	0	449
449	1	264
264	0	431
431	1	264
328	0	565
565	1	328
328	0	435
435	1	328
837	0	1036
1036	1	837
837	0	1097
1097	1	837
837	0	1037
1037	1	837
325	0	565
565	1	325
79	0	565
565	1	79
228	0	565
565	1	228
228	0	653
653	1	228
228	0	652
652	1	228
116	0	565
565	1	116
150	0	565
565	1	150
150	0	449
449	1	150
150	0	1178
1178	1	150
150	0	521
521	1	150
251	0	415
415	1	251
251	0	707
707	1	251
251	0	985
985	1	251
251	0	1084
1084	1	251
251	0	954
954	1	251
251	0	565
565	1	251
841	0	1133
1133	1	841
841	0	1039
1039	1	841
398	0	461
461	1	398
398	0	1133
1133	1	398
398	0	502
502	1	398
398	0	1151
1151	1	398
398	0	565
565	1	398
156	0	842
842	1	156
156	0	391
391	1	156
156	0	565
565	1	156
156	0	1098
1098	1	156
1019	0	1119
1119	1	1019
1019	0	1092
1092	1	1019
1019	0	1093
1093	1	1019
1019	0	1104
1104	1	1019
1019	0	1133
1133	1	1019
1019	0	1157
1157	1	1019
1092	0	1119
1119	1	1092
564	0	565
565	1	564
354	0	565
565	1	354
354	0	1107
1107	1	354
869	0	1048
1048	1	869
282	0	565
565	1	282
230	0	406
406	1	230
230	0	565
565	1	230
230	0	1013
1013	1	230
400	0	565
565	1	400
537	0	565
565	1	537
215	0	565
565	1	215
215	0	513
513	1	215
215	0	537
537	1	215
168	0	601
601	1	168
168	0	565
565	1	168
275	0	843
843	1	275
275	0	565
565	1	275
557	0	932
932	1	557
178	0	979
979	1	178
178	0	679
679	1	178
178	0	565
565	1	178
846	0	1099
1099	1	846
846	0	1040
1040	1	846
1040	0	1099
1099	1	1040
74	0	565
565	1	74
892	0	1187
1187	1	892
255	0	565
565	1	255
255	0	577
577	1	255
255	0	449
449	1	255
255	0	431
431	1	255
125	0	666
666	1	125
125	0	1133
1133	1	125
125	0	1015
1015	1	125
125	0	565
565	1	125
784	0	1133
1133	1	784
784	0	1015
1015	1	784
784	0	1016
1016	1	784
784	0	1017
1017	1	784
784	0	1018
1018	1	784
1104	0	1128
1128	1	1104
1104	0	1129
1129	1	1104
1104	0	1137
1137	1	1104
1104	0	1173
1173	1	1104
1104	0	1134
1134	1	1104
1104	0	1157
1157	1	1104
317	0	667
667	1	317
317	0	1133
1133	1	317
317	0	1016
1016	1	317
317	0	565
565	1	317
847	0	1133
1133	1	847
847	0	1041
1041	1	847
416	0	565
565	1	416
416	0	1133
1133	1	416
416	0	786
786	1	416
416	0	1153
1153	1	416
1093	0	1119
1119	1	1093
1157	0	1173
1173	1	1157
364	0	848
848	1	364
364	0	565
565	1	364
227	0	565
565	1	227
359	0	1180
1180	1	359
359	0	565
565	1	359
426	0	565
565	1	426
426	0	1180
1180	1	426
426	0	1212
1212	1	426
426	0	1196
1196	1	426
293	0	1180
1180	1	293
293	0	426
426	1	293
293	0	1212
1212	1	293
293	0	1196
1196	1	293
293	0	565
565	1	293
851	0	1133
1133	1	851
851	0	1146
1146	1	851
851	0	1102
1102	1	851
851	0	1156
1156	1	851
851	0	1043
1043	1	851
851	0	1044
1044	1	851
1122	0	1133
1133	1	1122
1122	0	1134
1134	1	1122
82	0	1070
1070	1	82
82	0	915
915	1	82
82	0	565
565	1	82
454	0	565
565	1	454
454	0	507
507	1	454
679	0	973
973	1	679
679	0	1178
1178	1	679
679	0	974
974	1	679
679	0	975
975	1	679
679	0	976
976	1	679
679	0	977
977	1	679
679	0	978
978	1	679
679	0	979
979	1	679
284	0	565
565	1	284
75	0	565
565	1	75
75	0	569
569	1	75
75	0	938
938	1	75
75	0	1037
1037	1	75
885	0	1161
1161	1	885
1133	0	1140
1140	1	1133
1133	0	1141
1141	1	1133
1133	0	1142
1142	1	1133
1133	0	1143
1143	1	1133
1133	0	1169
1169	1	1133
1133	0	1170
1170	1	1133
1133	0	1144
1144	1	1133
1133	0	1145
1145	1	1133
1133	0	1146
1146	1	1133
1133	0	1147
1147	1	1133
1133	0	1148
1148	1	1133
1133	0	1149
1149	1	1133
1133	0	1178
1178	1	1133
1133	0	1205
1205	1	1133
1133	0	1150
1150	1	1133
1133	0	1206
1206	1	1133
1133	0	1151
1151	1	1133
1133	0	1152
1152	1	1133
1133	0	1153
1153	1	1133
1133	0	1179
1179	1	1133
1133	0	1154
1154	1	1133
1133	0	1155
1155	1	1133
1133	0	1156
1156	1	1133
1133	0	1189
1189	1	1133
1133	0	1190
1190	1	1133
1133	0	1157
1157	1	1133
1133	0	1158
1158	1	1133
1133	0	1173
1173	1	1133
1133	0	1187
1187	1	1133
1133	0	1208
1208	1	1133
1133	0	1209
1209	1	1133
1133	0	1174
1174	1	1133
1133	0	1159
1159	1	1133
1133	0	1160
1160	1	1133
1133	0	1161
1161	1	1133
23	0	565
565	1	23
179	0	905
905	1	179
179	0	565
565	1	179
179	0	395
395	1	179
443	0	905
905	1	443
443	0	565
565	1	443
510	0	1187
1187	1	510
510	0	565
565	1	510
510	0	578
578	1	510
510	0	1197
1197	1	510
510	0	535
535	1	510
510	0	893
893	1	510
496	0	565
565	1	496
496	0	577
577	1	496
496	0	527
527	1	496
535	0	1059
1059	1	535
535	0	565
565	1	535
535	0	578
578	1	535
535	0	1197
1197	1	535
431	0	686
686	1	431
431	0	692
692	1	431
431	0	511
511	1	431
431	0	905
905	1	431
431	0	761
761	1	431
431	0	512
512	1	431
431	0	514
514	1	431
431	0	1180
1180	1	431
431	0	565
565	1	431
431	0	1213
1213	1	431
431	0	1197
1197	1	431
431	0	1214
1214	1	431
431	0	1198
1198	1	431
431	0	724
724	1	431
431	0	992
992	1	431
431	0	473
473	1	431
431	0	1215
1215	1	431
431	0	1199
1199	1	431
431	0	776
776	1	431
431	0	1014
1014	1	431
431	0	1216
1216	1	431
431	0	1200
1200	1	431
431	0	474
474	1	431
431	0	475
475	1	431
431	0	476
476	1	431
431	0	477
477	1	431
431	0	478
478	1	431
431	0	479
479	1	431
431	0	480
480	1	431
431	0	536
536	1	431
431	0	537
537	1	431
474	0	686
686	1	474
474	0	565
565	1	474
474	0	578
578	1	474
474	0	535
535	1	474
474	0	1197
1197	1	474
474	0	510
510	1	474
570	0	934
934	1	570
570	0	935
935	1	570
570	0	936
936	1	570
570	0	937
937	1	570
570	0	938
938	1	570
570	0	939
939	1	570
181	0	565
565	1	181
181	0	396
396	1	181
248	0	565
565	1	248
248	0	413
413	1	248
248	0	690
690	1	248
248	0	801
801	1	248
515	0	1187
1187	1	515
515	0	565
565	1	515
515	0	582
582	1	515
515	0	1198
1198	1	515
515	0	647
647	1	515
515	0	1199
1199	1	515
515	0	665
665	1	515
515	0	1200
1200	1	515
515	0	538
538	1	515
515	0	539
539	1	515
515	0	540
540	1	515
515	0	891
891	1	515
515	0	892
892	1	515
515	0	894
894	1	515
497	0	565
565	1	497
497	0	577
577	1	497
497	0	528
528	1	497
538	0	1060
1060	1	538
538	0	565
565	1	538
538	0	582
582	1	538
538	0	1198
1198	1	538
475	0	692
692	1	475
475	0	565
565	1	475
475	0	582
582	1	475
475	0	538
538	1	475
475	0	1198
1198	1	475
475	0	515
515	1	475
422	0	1178
1178	1	422
422	0	583
583	1	422
422	0	661
661	1	422
422	0	1025
1025	1	422
422	0	565
565	1	422
422	0	802
802	1	422
280	0	1025
1025	1	280
280	0	802
802	1	280
280	0	565
565	1	280
280	0	422
422	1	280
802	0	1095
1095	1	802
802	0	1025
1025	1	802
1095	0	1120
1120	1	1095
1095	0	1121
1121	1	1095
352	0	693
693	1	352
352	0	1042
1042	1	352
352	0	565
565	1	352
352	0	762
762	1	352
437	0	565
565	1	437
437	0	982
982	1	437
437	0	694
694	1	437
337	0	565
565	1	337
337	0	982
982	1	337
337	0	694
694	1	337
337	0	437
437	1	337
401	0	565
565	1	401
17	0	565
565	1	17
17	0	1180
1180	1	17
17	0	357
357	1	17
17	0	358
358	1	17
17	0	359
359	1	17
148	0	565
565	1	148
371	0	565
565	1	371
51	0	565
565	1	51
51	0	371
371	1	51
274	0	565
565	1	274
1027	0	1142
1142	1	1027
1027	0	1133
1133	1	1027
162	0	565
565	1	162
1063	0	1133
1133	1	1063
898	0	1133
1133	1	898
898	0	1063
1063	1	898
1045	0	1129
1129	1	1045
1045	0	1104
1104	1	1045
549	0	563
563	1	549
549	0	700
700	1	549
549	0	1054
1054	1	549
549	0	558
558	1	549
549	0	1133
1133	1	549
549	0	559
559	1	549
549	0	560
560	1	549
1028	0	1133
1133	1	1028
1028	0	1147
1147	1	1028
1028	0	1096
1096	1	1028
879	0	1192
1192	1	879
158	0	559
559	1	158
158	0	565
565	1	158
158	0	563
563	1	158
158	0	700
700	1	158
158	0	1164
1164	1	158
158	0	392
392	1	158
1067	0	1108
1108	1	1067
26	0	565
565	1	26
26	0	701
701	1	26
26	0	733
733	1	26
26	0	594
594	1	26
595	0	1218
1218	1	595
595	0	1207
1207	1	595
595	0	1006
1006	1	595
595	0	958
958	1	595
595	0	1187
1187	1	595
428	0	565
565	1	428
428	0	983
983	1	428
428	0	1082
1082	1	428
428	0	472
472	1	428
428	0	703
703	1	428
307	0	565
565	1	307
307	0	983
983	1	307
307	0	472
472	1	307
307	0	1082
1082	1	307
307	0	703
703	1	307
307	0	428
428	1	307
254	0	565
565	1	254
254	0	1075
1075	1	254
254	0	1029
1029	1	254
254	0	812
812	1	254
404	0	707
707	1	404
404	0	1083
1083	1	404
404	0	984
984	1	404
404	0	565
565	1	404
404	0	954
954	1	404
954	0	1074
1074	1	954
954	0	1114
1114	1	954
330	0	565
565	1	330
330	0	955
955	1	330
330	0	1114
1114	1	330
330	0	1074
1074	1	330
2	0	565
565	1	2
2	0	441
441	1	2
2	0	344
344	1	2
2	0	345
345	1	2
138	0	565
565	1	138
12	0	565
565	1	12
104	0	565
565	1	104
104	0	712
712	1	104
456	0	565
565	1	456
456	0	501
501	1	456
501	0	565
565	1	501
115	0	456
456	1	115
115	0	501
501	1	115
115	0	385
385	1	115
136	0	565
565	1	136
136	0	987
987	1	136
136	0	472
472	1	136
136	0	1086
1086	1	136
136	0	713
713	1	136
136	0	390
390	1	136
390	0	565
565	1	390
390	0	987
987	1	390
390	0	1086
1086	1	390
390	0	472
472	1	390
390	0	713
713	1	390
229	0	565
565	1	229
229	0	1133
1133	1	229
457	0	1148
1148	1	457
608	0	1181
1181	1	608
250	0	565
565	1	250
250	0	1133
1133	1	250
250	0	1143
1143	1	250
250	0	719
719	1	250
250	0	414
414	1	250
414	0	565
565	1	414
414	0	719
719	1	414
414	0	1133
1133	1	414
414	0	1143
1143	1	414
610	0	956
956	1	610
272	0	565
565	1	272
159	0	565
565	1	159
159	0	393
393	1	159
120	0	565
565	1	120
120	0	387
387	1	120
511	0	565
565	1	511
476	0	511
511	1	476
476	0	565
565	1	476
476	0	513
513	1	476
366	0	449
449	1	366
366	0	1189
1189	1	366
366	0	565
565	1	366
366	0	1178
1178	1	366
55	0	449
449	1	55
55	0	565
565	1	55
55	0	1133
1133	1	55
219	0	405
405	1	219
219	0	488
488	1	219
613	0	957
957	1	613
383	0	819
819	1	383
383	0	565
565	1	383
383	0	453
453	1	383
9	0	565
565	1	9
9	0	820
820	1	9
302	0	565
565	1	302
468	0	565
565	1	468
468	0	507
507	1	468
769	0	1103
1103	1	769
769	0	1046
1046	1	769
769	0	1047
1047	1	769
769	0	1009
1009	1	769
1046	0	1103
1103	1	1046
318	0	565
565	1	318
318	0	1180
1180	1	318
318	0	432
432	1	318
142	0	565
565	1	142
326	0	565
565	1	326
263	0	565
565	1	263
263	0	738
738	1	263
348	0	565
565	1	348
348	0	444
444	1	348
102	0	1133
1133	1	102
102	0	382
382	1	102
193	0	565
565	1	193
232	0	565
565	1	232
232	0	407
407	1	232
232	0	690
690	1	232
232	0	825
825	1	232
95	0	565
565	1	95
271	0	565
565	1	271
332	0	565
565	1	332
8	0	565
565	1	8
8	0	353
353	1	8
8	0	354
354	1	8
99	0	565
565	1	99
218	0	565
565	1	218
218	0	1133
1133	1	218
627	0	1182
1182	1	627
241	0	565
565	1	241
241	0	1133
1133	1	241
241	0	990
990	1	241
241	0	411
411	1	241
241	0	1178
1178	1	241
241	0	412
412	1	241
241	0	1188
1188	1	241
412	0	565
565	1	412
412	0	990
990	1	412
412	0	1133
1133	1	412
990	0	1133
1133	1	990
990	0	1143
1143	1	990
628	0	1115
1115	1	628
628	0	1078
1078	1	628
628	0	960
960	1	628
434	0	962
962	1	434
434	0	888
888	1	434
1101	0	1123
1123	1	1101
1101	0	1124
1124	1	1101
1042	0	1101
1101	1	1042
303	0	1133
1133	1	303
303	0	427
427	1	303
499	0	565
565	1	499
499	0	864
864	1	499
451	0	565
565	1	451
451	0	1033
1033	1	451
451	0	499
499	1	451
451	0	864
864	1	451
451	0	834
834	1	451
451	0	744
744	1	451
367	0	449
449	1	367
367	0	1190
1190	1	367
367	0	565
565	1	367
367	0	1178
1178	1	367
462	0	1187
1187	1	462
462	0	747
747	1	462
462	0	565
565	1	462
209	0	1187
1187	1	209
209	0	747
747	1	209
209	0	565
565	1	209
209	0	462
462	1	209
209	0	402
402	1	209
402	0	1187
1187	1	402
402	0	747
747	1	402
402	0	565
565	1	402
402	0	462
462	1	402
1047	0	1103
1103	1	1047
211	0	403
403	1	211
211	0	489
489	1	211
541	0	565
565	1	541
260	0	565
565	1	260
220	0	565
565	1	220
500	0	565
565	1	500
500	0	867
867	1	500
452	0	565
565	1	452
452	0	500
500	1	452
452	0	867
867	1	452
452	0	834
834	1	452
452	0	744
744	1	452
644	0	1218
1218	1	644
644	0	1207
1207	1	644
644	0	1006
1006	1	644
644	0	965
965	1	644
644	0	1187
1187	1	644
28	0	565
565	1	28
180	0	565
565	1	180
498	0	565
565	1	498
498	0	577
577	1	498
498	0	529
529	1	498
498	0	530
530	1	498
539	0	1061
1061	1	539
539	0	565
565	1	539
539	0	647
647	1	539
539	0	1199
1199	1	539
477	0	761
761	1	477
477	0	565
565	1	477
477	0	647
647	1	477
477	0	539
539	1	477
477	0	1199
1199	1	477
477	0	515
515	1	477
435	0	565
565	1	435
121	0	565
565	1	121
121	0	1007
1007	1	121
121	0	763
763	1	121
121	0	388
388	1	121
388	0	565
565	1	388
388	0	1007
1007	1	388
388	0	763
763	1	388
470	0	565
565	1	470
470	0	508
508	1	470
508	0	565
565	1	508
276	0	470
470	1	276
276	0	508
508	1	276
276	0	419
419	1	276
257	0	565
565	1	257
192	0	565
565	1	192
192	0	569
569	1	192
192	0	939
939	1	192
192	0	1037
1037	1	192
768	0	1008
1008	1	768
152	0	565
565	1	152
52	0	565
565	1	52
52	0	868
868	1	52
52	0	450
450	1	52
52	0	372
372	1	52
188	0	565
565	1	188
654	0	968
968	1	654
154	0	565
565	1	154
154	0	1187
1187	1	154
100	0	565
565	1	100
100	0	1075
1075	1	100
100	0	1030
1030	1	100
100	0	812
812	1	100
100	0	381
381	1	100
381	0	565
565	1	381
381	0	1075
1075	1	381
415	0	707
707	1	415
415	0	985
985	1	415
415	0	1084
1084	1	415
415	0	565
565	1	415
415	0	954
954	1	415
599	0	954
954	1	599
599	0	955
955	1	599
70	0	954
954	1	70
70	0	565
565	1	70
184	0	565
565	1	184
184	0	1133
1133	1	184
184	0	841
841	1	184
184	0	1151
1151	1	184
184	0	398
398	1	184
184	0	461
461	1	184
184	0	502
502	1	184
461	0	1133
1133	1	461
461	0	502
502	1	461
461	0	565
565	1	461
461	0	1151
1151	1	461
502	0	565
565	1	502
502	0	531
531	1	502
502	0	1119
1119	1	502
502	0	1092
1092	1	502
502	0	1133
1133	1	502
502	0	1151
1151	1	502
545	0	1039
1039	1	545
545	0	552
552	1	545
545	0	553
553	1	545
545	0	1041
1041	1	545
545	0	565
565	1	545
545	0	562
562	1	545
1039	0	1098
1098	1	1039
562	0	565
565	1	562
562	0	1173
1173	1	562
562	0	564
564	1	562
562	0	1157
1157	1	562
562	0	1104
1104	1	562
562	0	1019
1019	1	562
773	0	1010
1010	1	773
773	0	1011
1011	1	773
773	0	1012
1012	1	773
54	0	565
565	1	54
54	0	760
760	1	54
1068	0	1109
1109	1	1068
84	0	565
565	1	84
84	0	377
377	1	84
198	0	565
565	1	198
198	0	400
400	1	198
512	0	565
565	1	512
478	0	512
512	1	478
478	0	565
565	1	478
478	0	513
513	1	478
98	0	1025
1025	1	98
98	0	802
802	1	98
98	0	565
565	1	98
98	0	422
422	1	98
196	0	565
565	1	196
196	0	399
399	1	196
540	0	1062
1062	1	540
540	0	565
565	1	540
540	0	665
665	1	540
540	0	1200
1200	1	540
514	0	565
565	1	514
479	0	514
514	1	479
479	0	565
565	1	479
479	0	665
665	1	479
479	0	540
540	1	479
479	0	1200
1200	1	479
479	0	515
515	1	479
252	0	565
565	1	252
252	0	1133
1133	1	252
252	0	847
847	1	252
252	0	1153
1153	1	252
252	0	416
416	1	252
252	0	786
786	1	252
1041	0	1100
1100	1	1041
165	0	565
565	1	165
438	0	971
971	1	438
438	0	482
482	1	438
167	0	565
565	1	167
240	0	565
565	1	240
878	0	1102
1102	1	878
878	0	1054
1054	1	878
878	0	1055
1055	1	878
1044	0	1146
1146	1	1044
1044	0	1133
1133	1	1044
1044	0	1102
1102	1	1044
546	0	1168
1168	1	546
546	0	1125
1125	1	546
546	0	1102
1102	1	546
870	0	1104
1104	1	870
870	0	1049
1049	1	870
1049	0	1134
1134	1	1049
1049	0	1104
1104	1	1049
202	0	560
560	1	202
202	0	565
565	1	202
202	0	1054
1054	1	202
202	0	1055
1055	1	202
202	0	878
878	1	202
109	0	565
565	1	109
109	0	384
384	1	109
384	0	565
565	1	384
384	0	454
454	1	384
384	0	455
455	1	384
384	0	507
507	1	384
46	0	565
565	1	46
373	0	1140
1140	1	373
373	0	1133
1133	1	373
373	0	565
565	1	373
83	0	565
565	1	83
1193	0	1210
1210	1	1193
144	0	490
490	1	144
144	0	449
449	1	144
132	0	565
565	1	132
346	0	442
442	1	346
346	0	565
565	1	346
346	0	443
443	1	346
3	0	442
442	1	3
3	0	346
346	1	3
3	0	347
347	1	3
3	0	406
406	1	3
3	0	908
908	1	3
3	0	565
565	1	3
333	0	565
565	1	333
33	0	565
565	1	33
33	0	365
365	1	33
365	0	493
493	1	365
365	0	565
565	1	365
137	0	565
565	1	137
35	0	565
565	1	35
35	0	906
906	1	35
35	0	907
907	1	35
392	0	565
565	1	392
392	0	700
700	1	392
392	0	1164
1164	1	392
392	0	563
563	1	392
532	0	565
565	1	532
532	0	807
807	1	532
532	0	1129
1129	1	532
532	0	563
563	1	532
532	0	700
700	1	532
532	0	549
549	1	532
532	0	561
561	1	532
532	0	550
550	1	532
550	0	565
565	1	550
550	0	807
807	1	550
550	0	561
561	1	550
550	0	1133
1133	1	550
550	0	1129
1129	1	550
550	0	563
563	1	550
550	0	700
700	1	550
550	0	1147
1147	1	550
210	0	565
565	1	210
210	0	1164
1164	1	210
210	0	1137
1137	1	210
329	0	958
958	1	329
329	0	591
591	1	329
329	0	436
436	1	329
27	0	565
565	1	27
703	0	983
983	1	703
703	0	1082
1082	1	703
472	0	983
983	1	472
472	0	565
565	1	472
472	0	987
987	1	472
472	0	1082
1082	1	472
472	0	1086
1086	1	472
472	0	703
703	1	472
472	0	713
713	1	472
355	0	565
565	1	355
355	0	445
445	1	355
355	0	446
446	1	355
355	0	483
483	1	355
355	0	484
484	1	355
355	0	518
518	1	355
355	0	813
813	1	355
355	0	829
829	1	355
355	0	818
818	1	355
355	0	844
844	1	355
189	0	565
565	1	189
408	0	565
565	1	408
235	0	565
565	1	235
235	0	408
408	1	235
713	0	987
987	1	713
713	0	1086
1086	1	713
446	0	565
565	1	446
446	0	484
484	1	446
484	0	565
565	1	484
1116	0	1132
1132	1	1116
607	0	1133
1133	1	607
607	0	1148
1148	1	607
292	0	565
565	1	292
292	0	471
471	1	292
292	0	425
425	1	292
425	0	565
565	1	425
425	0	471
471	1	425
471	0	565
565	1	471
393	0	565
565	1	393
513	0	565
565	1	513
513	0	536
536	1	513
513	0	537
537	1	513
245	0	486
486	1	245
821	0	1138
1138	1	821
821	0	1139
1139	1	821
222	0	958
958	1	222
222	0	591
591	1	222
222	0	436
436	1	222
253	0	565
565	1	253
253	0	417
417	1	253
417	0	565
565	1	417
417	0	468
468	1	417
417	0	469
469	1	417
247	0	565
565	1	247
1103	0	1126
1126	1	1103
1103	0	1127
1127	1	1103
65	0	565
565	1	65
65	0	912
912	1	65
350	0	565
565	1	350
216	0	490
490	1	216
216	0	449
449	1	216
312	0	565
565	1	312
626	0	1133
1133	1	626
626	0	1148
1148	1	626
832	0	1101
1101	1	832
832	0	1042
1042	1	832
155	0	565
565	1	155
424	0	565
565	1	424
424	0	929
929	1	424
424	0	930
930	1	424
351	0	565
565	1	351
182	0	486
486	1	182
483	0	565
565	1	483
483	0	518
518	1	483
445	0	565
565	1	445
445	0	518
518	1	445
445	0	483
483	1	445
518	0	565
565	1	518
1118	0	1132
1132	1	1118
122	0	565
565	1	122
89	0	565
565	1	89
379	0	565
565	1	379
93	0	565
565	1	93
93	0	379
379	1	93
652	0	966
966	1	652
652	0	967
967	1	652
652	0	1189
1189	1	652
652	0	1190
1190	1	652
652	0	1133
1133	1	652
372	0	565
565	1	372
372	0	450
450	1	372
450	0	565
565	1	450
772	0	1133
1133	1	772
772	0	1039
1039	1	772
772	0	1151
1151	1	772
194	0	552
552	1	194
194	0	562
562	1	194
194	0	545
545	1	194
236	0	565
565	1	236
69	0	565
565	1	69
377	0	565
565	1	377
321	0	565
565	1	321
785	0	1133
1133	1	785
785	0	1153
1153	1	785
785	0	1019
1019	1	785
786	0	1119
1119	1	786
786	0	1093
1093	1	786
786	0	1133
1133	1	786
786	0	1153
1153	1	786
101	0	553
553	1	101
101	0	562
562	1	101
101	0	545
545	1	101
849	0	1101
1101	1	849
849	0	1042
1042	1	849
265	0	1133
1133	1	265
265	0	565
565	1	265
265	0	1096
1096	1	265
265	0	1122
1122	1	265
265	0	1028
1028	1	265
676	0	1134
1134	1	676
676	0	1054
1054	1	676
676	0	1102
1102	1	676
1102	0	1133
1133	1	1102
1102	0	1125
1125	1	1102
1102	0	1156
1156	1	1102
1096	0	1133
1133	1	1096
1096	0	1122
1122	1	1096
852	0	1134
1134	1	852
852	0	1054
1054	1	852
580	0	953
953	1	580
931	0	1133
1133	1	931
369	0	565
565	1	369
13	0	355
355	1	13
13	0	813
813	1	13
13	0	818
818	1	13
13	0	829
829	1	13
13	0	844
844	1	13
169	0	565
565	1	169
642	0	964
964	1	642
370	0	565
565	1	370
290	0	565
565	1	290
875	0	1105
1105	1	875
875	0	1052
1052	1	875
875	0	1053
1053	1	875
860	0	1104
1104	1	860
860	0	1045
1045	1	860
335	0	1156
1156	1	335
335	0	1026
1026	1	335
335	0	565
565	1	335
335	0	879
879	1	335
273	0	565
565	1	273
131	0	565
565	1	131
298	0	545
545	1	298
117	0	545
545	1	117
1053	0	1105
1105	1	1053
902	0	1133
1133	1	902
902	0	1063
1063	1	902
341	0	565
565	1	341
341	0	871
871	1	341
1142	0	1192
1192	1	1142
1142	0	1165
1165	1	1142
702	0	1006
1006	1	702
759	0	1006
1006	1	759
268	0	565
565	1	268
268	0	872
872	1	268
765	0	1187
1187	1	765
766	0	1187
1187	1	766
1043	0	1133
1133	1	1043
1043	0	1171
1171	1	1043
1043	0	1102
1102	1	1043
114	0	565
565	1	114
114	0	443
443	1	114
320	0	962
962	1	320
320	0	434
434	1	320
340	0	971
971	1	340
340	0	438
438	1	340
200	0	1156
1156	1	200
200	0	1043
1043	1	200
200	0	565
565	1	200
200	0	879
879	1	200
630	0	1079
1079	1	630
630	0	961
961	1	630
630	0	962
962	1	630
674	0	1079
1079	1	674
674	0	970
970	1	674
674	0	971
971	1	674
1146	0	1192
1192	1	1146
1146	0	1179
1179	1	1146
1146	0	1177
1177	1	1146
1146	0	1168
1168	1	1146
242	0	565
565	1	242
323	0	857
857	1	323
323	0	439
439	1	323
336	0	565
565	1	336
385	0	456
456	1	385
385	0	501
501	1	385
342	0	863
863	1	342
342	0	439
439	1	342
419	0	470
470	1	419
419	0	508
508	1	419
195	0	565
565	1	195
246	0	565
565	1	246
983	0	1085
1085	1	983
983	0	1082
1082	1	983
987	0	1085
1085	1	987
987	0	1086
1086	1	987
710	0	986
986	1	710
736	0	995
995	1	736
955	0	1075
1075	1	955
994	0	1090
1090	1	994
1126	0	1135
1135	1	1126
1127	0	1136
1136	1	1127
1175	0	1178
1178	1	1175
24	0	565
565	1	24
24	0	1189
1189	1	24
24	0	1190
1190	1	24
1176	0	1178
1178	1	1176
199	0	565
565	1	199
834	0	1033
1033	1	834
67	0	565
565	1	67
569	0	938
938	1	569
569	0	939
939	1	569
421	0	565
565	1	421
1025	0	1095
1095	1	1025
453	0	819
819	1	453
453	0	565
565	1	453
1183	0	1201
1201	1	1183
1184	0	1201
1201	1	1184
1185	0	1201
1201	1	1185
1186	0	1201
1201	1	1186
915	0	1070
1070	1	915
915	0	1071
1071	1	915
149	0	517
517	1	149
149	0	481
481	1	149
149	0	1101
1101	1	149
149	0	433
433	1	149
319	0	517
517	1	319
319	0	481
481	1	319
319	0	1101
1101	1	319
319	0	433
433	1	319
1161	0	1178
1178	1	1161
1161	0	1175
1175	1	1161
1161	0	1176
1176	1	1161
448	0	1050
1050	1	448
448	0	848
848	1	448
448	0	873
873	1	448
448	0	565
565	1	448
281	0	1051
1051	1	281
281	0	874
874	1	281
281	0	565
565	1	281
683	0	1080
1080	1	683
993	0	1088
1088	1	993
993	0	1089
1089	1	993
752	0	1081
1081	1	752
344	0	441
441	1	344
345	0	441
441	1	345
442	0	565
565	1	442
347	0	565
565	1	347
754	0	1001
1001	1	754
754	0	1002
1002	1	754
1130	0	1138
1138	1	1130
1131	0	1139
1139	1	1131
1179	0	1192
1192	1	1179
119	0	565
565	1	119
225	0	565
565	1	225
45	0	565
565	1	45
88	0	565
565	1	88
71	0	565
565	1	71
112	0	565
565	1	112
639	0	963
963	1	639
659	0	969
969	1	659
123	0	565
565	1	123
286	0	565
565	1	286
286	0	423
423	1	286
899	0	1059
1059	1	899
899	0	1060
1060	1	899
899	0	1061
1061	1	899
899	0	1062
1062	1	899
1177	0	1192
1192	1	1177
1177	0	1179
1179	1	1177
1165	0	1192
1192	1	1165
41	0	368
368	1	41
1168	0	1177
1177	1	1168
145	0	531
531	1	145
145	0	565
565	1	145
726	0	993
993	1	726
650	0	1187
1187	1	650
651	0	1187
1187	1	651
890	0	1133
1133	1	890
490	0	519
519	1	490
1112	0	1130
1130	1	1112
1113	0	1131
1131	1	1113
798	0	1023
1023	1	798
835	0	1034
1034	1	835
19	0	565
565	1	19
19	0	447
447	1	19
19	0	360
360	1	19
19	0	361
361	1	19
1057	0	1187
1187	1	1057
895	0	1133
1133	1	895
666	0	1128
1128	1	666
666	0	1133
1133	1	666
667	0	1128
1128	1	667
667	0	1133
1133	1	667
698	0	1180
1180	1	698
724	0	992
992	1	724
776	0	1014
1014	1	776
792	0	1066
1066	1	792
327	0	565
565	1	327
161	0	565
565	1	161
396	0	565
565	1	396
399	0	565
565	1	399
1058	0	1106
1106	1	1058
1058	0	1107
1107	1	1058
853	0	1055
1055	1	853
447	0	565
565	1	447
910	0	1067
1067	1	910
910	0	1068
1068	1	910
486	0	565
565	1	486
486	0	928
928	1	486
90	0	565
565	1	90
126	0	565
565	1	126
807	0	1129
1129	1	807
266	0	565
565	1	266
244	0	565
565	1	244
730	0	1090
1090	1	730
730	0	994
994	1	730
304	0	565
565	1	304
338	0	565
565	1	338
269	0	565
565	1	269
1087	0	1117
1117	1	1087
1087	0	1132
1132	1	1087
1087	0	1116
1116	1	1087
1091	0	1117
1117	1	1091
1091	0	1132
1132	1	1091
1091	0	1118
1118	1	1091
277	0	420
420	1	277
237	0	409
409	1	237
714	0	988
988	1	714
756	0	1003
1003	1	756
473	0	509
509	1	473
118	0	386
386	1	118
1074	0	1114
1114	1	1074
1156	0	1171
1171	1	1156
1156	0	1172
1172	1	1156
677	0	972
972	1	677
311	0	430
430	1	311
591	0	958
958	1	591
592	0	1076
1076	1	592
592	0	958
958	1	592
616	0	1077
1077	1	616
616	0	958
958	1	616
707	0	1083
1083	1	707
707	0	1084
1084	1	707
707	0	984
984	1	707
707	0	985
985	1	707
96	0	380
380	1	96
739	0	996
996	1	739
742	0	997
997	1	742
481	0	1101
1101	1	481
481	0	517
517	1	481
20	0	565
565	1	20
1159	0	1174
1174	1	1159
1160	0	1174
1174	1	1160
1196	0	1212
1212	1	1196
356	0	531
531	1	356
1137	0	1164
1164	1	1137
729	0	1073
1073	1	729
745	0	1073
1073	1	745
135	0	565
565	1	135
135	0	796
796	1	135
85	0	565
565	1	85
85	0	830
830	1	85
1202	0	1217
1217	1	1202
458	0	565
565	1	458
516	0	565
565	1	516
525	0	543
543	1	525
525	0	565
565	1	525
526	0	544
544	1	526
526	0	565
565	1	526
862	0	1135
1135	1	862
862	0	1046
1046	1	862
865	0	1136
1136	1	865
865	0	1047
1047	1	865
1189	0	1208
1208	1	1189
1190	0	1209
1209	1	1190
817	0	1038
1038	1	817
815	0	1032
1032	1	815
543	0	614
614	1	543
543	0	551
551	1	543
544	0	617
617	1	544
544	0	551
551	1	544
839	0	1038
1038	1	839
1073	0	1130
1130	1	1073
1073	0	1131
1131	1	1073
1073	0	1112
1112	1	1073
1073	0	1113
1113	1	1073
1144	0	1166
1166	1	1144
1145	0	1167
1167	1	1145
922	0	1073
1073	1	922
923	0	1073
1073	1	923
1006	0	1207
1207	1	1006
961	0	1079
1079	1	961
970	0	1079
1079	1	970
731	0	999
999	1	731
746	0	999
999	1	746
883	0	1056
1056	1	883
808	0	1165
1165	1	808
1015	0	1133
1133	1	1015
1016	0	1133
1133	1	1016
1026	0	1172
1172	1	1026
1026	0	1156
1156	1	1026
917	0	1072
1072	1	917
360	0	565
565	1	360
360	0	447
447	1	360
361	0	565
565	1	361
361	0	447
447	1	361
720	0	991
991	1	720
775	0	1013
1013	1	775
1197	0	1213
1213	1	1197
1198	0	1214
1214	1	1198
1199	0	1215
1215	1	1199
1200	0	1216
1216	1	1200
343	0	440
440	1	343
172	0	394
394	1	172
1078	0	1115
1115	1	1078
423	0	565
565	1	423
63	0	565
565	1	63
694	0	982
982	1	694
763	0	1007
1007	1	763
687	0	1023
1023	1	687
755	0	1034
1034	1	755
873	0	1050
1050	1	873
874	0	1051
1051	1	874
231	0	565
565	1	231
233	0	565
565	1	233
141	0	565
565	1	141
183	0	397
397	1	183
133	0	397
397	1	133
391	0	565
565	1	391
534	0	565
565	1	534
106	0	1028
1028	1	106
988	0	1087
1087	1	988
1003	0	1091
1091	1	1003
1054	0	1134
1134	1	1054
984	0	1083
1083	1	984
985	0	1084
1084	1	985
749	0	1000
1000	1	749
700	0	1129
1129	1	700
256	0	565
565	1	256
234	0	565
565	1	234
105	0	1033
1033	1	105
279	0	421
421	1	279
97	0	421
421	1	97
904	0	1066
1066	1	904
107	0	565
565	1	107
300	0	565
565	1	300
684	0	980
980	1	684
1195	0	1211
1211	1	1195
1207	0	1218
1218	1	1207
249	0	565
565	1	249
287	0	565
565	1	287
747	0	1187
1187	1	747
38	0	565
565	1	38
903	0	1064
1064	1	903
903	0	1065
1065	1	903
68	0	1166
1166	1	68
205	0	1167
1167	1	205
680	0	1037
1037	1	680
764	0	1037
1037	1	764
1135	0	1162
1162	1	1135
1136	0	1163
1163	1	1136
794	0	1020
1020	1	794
836	0	1035
1035	1	836
980	0	1080
1080	1	980
980	0	1081
1081	1	980
842	0	1098
1098	1	842
1036	0	1097
1097	1	1036
617	0	959
959	1	617
1072	0	1110
1110	1	1072
1072	0	1111
1111	1	1072
805	0	1031
1031	1	805
814	0	1031
1031	1	814
566	0	1066
1066	1	566
691	0	981
981	1	691
1128	0	1137
1137	1	1128
