155	147	58
155	148	27
155	151	858
155	151	860
155	151	859
155	149	79
155	149	49
155	149	140
824	145	1105
824	145	60
824	147	48
651	145	1277
651	150	1277
651	149	205
651	147	58
651	148	1277
104	151	60
104	151	1212
104	151	58
104	151	1087
104	147	60
104	147	41
104	147	58
104	147	244
104	147	1203
104	147	664
104	147	45
104	147	1228
104	147	1111
104	147	221
104	147	1076
104	147	665
104	147	1174
104	147	1368
104	147	249
104	147	186
104	147	366
104	147	1162
104	147	891
104	150	60
104	150	1212
104	150	1173
104	150	219
104	150	1087
104	150	1061
104	150	247
104	150	1191
104	150	1130
104	150	265
104	150	264
58	146	60
58	146	147
58	146	76
58	147	60
58	147	120
58	147	147
58	147	277
58	147	1095
58	147	228
58	147	76
58	147	1203
58	147	1228
58	147	1111
58	147	1296
58	147	1076
58	147	1174
58	147	1368
58	147	1071
58	147	284
58	147	100
60	147	58
60	147	22
60	146	1028
60	146	244
60	146	1464
60	146	27
229	147	60
229	147	58
229	147	413
229	147	306
229	147	244
229	147	41
229	147	324
229	150	60
229	150	58
229	150	1077
229	150	1274
229	150	320
229	150	390
229	150	1056
229	150	1449
229	151	60
229	151	1077
229	151	1056
390	150	60
390	150	206
390	150	252
390	151	754
205	147	211
205	147	981
205	147	58
205	147	982
205	147	1398
205	147	857
205	147	48
205	147	244
205	147	1345
205	147	1220
205	147	831
205	147	155
205	147	843
205	150	60
205	150	1196
205	150	831
205	149	1383
205	149	1294
205	149	484
205	149	542
205	149	342
205	149	162
205	149	477
205	145	147
205	145	60
205	145	58
205	148	1477
205	148	60
205	148	224
205	148	1370
205	148	147
205	148	1433
205	148	1168
683	146	60
143	148	147
143	148	60
143	145	147
143	147	48
27	146	60
22	146	60
22	147	60
22	147	1445
22	147	1296
22	147	1071
244	147	60
712	148	1348
1035	148	64
511	150	229
511	147	41
440	147	58
440	147	41
41	147	60
41	147	58
41	147	1207
41	147	1359
41	147	1054
41	147	1268
41	147	48
41	147	390
41	147	1420
41	147	1387
41	147	1378
41	147	1256
41	147	104
41	147	661
41	147	1248
222	147	41
222	147	58
222	150	229
222	150	511
42	146	27
42	146	60
42	146	1201
42	146	1084
994	148	1226
994	148	1417
994	148	1473
994	148	1066
994	148	1215
994	148	1278
147	146	60
147	147	60
43	147	45
43	147	58
44	147	45
44	147	58
45	147	58
45	147	1247
45	147	1137
45	147	147
45	147	1228
45	147	1174
806	147	45
806	147	58
496	147	41
357	150	60
357	147	58
327	149	1164
12	147	23
12	147	22
173	146	22
173	146	60
23	147	22
237	148	1400
237	151	174
237	151	1356
174	147	175
1004	148	42
534	150	229
413	147	58
701	147	302
701	147	41
704	147	302
598	148	173
598	148	1041
598	148	1023
598	148	1116
598	148	1392
598	148	60
598	148	1146
598	148	1386
598	148	179
869	147	41
752	147	41
868	147	41
753	147	41
97	147	41
848	146	147
713	148	1348
711	148	831
363	147	41
934	146	147
46	147	48
47	147	48
572	147	41
309	147	1448
102	145	735
329	147	293
354	151	288
354	151	722
354	147	58
354	147	280
354	147	304
354	147	41
354	147	661
354	147	1113
354	149	1324
354	149	1457
354	148	27
354	150	104
771	149	354
771	147	1283
772	148	288
772	147	1283
775	147	41
430	147	58
430	147	1478
430	147	120
120	147	58
497	147	430
944	147	41
944	147	949
954	149	1323
954	147	41
954	147	949
864	147	862
864	147	1092
864	147	1413
866	147	862
866	147	1092
866	147	1413
880	149	484
880	149	1408
880	147	1243
484	147	41
978	148	1471
978	148	1305
978	148	1402
974	148	1305
410	147	58
650	147	980
650	147	742
650	145	58
650	145	1347
650	145	60
650	148	1257
650	151	58
25	150	1292
25	147	552
310	147	22
310	146	1445
967	147	48
604	148	1201
604	148	42
604	153	582
1015	148	1201
1015	145	1201
1015	147	61
1015	147	1409
1015	149	931
349	147	58
349	147	41
760	147	58
368	147	58
368	147	41
368	147	1452
536	147	58
536	147	41
514	147	58
514	147	41
688	147	281
688	147	41
689	147	281
788	150	787
881	147	41
883	147	41
882	147	41
884	147	41
928	147	244
217	147	1311
40	147	41
289	147	1406
165	147	166
233	148	1424
233	147	234
690	147	234
386	147	555
386	147	310
555	147	310
555	147	1445
555	147	22
455	147	41
291	147	147
291	147	1228
291	147	1111
291	147	1174
291	147	1368
291	147	58
291	147	284
90	147	215
90	146	215
459	147	58
459	147	919
459	147	41
459	147	920
206	147	919
206	147	920
206	147	734
207	147	919
207	147	920
919	147	1431
919	147	41
919	147	1268
78	147	919
78	147	41
78	147	920
920	147	919
920	147	41
920	147	1268
965	147	41
965	149	1221
853	147	1479
270	149	1144
270	147	41
270	147	404
573	147	41
573	147	404
573	148	1051
411	150	1292
411	147	147
356	147	147
356	147	58
356	147	295
268	147	295
268	147	58
268	148	27
268	148	42
450	147	295
295	147	58
14	147	20
1023	146	22
20	147	1048
20	147	22
135	147	45
135	147	980
135	147	58
135	148	1463
1007	147	45
1024	150	1292
976	148	809
976	148	147
976	147	980
980	147	147
365	147	147
567	148	42
567	148	1110
567	149	1015
567	150	229
276	147	1131
276	147	277
277	147	1131
227	147	58
227	147	228
228	147	1095
590	146	60
21	147	22
969	148	1477
969	148	60
969	146	1477
1037	148	584
1012	147	147
1001	148	1316
136	147	45
136	147	58
1006	147	45
1006	150	58
345	147	58
345	147	291
345	147	284
724	147	722
724	149	1457
475	147	58
725	146	147
982	147	969
378	147	58
392	147	58
392	147	41
392	147	556
451	147	58
457	147	60
457	147	41
267	150	390
83	147	60
83	147	84
83	147	22
84	147	60
84	147	22
675	150	213
675	147	303
618	147	303
303	147	76
303	147	58
303	147	1059
694	147	58
103	147	41
854	150	60
566	147	58
535	150	60
28	147	1102
921	149	486
48	147	58
800	147	48
768	147	41
80	149	79
80	149	1287
80	147	41
79	149	81
79	147	41
81	147	41
740	147	858
740	149	155
895	147	244
895	147	935
895	150	390
895	150	1292
935	147	244
119	145	76
346	147	60
372	147	58
372	147	917
372	147	41
372	147	918
252	147	917
252	147	918
252	147	731
253	147	917
253	147	918
917	147	1239
917	147	41
917	147	1268
197	147	917
197	147	41
197	147	918
918	147	917
918	147	41
918	147	1268
964	147	41
964	149	1099
852	147	1363
271	149	1362
271	147	41
271	147	423
587	147	41
587	147	423
587	148	1051
137	147	138
453	147	60
167	147	315
167	147	58
167	147	64
167	147	63
391	147	41
334	147	41
334	147	48
796	147	48
796	147	1421
796	147	1114
797	147	48
797	147	1421
797	147	1114
614	146	27
574	146	27
429	147	58
528	147	41
188	147	189
483	147	58
351	147	41
667	147	60
833	147	60
833	147	836
834	147	836
834	147	294
834	147	60
835	147	836
836	147	60
435	147	294
435	147	319
443	147	294
294	147	60
913	147	294
913	147	319
913	147	60
913	150	60
956	147	60
956	147	962
956	147	294
319	147	60
601	147	147
552	147	549
118	148	147
242	147	244
594	147	58
460	150	104
460	147	58
506	150	104
506	147	58
308	147	58
301	147	308
301	147	58
332	147	301
664	147	58
664	147	1203
687	147	60
515	147	58
743	148	147
743	147	58
663	147	1203
663	147	58
663	147	664
663	150	104
218	147	219
218	147	221
219	147	22
219	147	221
221	147	22
362	147	221
146	148	60
314	147	244
396	147	314
578	146	60
479	152	1201
479	147	299
299	147	1406
1027	146	154
280	147	304
280	147	1387
442	147	280
442	147	659
442	147	558
442	147	58
442	150	1132
485	147	280
658	147	304
112	147	659
112	147	823
112	147	906
112	147	822
819	148	224
819	147	280
821	147	280
820	147	280
288	147	1094
288	147	1324
288	147	1371
527	151	1132
526	147	306
526	147	560
526	149	1379
306	147	58
730	147	306
729	147	306
109	149	1432
109	150	390
929	147	311
765	147	311
606	146	60
1011	150	229
1011	150	61
1010	150	229
560	147	58
975	148	224
975	148	683
975	148	1281
975	148	889
975	148	1477
975	148	969
975	145	60
975	147	979
17	147	24
369	147	58
461	147	58
461	147	41
461	147	551
439	147	58
375	147	60
375	147	41
335	150	390
190	147	60
190	147	191
190	147	22
191	147	60
191	147	22
677	150	250
677	147	279
588	147	279
279	147	147
279	147	58
279	147	598
695	147	58
108	147	41
350	150	60
562	147	58
29	147	1192
700	149	385
798	147	48
766	147	41
50	149	49
50	149	1287
50	147	41
49	149	51
49	147	41
51	147	41
738	147	860
738	149	155
894	147	244
894	147	935
894	150	390
894	150	1292
148	145	147
533	147	60
561	146	27
370	147	58
545	147	41
93	147	94
343	147	58
466	147	41
696	147	60
845	147	60
845	147	847
844	147	847
844	147	300
844	147	60
846	147	847
847	147	60
336	147	300
336	147	290
482	147	300
300	147	60
916	147	300
916	147	290
916	147	60
916	150	60
959	147	60
959	147	961
959	147	300
290	147	60
619	147	147
26	147	554
26	147	559
26	147	550
554	147	549
187	148	147
240	147	244
563	147	58
371	150	104
371	147	58
419	150	104
419	147	58
307	147	58
287	147	307
287	147	58
547	147	287
472	147	298
472	150	60
298	147	58
608	148	1393
670	147	671
671	147	58
209	147	90
260	147	90
260	147	262
262	147	274
263	147	262
275	147	262
275	147	274
67	147	68
325	147	60
62	147	318
62	147	58
62	147	64
62	147	63
322	147	41
537	147	41
537	147	48
794	147	48
794	147	1202
794	147	1121
795	147	48
795	147	1202
795	147	1121
597	146	27
438	147	491
665	147	58
665	147	1076
686	147	60
493	147	58
728	148	147
728	147	58
662	147	1076
662	147	58
662	147	665
662	150	104
246	147	247
246	147	249
247	147	22
247	147	249
249	147	22
422	147	249
605	146	27
543	147	58
521	147	41
182	147	183
519	147	58
490	147	41
655	147	60
814	147	60
814	147	817
815	147	817
815	147	313
815	147	60
816	147	817
817	147	60
395	147	313
395	147	286
383	147	313
313	147	60
915	147	313
915	147	286
915	147	60
915	150	60
958	147	60
958	147	960
958	147	313
286	147	60
577	147	147
559	147	549
82	148	147
243	147	244
607	147	58
347	150	229
347	147	58
355	150	229
355	147	58
278	147	58
292	147	278
292	147	58
467	147	292
456	147	41
790	147	41
733	147	76
1017	147	48
348	147	58
194	147	195
691	147	692
983	147	48
1030	147	48
751	147	48
972	146	60
359	147	76
679	147	147
679	147	681
679	147	58
679	147	291
679	147	284
681	147	58
681	147	291
681	147	284
216	148	1273
216	147	106
216	147	105
106	147	105
106	147	107
105	147	107
509	150	1292
509	147	147
509	147	45
476	147	22
476	147	58
401	147	41
401	147	58
706	147	41
489	147	186
489	147	41
186	147	41
186	147	1175
773	147	774
773	147	1166
774	147	58
904	147	1166
905	147	1166
938	147	939
850	147	41
851	147	41
851	148	1467
750	145	147
508	150	1355
447	150	1355
16	147	60
387	147	60
387	147	16
737	150	60
856	146	27
201	147	202
202	147	60
101	147	58
101	147	100
100	147	60
100	147	1277
565	148	27
565	147	444
444	147	212
498	147	444
264	147	60
462	147	1227
88	150	60
501	148	1332
503	147	321
503	147	320
320	147	58
320	147	1478
421	147	321
321	147	1478
321	147	320
321	147	272
599	146	60
599	146	27
504	147	491
715	149	426
575	147	666
575	147	1128
936	147	272
936	147	666
269	147	272
115	146	60
116	147	117
116	147	61
117	147	61
507	147	557
507	147	22
510	147	41
672	147	41
838	147	41
74	150	73
912	148	224
912	147	41
832	147	288
832	149	1324
719	146	1040
942	148	147
942	148	1040
132	147	48
132	147	133
427	147	58
373	147	58
328	147	58
328	147	142
328	147	553
414	147	58
499	147	60
499	147	142
531	150	390
157	147	60
157	147	158
157	147	22
158	147	60
158	147	22
680	150	231
680	147	285
617	147	285
285	147	76
285	147	58
285	147	598
693	147	58
539	147	142
470	150	60
616	147	58
30	147	1317
699	149	546
142	147	58
799	147	48
767	147	142
139	149	140
139	149	1287
139	147	142
140	149	141
140	147	142
141	147	142
739	147	859
739	149	155
892	147	244
892	147	935
892	150	390
892	150	1292
77	145	76
502	147	60
1000	147	60
1000	148	977
407	147	41
417	147	41
523	147	41
973	146	147
727	147	58
273	147	41
792	147	898
897	147	898
613	147	58
465	147	41
465	148	27
465	150	104
660	147	41
660	147	661
660	147	58
661	147	60
661	147	58
584	146	27
121	147	60
452	147	1113
826	147	41
825	147	41
827	147	41
828	147	41
908	147	910
909	147	910
946	147	948
993	147	948
1034	145	1215
1034	148	1215
160	147	41
160	149	162
160	149	161
162	147	41
162	147	58
161	147	41
394	147	41
340	147	41
945	147	947
945	147	910
955	147	910
377	147	41
512	147	48
863	147	48
863	147	1142
863	147	1139
865	147	48
865	147	1139
924	146	60
579	147	58
431	147	58
477	147	58
979	147	549
970	147	979
970	148	1471
970	148	1305
984	147	988
984	147	58
988	147	58
418	147	41
473	147	1181
473	147	41
1020	147	58
736	147	60
985	150	58
985	147	988
923	147	58
808	149	1282
1021	150	60
986	151	58
653	148	42
932	147	244
933	152	932
893	147	244
196	148	147
1018	147	155
1018	150	155
1018	150	60
861	147	1427
609	146	27
393	147	58
458	147	41
150	147	151
517	147	58
492	147	41
648	147	60
810	147	60
810	147	813
811	147	813
811	147	297
811	147	60
812	147	813
813	147	60
449	147	297
449	147	316
513	147	297
297	147	60
914	147	297
914	147	316
914	147	60
914	150	60
957	147	60
957	147	963
957	147	297
316	147	60
602	147	147
550	147	549
75	148	147
241	147	244
593	147	58
402	150	229
402	147	58
412	150	229
412	147	58
283	147	58
312	147	283
312	147	58
434	147	312
184	147	185
184	147	41
1013	147	58
1013	147	41
1013	147	1014
1014	147	58
1025	147	1026
1025	150	1149
1025	151	1026
360	147	48
360	150	1079
360	149	113
360	149	114
1038	147	48
437	147	41
15	147	18
18	147	1263
18	147	22
744	147	291
744	147	745
744	147	747
744	147	58
744	147	746
744	147	748
474	150	229
474	147	41
384	147	58
384	147	41
223	147	41
223	147	58
223	150	229
223	150	474
192	147	45
192	147	58
193	147	45
193	147	58
807	147	45
807	147	58
398	147	41
424	150	60
424	147	58
544	149	1073
13	147	19
13	147	22
179	146	22
179	146	60
19	147	22
238	148	1472
238	151	180
238	151	1242
180	147	181
353	150	229
324	147	58
702	147	317
702	147	41
703	147	317
875	147	41
755	147	41
876	147	41
756	147	41
134	147	41
849	146	147
