51	0	75
75	1	51
66	0	75
75	1	66
66	0	142
142	1	66
75	0	76
76	1	75
75	0	77
77	1	75
75	0	124
124	1	75
75	0	78
78	1	75
75	0	140
140	1	75
75	0	79
79	1	75
75	0	127
127	1	75
75	0	129
129	1	75
75	0	145
145	1	75
75	0	146
146	1	75
75	0	116
116	1	75
75	0	125
125	1	75
75	0	80
80	1	75
75	0	81
81	1	75
75	0	82
82	1	75
75	0	83
83	1	75
75	0	84
84	1	75
75	0	85
85	1	75
75	0	86
86	1	75
75	0	128
128	1	75
75	0	114
114	1	75
75	0	87
87	1	75
75	0	131
131	1	75
75	0	88
88	1	75
75	0	89
89	1	75
75	0	113
113	1	75
75	0	139
139	1	75
75	0	141
141	1	75
75	0	90
90	1	75
75	0	136
136	1	75
75	0	91
91	1	75
75	0	118
118	1	75
75	0	119
119	1	75
75	0	137
137	1	75
75	0	121
121	1	75
75	0	92
92	1	75
75	0	112
112	1	75
75	0	93
93	1	75
75	0	94
94	1	75
75	0	95
95	1	75
75	0	117
117	1	75
75	0	132
132	1	75
75	0	126
126	1	75
75	0	96
96	1	75
75	0	133
133	1	75
75	0	97
97	1	75
75	0	143
143	1	75
75	0	98
98	1	75
75	0	99
99	1	75
75	0	100
100	1	75
75	0	101
101	1	75
75	0	102
102	1	75
75	0	103
103	1	75
75	0	104
104	1	75
75	0	105
105	1	75
75	0	106
106	1	75
75	0	107
107	1	75
75	0	108
108	1	75
75	0	109
109	1	75
75	0	110
110	1	75
75	0	111
111	1	75
54	0	75
75	1	54
54	0	112
112	1	54
54	0	135
135	1	54
54	0	123
123	1	54
54	0	64
64	1	54
54	0	76
76	1	54
54	0	100
100	1	54
64	0	75
75	1	64
64	0	112
112	1	64
57	0	75
75	1	57
57	0	119
119	1	57
57	0	90
90	1	57
57	0	91
91	1	57
57	0	133
133	1	57
57	0	66
66	1	57
57	0	74
74	1	57
57	0	67
67	1	57
57	0	68
68	1	57
57	0	97
97	1	57
114	0	140
140	1	114
114	0	131
131	1	114
87	0	140
140	1	87
87	0	131
131	1	87
87	0	114
114	1	87
12	0	75
75	1	12
12	0	131
131	1	12
12	0	48
48	1	12
48	0	75
75	1	48
48	0	131
131	1	48
103	0	140
140	1	103
6	0	71
71	1	6
40	0	70
70	1	40
40	0	61
61	1	40
99	0	145
145	1	99
99	0	120
120	1	99
99	0	134
134	1	99
99	0	121
121	1	99
99	0	143
143	1	99
99	0	122
122	1	99
120	0	145
145	1	120
22	0	145
145	1	22
22	0	120
120	1	22
22	0	75
75	1	22
22	0	93
93	1	22
22	0	99
99	1	22
26	0	145
145	1	26
26	0	99
99	1	26
23	0	113
113	1	23
23	0	51
51	1	23
23	0	75
75	1	23
23	0	78
78	1	23
15	0	75
75	1	15
2	0	75
75	1	2
2	0	146
146	1	2
95	0	146
146	1	95
95	0	116
116	1	95
95	0	145
145	1	95
95	0	141
141	1	95
95	0	117
117	1	95
95	0	132
132	1	95
58	0	69
69	1	58
29	0	55
55	1	29
29	0	75
75	1	29
29	0	126
126	1	29
29	0	65
65	1	29
29	0	72
72	1	29
65	0	82
82	1	65
65	0	140
140	1	65
65	0	80
80	1	65
65	0	75
75	1	65
65	0	72
72	1	65
65	0	103
103	1	65
65	0	126
126	1	65
65	0	73
73	1	65
65	0	125
125	1	65
24	0	75
75	1	24
24	0	119
119	1	24
24	0	52
52	1	24
24	0	53
53	1	24
52	0	75
75	1	52
52	0	119
119	1	52
11	0	133
133	1	11
11	0	142
142	1	11
17	0	83
83	1	17
17	0	145
145	1	17
17	0	75
75	1	17
35	0	59
59	1	35
98	0	140
140	1	98
123	0	135
135	1	123
20	0	49
49	1	20
104	0	124
124	1	104
4	0	75
75	1	4
4	0	43
43	1	4
5	0	43
43	1	5
5	0	75
75	1	5
5	0	94
94	1	5
56	0	75
75	1	56
32	0	75
75	1	32
32	0	87
87	1	32
32	0	114
114	1	32
32	0	57
57	1	32
67	0	140
140	1	67
67	0	75
75	1	67
67	0	114
114	1	67
67	0	87
87	1	67
41	0	88
88	1	41
41	0	73
73	1	41
41	0	75
75	1	41
41	0	65
65	1	41
93	0	115
115	1	93
18	0	115
115	1	18
50	0	75
75	1	50
107	0	126
126	1	107
107	0	127
127	1	107
74	0	75
75	1	74
74	0	90
90	1	74
10	0	75
75	1	10
105	0	136
136	1	105
105	0	125
125	1	105
28	0	126
126	1	28
28	0	96
96	1	28
72	0	80
80	1	72
72	0	75
75	1	72
68	0	75
75	1	68
68	0	91
91	1	68
68	0	74
74	1	68
19	0	145
145	1	19
19	0	130
130	1	19
19	0	75
75	1	19
7	0	62
62	1	7
7	0	44
44	1	7
7	0	45
45	1	7
53	0	118
118	1	53
53	0	119
119	1	53
53	0	75
75	1	53
53	0	97
97	1	53
97	0	118
118	1	97
97	0	119
119	1	97
83	0	145
145	1	83
84	0	145
145	1	84
85	0	137
137	1	85
38	0	126
126	1	38
38	0	122
122	1	38
37	0	75
75	1	37
37	0	140
140	1	37
37	0	98
98	1	37
100	0	135
135	1	100
100	0	123
123	1	100
76	0	112
112	1	76
25	0	123
123	1	25
25	0	135
135	1	25
25	0	54
54	1	25
25	0	100
100	1	25
3	0	124
124	1	3
3	0	75
75	1	3
3	0	104
104	1	3
73	0	75
75	1	73
73	0	88
88	1	73
102	0	139
139	1	102
55	0	75
75	1	55
55	0	126
126	1	55
55	0	65
65	1	55
55	0	72
72	1	55
111	0	130
130	1	111
108	0	128
128	1	108
42	0	75
75	1	42
61	0	70
70	1	61
61	0	71
71	1	61
78	0	113
113	1	78
34	0	69
69	1	34
34	0	58
58	1	34
121	0	134
134	1	121
121	0	143
143	1	121
126	0	143
143	1	126
126	0	137
137	1	126
126	0	138
138	1	126
126	0	144
144	1	126
21	0	75
75	1	21
21	0	50
50	1	21
30	0	101
101	1	30
30	0	75
75	1	30
44	0	62
62	1	44
36	0	75
75	1	36
36	0	111
111	1	36
36	0	60
60	1	36
117	0	141
141	1	117
117	0	132
132	1	117
14	0	54
54	1	14
14	0	100
100	1	14
9	0	145
145	1	9
33	0	75
75	1	33
13	0	75
75	1	13
119	0	133
133	1	119
125	0	136
136	1	125
122	0	143
143	1	122
96	0	126
126	1	96
134	0	143
143	1	134
137	0	143
143	1	137
60	0	111
111	1	60
60	0	75
75	1	60
141	0	145
145	1	141
141	0	146
146	1	141
31	0	56
56	1	31
132	0	141
141	1	132
45	0	62
62	1	45
133	0	142
142	1	133
92	0	140
140	1	92
8	0	46
46	1	8
8	0	47
47	1	8
109	0	129
129	1	109
46	0	63
63	1	46
16	0	111
111	1	16
138	0	144
144	1	138
131	0	140
140	1	131
127	0	139
139	1	127
145	0	146
146	1	145
