7	0	14
14	1	7
7	0	9
9	1	7
7	0	11
11	1	7
7	0	13
13	1	7
7	0	10
10	1	7
7	0	8
8	1	7
8	0	14
14	1	8
8	0	9
9	1	8
8	0	11
11	1	8
8	0	13
13	1	8
8	0	10
10	1	8
2	0	6
6	1	2
11	0	12
12	1	11
11	0	14
14	1	11
11	0	13
13	1	11
4	0	14
14	1	4
4	0	15
15	1	4
4	0	9
9	1	4
4	0	10
10	1	4
4	0	11
11	1	4
4	0	13
13	1	4
4	0	8
8	1	4
4	0	7
7	1	4
9	0	11
11	1	9
9	0	14
14	1	9
9	0	13
13	1	9
9	0	10
10	1	9
10	0	14
14	1	10
10	0	11
11	1	10
10	0	13
13	1	10
13	0	14
14	1	13
5	0	11
11	1	5
14	0	15
15	1	14
