2	13	0
2	13	1
2	13	2
3	42	3
3	46	4
3	41	5
4	13	6
4	13	7
5	42	3
5	46	8
5	46	9
5	48	10
6	10	11
6	4	12
7	13	13
7	13	14
9	13	17
9	13	18
10	11	3
10	12	19
10	13	20
11	13	21
11	13	22
12	49	23
12	49	24
13	13	25
14	13	26
15	13	27
16	6	28
16	14	29
17	42	30
17	48	31
17	48	32
17	46	33
18	13	34
19	42	30
19	48	32
19	48	35
19	46	36
20	13	37
21	49	38
21	49	39
22	49	40
22	49	41
22	59	42
23	28	3
23	28	32
24	13	43
25	13	44
25	13	45
26	6	3
27	6	46
27	14	8
28	42	3
28	48	47
28	48	32
28	46	48
29	49	49
29	59	50
31	20	51
32	19	52
32	19	30
32	20	53
34	6	3
34	5	5
35	13	54
35	13	55
35	13	56
35	13	57
35	13	58
35	12	59
35	12	60
35	12	61
36	11	3
36	13	62
36	12	63
37	6	3
37	14	64
37	14	65
38	10	57
38	10	56
38	9	60
38	9	66
38	4	8
40	14	67
41	10	68
41	10	69
41	4	70
42	14	67
43	24	71
43	24	72
43	24	73
43	24	74
43	24	75
43	24	76
43	24	77
43	24	78
43	24	79
43	24	80
43	24	81
43	24	82
43	24	83
43	24	52
43	24	84
43	24	85
43	24	30
43	24	55
43	24	86
43	24	87
43	24	88
43	24	89
43	24	90
43	24	91
43	24	92
43	24	93
43	24	3
43	24	94
43	24	95
43	24	96
43	24	97
43	24	58
43	24	98
43	24	99
43	24	100
43	24	101
43	24	102
43	24	57
43	24	103
43	24	5
43	24	11
43	15	104
43	15	105
43	15	106
43	15	107
43	15	108
43	15	109
43	15	110
43	15	111
43	15	112
43	15	113
43	15	114
43	15	20
43	15	115
43	15	116
43	15	70
43	15	66
43	15	33
43	15	48
43	15	117
43	15	118
43	15	119
43	15	120
43	15	121
43	15	61
43	15	122
43	15	123
43	15	82
43	15	124
43	15	125
43	15	126
43	15	63
43	15	127
43	15	128
43	15	129
43	15	88
43	15	130
43	15	131
43	15	132
43	15	133
43	15	134
43	15	135
43	15	136
43	15	36
43	15	137
43	15	138
43	15	139
43	15	140
43	15	8
43	15	141
43	15	142
43	15	143
43	15	144
43	15	145
43	15	62
43	15	146
43	15	147
43	15	148
43	15	149
43	15	150
43	15	151
43	15	152
43	15	153
43	15	154
43	15	155
43	15	156
43	15	157
43	15	158
43	15	159
43	15	160
43	15	161
43	15	162
43	15	163
43	15	164
43	15	165
43	15	166
43	15	167
43	15	168
43	15	169
43	15	170
43	15	171
43	15	172
43	15	173
43	15	174
43	15	175
43	15	176
43	15	177
43	15	178
43	15	60
43	15	179
43	15	180
43	15	181
43	15	182
43	15	183
43	15	28
43	15	184
43	15	185
43	15	186
43	15	5
43	26	187
43	26	188
43	26	189
43	26	190
43	26	191
43	26	192
43	26	193
43	26	194
43	26	195
43	26	196
43	26	8
43	26	197
43	26	9
43	26	198
43	26	199
43	26	200
43	26	201
43	16	202
43	16	203
43	16	19
43	16	204
43	16	142
43	16	205
43	16	152
43	16	206
43	16	207
43	16	63
43	16	208
43	16	209
43	16	210
43	16	211
43	16	212
43	16	213
43	16	214
43	16	215
43	16	216
43	16	166
43	16	217
43	16	169
43	16	218
43	16	186
43	16	5
43	25	219
43	25	193
43	25	190
43	25	220
43	25	191
43	25	221
43	25	222
43	25	194
43	25	223
43	25	188
43	25	196
43	25	224
43	25	9
43	25	198
43	16	225
43	16	226
44	13	67
45	19	227
45	31	228
45	23	229
45	23	230
45	20	231
45	20	232
46	19	30
46	23	233
46	20	234
47	10	235
47	9	236
48	11	99
48	12	237
48	13	160
49	19	85
49	31	224
49	23	238
49	23	239
49	20	149
50	28	240
51	24	241
51	16	146
51	15	242
52	13	243
53	2	66
53	2	244
54	13	245
55	6	73
55	14	246
56	10	247
56	9	132
57	13	248
58	24	249
58	16	165
58	16	186
58	15	250
59	13	251
60	6	252
60	14	150
61	49	253
61	49	87
62	49	254
62	49	3
63	19	95
63	20	255
64	11	95
64	13	255
65	11	100
65	13	256
66	13	123
66	12	142
67	13	147
68	13	257
68	13	258
68	13	102
68	11	102
69	6	75
69	14	109
70	28	3
70	28	32
71	11	54
71	13	259
71	13	260
72	6	11
72	43	12
72	14	110
74	11	3
74	13	168
74	12	142
75	13	137
76	11	3
76	13	114
76	12	166
77	6	261
77	14	262
78	13	263
80	4	264
80	10	265
80	9	266
80	9	230
81	13	267
82	6	268
83	10	269
83	9	230
84	19	99
84	31	221
84	23	237
84	23	270
84	20	161
85	20	271
86	24	247
86	16	132
86	15	272
87	59	101
87	49	273
87	49	38
88	13	274
89	19	102
89	20	257
89	20	258
90	6	241
90	6	109
90	6	275
90	5	150
91	18	39
91	9	101
92	6	276
92	14	277
92	5	5
93	28	278
94	11	261
94	13	262
95	20	111
96	6	247
97	28	279
98	10	39
99	3	225
99	3	5
99	10	280
100	20	281
100	20	282
100	23	283
100	23	230
101	13	284
101	13	285
101	13	172
101	13	286
101	13	287
101	13	288
101	13	122
101	13	289
101	13	290
101	13	291
101	13	292
101	13	293
101	13	80
101	13	294
101	13	151
101	13	175
101	13	176
101	13	53
101	13	295
101	13	30
101	13	252
101	13	296
101	13	155
101	13	86
101	13	297
101	13	156
101	13	128
101	13	179
101	13	298
101	13	88
101	13	299
101	13	300
101	13	301
101	13	302
101	13	303
101	13	133
101	13	115
101	13	158
101	13	159
101	13	134
101	13	304
101	13	305
101	13	306
101	13	116
101	13	307
101	13	136
101	13	144
101	13	308
101	13	309
101	13	163
101	13	310
101	13	311
101	13	312
101	13	313
101	13	164
101	13	314
101	13	315
101	13	316
101	13	117
101	13	317
101	13	318
101	13	319
101	13	320
101	13	321
101	13	322
101	13	119
101	13	323
101	13	324
101	13	325
101	13	326
101	13	327
101	13	328
101	13	329
101	13	330
101	13	121
101	13	143
101	11	85
101	11	71
101	11	30
101	11	75
101	11	91
101	11	86
101	11	3
101	11	93
101	11	79
101	11	57
101	11	227
101	11	81
101	11	82
101	11	52
101	11	103
101	12	171
101	12	61
101	12	238
101	12	204
101	12	150
101	12	229
101	12	142
101	12	124
101	12	152
101	12	178
101	12	207
101	12	331
101	12	63
101	12	60
101	12	208
101	12	110
101	12	211
101	12	270
101	12	131
101	12	214
101	12	215
101	12	66
101	12	332
101	12	166
101	12	120
101	12	333
101	12	334
101	12	217
101	12	141
101	12	335
101	12	5
102	14	247
103	40	230
104	38	336
104	38	337
105	18	32
105	10	338
105	10	339
106	28	340
106	28	341
107	38	38
108	18	32
108	10	342
108	10	343
109	38	344
109	38	345
110	18	32
110	10	346
110	10	347
111	38	348
111	38	349
112	10	350
112	9	185
113	13	351
114	10	241
114	10	275
114	10	249
114	9	165
114	9	63
114	9	146
114	9	186
115	23	207
115	20	352
116	6	353
116	14	120
117	18	354
117	18	355
117	10	356
117	10	163
118	20	156
118	23	166
119	19	71
119	31	196
119	23	357
119	23	331
119	20	358
119	20	231
120	20	359
121	19	79
121	20	312
122	19	30
122	31	190
122	23	332
122	23	360
122	20	231
122	20	361
123	20	123
123	23	142
124	15	143
125	19	86
125	23	61
126	75	362
127	19	93
127	20	327
128	19	103
128	20	323
129	20	363
129	19	57
129	31	364
129	23	60
131	20	139
131	23	365
131	23	217
132	10	366
132	9	367
133	10	368
133	9	369
133	3	230
134	20	104
135	14	370
136	19	100
136	20	371
136	20	256
137	91	278
137	75	372
138	91	278
138	75	373
139	91	278
139	75	374
140	10	375
140	9	376
142	13	170
143	13	118
143	11	3
143	12	217
143	12	186
145	14	241
146	24	275
146	16	63
146	15	377
147	6	353
147	6	73
147	5	120
147	5	246
147	14	353
147	14	73
148	20	378
148	31	196
149	10	379
149	9	357
150	10	380
150	9	360
151	20	381
151	31	190
152	20	111
152	20	382
153	6	383
153	14	61
154	27	384
154	27	3
154	27	385
155	10	386
155	9	387
155	3	230
157	10	388
157	9	389
157	3	230
158	14	249
159	27	3
160	13	390
160	12	186
162	13	106
162	12	63
163	14	275
164	10	391
164	9	392
164	3	230
165	10	393
165	9	394
165	3	230
166	28	395
166	28	396
167	32	82
168	20	397
169	20	106
169	23	63
170	20	398
170	31	188
