66	0	95
95	1	66
66	0	86
86	1	66
66	0	121
121	1	66
67	0	95
95	1	67
67	0	86
86	1	67
67	0	121
121	1	67
95	0	207
207	1	95
95	0	220
220	1	95
95	0	221
221	1	95
95	0	96
96	1	95
95	0	213
213	1	95
95	0	97
97	1	95
95	0	98
98	1	95
95	0	178
178	1	95
95	0	99
99	1	95
95	0	100
100	1	95
95	0	101
101	1	95
95	0	102
102	1	95
95	0	172
172	1	95
95	0	166
166	1	95
95	0	197
197	1	95
95	0	161
161	1	95
95	0	103
103	1	95
95	0	104
104	1	95
95	0	214
214	1	95
95	0	203
203	1	95
95	0	105
105	1	95
95	0	106
106	1	95
95	0	204
204	1	95
95	0	192
192	1	95
95	0	183
183	1	95
95	0	193
193	1	95
95	0	107
107	1	95
95	0	108
108	1	95
95	0	168
168	1	95
95	0	230
230	1	95
95	0	210
210	1	95
95	0	225
225	1	95
95	0	227
227	1	95
95	0	169
169	1	95
95	0	109
109	1	95
95	0	110
110	1	95
95	0	111
111	1	95
95	0	159
159	1	95
95	0	112
112	1	95
95	0	113
113	1	95
95	0	160
160	1	95
95	0	114
114	1	95
95	0	115
115	1	95
95	0	116
116	1	95
95	0	199
199	1	95
95	0	117
117	1	95
95	0	167
167	1	95
95	0	212
212	1	95
95	0	118
118	1	95
95	0	226
226	1	95
95	0	228
228	1	95
95	0	175
175	1	95
95	0	119
119	1	95
95	0	217
217	1	95
95	0	176
176	1	95
95	0	194
194	1	95
95	0	231
231	1	95
95	0	229
229	1	95
95	0	120
120	1	95
95	0	163
163	1	95
95	0	196
196	1	95
95	0	164
164	1	95
95	0	215
215	1	95
95	0	201
201	1	95
95	0	121
121	1	95
95	0	122
122	1	95
95	0	123
123	1	95
95	0	124
124	1	95
95	0	165
165	1	95
95	0	216
216	1	95
95	0	125
125	1	95
95	0	179
179	1	95
95	0	173
173	1	95
95	0	126
126	1	95
95	0	180
180	1	95
95	0	127
127	1	95
95	0	128
128	1	95
95	0	171
171	1	95
95	0	222
222	1	95
95	0	184
184	1	95
95	0	170
170	1	95
95	0	129
129	1	95
95	0	130
130	1	95
95	0	131
131	1	95
95	0	132
132	1	95
95	0	133
133	1	95
95	0	134
134	1	95
95	0	135
135	1	95
95	0	136
136	1	95
95	0	190
190	1	95
95	0	200
200	1	95
95	0	137
137	1	95
95	0	138
138	1	95
95	0	139
139	1	95
95	0	140
140	1	95
95	0	141
141	1	95
95	0	142
142	1	95
95	0	143
143	1	95
95	0	144
144	1	95
95	0	145
145	1	95
95	0	181
181	1	95
95	0	146
146	1	95
95	0	147
147	1	95
95	0	148
148	1	95
95	0	149
149	1	95
95	0	150
150	1	95
95	0	185
185	1	95
95	0	151
151	1	95
95	0	174
174	1	95
95	0	202
202	1	95
95	0	198
198	1	95
95	0	191
191	1	95
95	0	152
152	1	95
95	0	162
162	1	95
95	0	153
153	1	95
95	0	195
195	1	95
95	0	186
186	1	95
95	0	154
154	1	95
95	0	155
155	1	95
95	0	156
156	1	95
95	0	157
157	1	95
95	0	158
158	1	95
95	0	209
209	1	95
152	0	220
220	1	152
152	0	185
185	1	152
185	0	220
220	1	185
185	0	207
207	1	185
185	0	221
221	1	185
157	0	210
210	1	157
157	0	190
190	1	157
157	0	223
223	1	157
157	0	211
211	1	157
211	0	223
223	1	211
17	0	95
95	1	17
17	0	225
225	1	17
17	0	213
213	1	17
17	0	199
199	1	17
30	0	95
95	1	30
30	0	227
227	1	30
38	0	95
95	1	38
38	0	110
110	1	38
38	0	111
111	1	38
24	0	95
95	1	24
58	0	95
95	1	58
58	0	161
161	1	58
52	0	95
95	1	52
52	0	82
82	1	52
99	0	178
178	1	99
99	0	207
207	1	99
182	0	206
206	1	182
182	0	219
219	1	182
63	0	229
229	1	63
63	0	95
95	1	63
7	0	95
95	1	7
7	0	63
63	1	7
85	0	95
95	1	85
85	0	161
161	1	85
12	0	95
95	1	12
12	0	64
64	1	12
12	0	65
65	1	12
18	0	95
95	1	18
43	0	95
95	1	43
43	0	101
101	1	43
166	0	197
197	1	166
76	0	95
95	1	76
34	0	95
95	1	34
34	0	85
85	1	34
34	0	161
161	1	34
37	0	95
95	1	37
37	0	226
226	1	37
37	0	214
214	1	37
37	0	199
199	1	37
51	0	95
95	1	51
51	0	228
228	1	51
50	0	95
95	1	50
50	0	85
85	1	50
50	0	161
161	1	50
31	0	173
173	1	31
31	0	95
95	1	31
31	0	141
141	1	31
21	0	95
95	1	21
21	0	161
161	1	21
21	0	70
70	1	21
70	0	95
95	1	70
70	0	161
161	1	70
54	0	104
104	1	54
54	0	193
193	1	54
54	0	161
161	1	54
54	0	95
95	1	54
54	0	194
194	1	54
49	0	95
95	1	49
49	0	231
231	1	49
49	0	207
207	1	49
49	0	81
81	1	49
81	0	95
95	1	81
81	0	231
231	1	81
81	0	207
207	1	81
207	0	231
231	1	207
207	0	220
220	1	207
207	0	221
221	1	207
207	0	222
222	1	207
6	0	207
207	1	6
6	0	95
95	1	6
221	0	230
230	1	221
46	0	210
210	1	46
46	0	190
190	1	46
46	0	223
223	1	46
46	0	211
211	1	46
44	0	223
223	1	44
44	0	211
211	1	44
44	0	89
89	1	44
44	0	78
78	1	44
44	0	79
79	1	44
155	0	187
187	1	155
155	0	188
188	1	155
155	0	208
208	1	155
155	0	209
209	1	155
150	0	187
187	1	150
150	0	208
208	1	150
150	0	209
209	1	150
150	0	188
188	1	150
13	0	161
161	1	13
13	0	66
66	1	13
13	0	67
67	1	13
13	0	86
86	1	13
82	0	95
95	1	82
145	0	178
178	1	145
26	0	148
148	1	26
26	0	181
181	1	26
26	0	95
95	1	26
148	0	205
205	1	148
148	0	219
219	1	148
148	0	181
181	1	148
148	0	182
182	1	148
181	0	205
205	1	181
53	0	95
95	1	53
53	0	129
129	1	53
53	0	114
114	1	53
23	0	87
87	1	23
23	0	92
92	1	23
23	0	71
71	1	23
167	0	212
212	1	167
167	0	198
198	1	167
55	0	94
94	1	55
55	0	91
91	1	55
55	0	95
95	1	55
55	0	83
83	1	55
143	0	203
203	1	143
143	0	204
204	1	143
143	0	175
175	1	143
143	0	176
176	1	143
16	0	203
203	1	16
16	0	204
204	1	16
16	0	95
95	1	16
16	0	68
68	1	16
16	0	69
69	1	16
16	0	175
175	1	16
16	0	176
176	1	16
16	0	143
143	1	16
68	0	203
203	1	68
68	0	95
95	1	68
68	0	143
143	1	68
175	0	203
203	1	175
69	0	204
204	1	69
69	0	95
95	1	69
69	0	143
143	1	69
176	0	204
204	1	176
161	0	192
192	1	161
161	0	193
193	1	161
161	0	194
194	1	161
104	0	192
192	1	104
104	0	161
161	1	104
104	0	193
193	1	104
104	0	191
191	1	104
149	0	183
183	1	149
19	0	95
95	1	19
19	0	161
161	1	19
19	0	104
104	1	19
22	0	95
95	1	22
22	0	142
142	1	22
22	0	229
229	1	22
22	0	174
174	1	22
22	0	202
202	1	22
32	0	95
95	1	32
32	0	93
93	1	32
32	0	88
88	1	32
32	0	73
73	1	32
88	0	95
95	1	88
88	0	93
93	1	88
73	0	95
95	1	73
73	0	88
88	1	73
120	0	163
163	1	120
120	0	196
196	1	120
90	0	196
196	1	90
90	0	163
163	1	90
47	0	196
196	1	47
47	0	163
163	1	47
47	0	90
90	1	47
47	0	80
80	1	47
190	0	223
223	1	190
190	0	210
210	1	190
190	0	211
211	1	190
199	0	213
213	1	199
199	0	214
214	1	199
199	0	225
225	1	199
199	0	215
215	1	199
199	0	216
216	1	199
15	0	95
95	1	15
15	0	97
97	1	15
10	0	95
95	1	10
9	0	201
201	1	9
9	0	95
95	1	9
40	0	95
95	1	40
122	0	197
197	1	122
122	0	166
166	1	122
87	0	95
95	1	87
87	0	92
92	1	87
41	0	95
95	1	41
41	0	76
76	1	41
92	0	95
95	1	92
212	0	224
224	1	212
83	0	95
95	1	83
83	0	94
94	1	83
83	0	91
91	1	83
84	0	95
95	1	84
173	0	201
201	1	173
173	0	217
217	1	173
201	0	217
217	1	201
75	0	95
95	1	75
20	0	95
95	1	20
20	0	128
128	1	20
48	0	95
95	1	48
48	0	127
127	1	48
218	0	229
229	1	218
56	0	95
95	1	56
56	0	84
84	1	56
39	0	95
95	1	39
39	0	75
75	1	39
29	0	72
72	1	29
124	0	212
212	1	124
124	0	167
167	1	124
124	0	198
198	1	124
137	0	226
226	1	137
137	0	170
170	1	137
137	0	200
200	1	137
137	0	216
216	1	137
59	0	192
192	1	59
59	0	95
95	1	59
93	0	232
232	1	93
93	0	218
218	1	93
93	0	229
229	1	93
80	0	196
196	1	80
80	0	163
163	1	80
80	0	90
90	1	80
5	0	154
154	1	5
5	0	95
95	1	5
163	0	196
196	1	163
27	0	95
95	1	27
178	0	207
207	1	178
213	0	225
225	1	213
214	0	226
226	1	214
71	0	92
92	1	71
71	0	87
87	1	71
136	0	190
190	1	136
136	0	220
220	1	136
2	0	61
61	1	2
2	0	62
62	1	2
91	0	95
95	1	91
91	0	94
94	1	91
140	0	172
172	1	140
174	0	229
229	1	174
174	0	218
218	1	174
174	0	202
202	1	174
103	0	161
161	1	103
142	0	174
174	1	142
142	0	202
202	1	142
142	0	229
229	1	142
202	0	229
229	1	202
202	0	218
218	1	202
134	0	168
168	1	134
135	0	169
169	1	135
200	0	226
226	1	200
200	0	216
216	1	200
222	0	231
231	1	222
94	0	95
95	1	94
170	0	225
225	1	170
170	0	226
226	1	170
170	0	199
199	1	170
170	0	200
200	1	170
170	0	215
215	1	170
170	0	216
216	1	170
141	0	173
173	1	141
28	0	95
95	1	28
78	0	89
89	1	78
42	0	95
95	1	42
42	0	77
77	1	42
158	0	191
191	1	158
77	0	95
95	1	77
117	0	161
161	1	117
117	0	162
162	1	117
121	0	164
164	1	121
121	0	165
165	1	121
146	0	179
179	1	146
147	0	180
180	1	147
64	0	95
95	1	64
64	0	85
85	1	64
65	0	95
95	1	65
65	0	85
85	1	65
198	0	212
212	1	198
79	0	157
157	1	79
187	0	208
208	1	187
188	0	209
209	1	188
35	0	74
74	1	35
138	0	171
171	1	138
151	0	184
184	1	151
113	0	160
160	1	113
162	0	195
195	1	162
153	0	186
186	1	153
156	0	189
189	1	156
229	0	232
232	1	229
206	0	219
219	1	206
14	0	95
95	1	14
98	0	159
159	1	98
144	0	177
177	1	144
215	0	227
227	1	215
216	0	228
228	1	216
