2	10	0
2	9	1
5	24	5
5	15	6
5	15	7
7	9	8
7	9	9
7	9	10
9	18	12
10	49	13
10	49	14
12	10	0
12	9	17
13	6	18
13	6	19
13	6	20
13	14	21
13	14	22
14	13	23
15	3	24
15	3	25
15	9	26
16	15	27
17	10	28
19	14	29
19	5	30
20	13	31
20	12	32
20	12	26
20	12	33
21	12	9
21	13	34
22	43	35
22	43	36
22	14	37
23	24	38
23	16	39
24	13	40
24	12	26
26	14	42
26	5	43
26	6	44
27	13	45
27	13	46
28	6	47
29	13	48
29	13	49
31	36	50
31	37	51
32	9	26
32	18	52
32	3	53
34	10	0
34	3	17
35	20	56
37	10	59
38	13	60
38	11	61
39	5	9
40	4	62
40	10	63
40	10	64
40	9	9
41	11	65
41	11	66
41	13	67
43	10	68
43	9	69
44	42	70
46	36	75
47	5	76
48	14	77
48	5	78
49	11	79
49	12	80
49	13	81
50	10	0
50	3	17
52	4	82
52	3	83
53	15	84
53	15	85
54	60	86
54	37	87
54	36	88
55	24	89
55	16	9
56	5	9
59	13	92
59	13	93
61	10	0
61	3	1
62	10	0
62	3	1
63	18	96
63	18	97
63	3	9
64	13	98
64	13	99
65	13	100
65	13	101
66	18	19
66	18	1
66	10	102
66	9	26
67	18	19
67	18	1
67	10	103
67	9	26
68	14	104
69	14	105
70	15	106
71	10	38
71	9	39
72	75	107
72	94	108
72	94	109
72	94	110
73	6	52
74	13	56
75	6	111
75	5	9
76	12	112
76	12	113
76	13	114
78	10	115
78	9	116
79	48	117
79	42	115
80	12	76
81	6	79
81	5	80
81	14	81
82	2	118
82	2	82
83	10	89
83	9	9
84	6	111
84	5	9
85	59	119
85	59	17
85	59	120
85	59	121
85	59	122
85	49	123
85	49	124
85	49	125
85	49	126
85	49	127
85	49	128
85	49	129
85	49	0
87	10	130
87	9	9
88	5	26
88	6	52
89	10	115
89	9	116
90	5	76
91	10	131
91	9	9
92	13	130
92	12	9
93	13	132
93	12	26
94	13	131
94	12	9
95	15	133
95	15	134
95	15	135
95	15	136
95	15	137
95	15	138
95	15	139
95	15	140
95	15	141
95	15	14
95	15	105
95	15	142
95	15	143
95	15	40
95	15	144
95	15	145
95	15	146
95	15	147
95	15	148
95	15	149
95	15	150
95	15	151
95	15	152
95	15	153
95	15	154
95	15	155
95	15	156
95	15	157
95	15	158
95	15	159
95	15	160
95	15	161
95	15	12
95	15	68
95	15	162
95	15	163
95	15	164
95	15	165
95	15	166
95	15	167
95	15	168
95	15	169
95	15	170
95	15	171
95	15	172
95	15	173
95	15	174
95	15	175
95	15	176
95	15	177
95	15	84
95	15	178
95	15	179
95	15	180
95	15	181
95	15	182
95	15	183
95	15	184
95	15	185
95	15	186
95	15	104
95	15	187
95	15	188
95	15	189
95	15	190
95	15	13
95	15	191
95	15	192
95	15	193
95	15	194
95	15	195
95	15	196
95	15	197
95	15	19
95	15	198
95	15	199
95	15	200
95	15	201
95	15	202
95	15	203
95	15	42
95	15	204
95	15	205
95	15	206
95	15	207
95	15	208
95	15	209
95	15	210
95	15	211
95	15	29
95	15	212
95	15	213
95	15	214
95	15	215
95	15	216
95	15	217
95	15	218
95	15	219
95	15	220
95	15	82
95	15	221
95	15	222
95	15	223
95	15	224
95	15	225
95	15	226
95	15	114
95	15	227
95	15	228
95	15	229
95	15	230
95	15	231
95	15	232
95	15	233
95	15	234
95	15	235
95	15	236
95	15	237
95	15	238
95	15	239
95	15	240
95	15	241
95	15	242
95	15	243
95	15	244
95	15	245
95	15	246
95	15	247
95	15	248
95	15	249
95	15	250
95	15	251
95	15	46
95	15	252
95	15	253
95	15	254
95	15	255
95	15	256
95	15	257
95	15	258
95	15	259
95	15	260
95	15	261
95	15	262
95	15	83
95	15	263
95	15	118
95	15	264
95	15	265
95	15	266
95	15	267
95	15	268
95	15	269
95	15	270
95	15	271
95	15	272
95	15	106
95	15	273
95	15	274
95	15	275
95	15	276
95	15	277
95	15	27
95	15	278
95	15	279
95	15	280
95	15	281
95	15	282
95	15	283
95	15	284
95	15	285
95	15	286
95	15	287
95	15	288
95	15	289
95	15	290
95	15	291
95	15	292
95	15	293
95	15	294
95	15	295
95	15	296
95	15	297
95	15	298
95	15	299
95	16	233
95	16	33
95	16	1
95	16	32
95	16	300
95	16	301
95	16	78
95	16	302
95	16	303
95	16	43
95	16	113
95	16	304
95	16	26
95	16	9
95	16	30
95	16	305
95	16	83
95	16	306
95	16	307
95	16	300
95	16	308
95	16	309
95	16	9
95	16	303
95	16	310
95	16	112
95	16	311
95	16	113
95	16	33
95	16	312
95	16	313
95	16	314
95	16	315
95	16	69
95	16	32
95	16	316
95	16	317
95	16	26
95	24	318
95	24	319
95	24	320
95	24	1
95	24	321
95	24	181
95	24	322
95	24	227
95	24	323
95	24	324
95	24	325
95	24	326
95	24	232
95	24	327
95	24	328
95	24	329
95	24	330
95	24	331
95	24	332
95	24	333
95	24	334
95	24	335
95	24	277
95	24	336
95	24	337
95	24	338
95	24	339
95	24	19
95	24	340
95	24	341
95	24	68
95	24	87
95	24	342
95	24	247
95	24	164
95	24	343
95	24	344
95	24	287
95	24	111
95	24	345
95	24	346
95	24	347
95	24	79
95	24	252
95	24	348
95	24	66
95	24	349
95	24	32
95	24	350
95	24	351
95	24	352
95	24	353
95	24	354
95	24	355
95	24	356
95	24	357
95	26	358
95	26	359
95	26	360
95	26	36
95	26	361
95	26	362
95	26	363
95	26	364
95	26	365
95	26	366
95	26	367
95	26	368
95	26	369
95	25	370
95	25	371
95	25	372
95	25	373
96	13	374
97	28	375
98	13	376
99	28	377
99	28	378
100	27	379
100	27	380
100	27	381
101	10	343
101	9	382
102	20	201
103	31	363
103	20	136
104	27	87
104	27	380
104	27	383
105	20	384
106	10	385
106	9	386
107	27	387
107	27	380
107	27	388
108	20	253
109	27	389
110	20	390
110	19	277
110	19	391
111	13	185
111	13	292
111	12	26
112	57	133
112	56	392
112	96	86
113	13	186
114	34	393
114	34	394
115	38	395
116	27	87
117	20	396
118	59	397
119	28	398
119	28	399
120	29	124
121	14	26
121	5	26
122	10	12
122	9	9
123	20	234
124	20	156
125	6	345
126	6	345
127	13	77
127	12	78
128	13	400
128	12	9
129	20	401
130	20	402
131	13	403
131	13	404
131	13	405
132	20	406
133	11	351
133	13	407
134	13	332
134	12	289
135	13	352
135	12	148
136	3	408
136	9	26
137	13	409
138	13	274
140	2	410
141	13	411
141	13	299
142	13	37
143	14	412
143	14	413
144	15	414
146	3	415
146	9	26
147	3	416
147	9	26
148	31	417
148	20	418
149	9	419
149	18	420
149	10	421
149	4	422
150	10	423
150	10	424
150	9	425
150	9	426
151	13	137
152	12	9
153	13	427
154	34	6
154	34	428
155	11	424
155	11	423
157	60	26
157	36	429
157	37	117
158	13	430
158	12	431
159	103	432
159	52	376
160	20	186
161	6	19
161	6	433
161	6	434
161	6	87
161	6	435
161	6	436
161	5	86
161	5	76
161	14	437
161	14	438
161	14	439
162	13	396
163	27	124
164	34	269
164	34	440
165	34	441
165	34	258
166	20	442
166	23	9
167	4	443
167	10	156
168	11	332
168	12	289
168	13	444
169	11	352
169	12	148
169	13	445
171	20	446
172	34	410
172	34	447
173	75	12
173	94	50
173	94	12
174	127	448
177	14	410
177	14	414
178	32	449
179	6	450
179	5	26
180	6	451
180	5	26
181	13	452
181	13	418
182	25	417
182	16	453
183	28	454
184	20	455
185	11	325
185	12	9
185	13	456
186	20	427
187	13	457
188	13	458
189	6	459
189	5	460
190	97	26
190	99	461
190	84	429
191	20	462
192	38	463
192	38	464
192	38	465
192	38	466
193	10	0
193	9	17
194	6	87
194	14	467
194	14	468
195	20	396
197	10	442
197	18	469
197	4	470
197	9	9
199	19	164
199	19	287
199	20	471
199	20	472
199	20	218
199	20	209
199	20	473
199	20	474
199	20	475
199	23	9
199	31	370
200	20	409
201	57	12
201	56	476
201	56	477
201	56	478
202	13	479
203	49	480
203	49	481
204	49	482
204	49	483
205	20	484
206	12	453
206	13	485
207	87	486
207	87	487
207	87	488
207	72	340
207	72	489
207	72	490
207	72	491
207	72	355
207	72	325
207	72	337
208	20	492
209	20	493
211	93	461
211	85	429
212	4	494
212	18	495
212	10	257
213	10	471
213	9	496
214	10	473
214	9	497
215	7	498
215	68	499
215	8	9
216	7	500
216	68	501
216	8	9
217	10	12
217	9	23
218	13	502
219	31	417
219	20	503
220	64	325
221	27	325
222	72	504
223	48	429
223	42	505
224	10	506
224	4	494
225	10	507
225	9	496
226	10	508
226	9	497
227	87	509
227	72	356
228	87	510
228	72	354
229	14	502
229	5	511
229	5	86
229	5	512
229	6	1
230	27	389
231	27	486
232	13	513
