19	0	27
27	1	19
19	0	36
36	1	19
19	0	50
50	1	19
27	0	51
51	1	27
27	0	45
45	1	27
27	0	47
47	1	27
27	0	52
52	1	27
27	0	58
58	1	27
27	0	61
61	1	27
27	0	28
28	1	27
27	0	29
29	1	27
27	0	30
30	1	27
27	0	43
43	1	27
27	0	31
31	1	27
27	0	32
32	1	27
27	0	33
33	1	27
27	0	34
34	1	27
27	0	46
46	1	27
27	0	53
53	1	27
27	0	35
35	1	27
27	0	44
44	1	27
27	0	36
36	1	27
27	0	37
37	1	27
27	0	38
38	1	27
27	0	63
63	1	27
27	0	60
60	1	27
27	0	39
39	1	27
27	0	40
40	1	27
27	0	50
50	1	27
27	0	48
48	1	27
27	0	56
56	1	27
27	0	41
41	1	27
27	0	57
57	1	27
27	0	42
42	1	27
27	0	55
55	1	27
27	0	54
54	1	27
27	0	59
59	1	27
27	0	62
62	1	27
27	0	49
49	1	27
46	0	58
58	1	46
46	0	62
62	1	46
46	0	52
52	1	46
46	0	53
53	1	46
46	0	54
54	1	46
56	0	64
64	1	56
56	0	60
60	1	56
25	0	64
64	1	25
25	0	60
60	1	25
25	0	27
27	1	25
25	0	56
56	1	25
25	0	33
33	1	25
48	0	55
55	1	48
11	0	22
22	1	11
3	0	18
18	1	3
3	0	56
56	1	3
3	0	50
50	1	3
3	0	27
27	1	3
3	0	19
19	1	3
5	0	24
24	1	5
39	0	52
52	1	39
57	0	61
61	1	57
30	0	56
56	1	30
30	0	50
50	1	30
30	0	43
43	1	30
30	0	44
44	1	30
6	0	49
49	1	6
6	0	27
27	1	6
16	0	27
27	1	16
16	0	33
33	1	16
16	0	38
38	1	16
16	0	47
47	1	16
16	0	40
40	1	16
16	0	25
25	1	16
51	0	57
57	1	51
4	0	20
20	1	4
4	0	21
21	1	4
29	0	56
56	1	29
29	0	44
44	1	29
13	0	23
23	1	13
13	0	26
26	1	13
42	0	49
49	1	42
10	0	22
22	1	10
40	0	47
47	1	40
47	0	61
61	1	47
37	0	58
58	1	37
37	0	46
46	1	37
18	0	56
56	1	18
54	0	62
62	1	54
54	0	59
59	1	54
58	0	62
62	1	58
50	0	56
56	1	50
52	0	58
58	1	52
14	0	24
24	1	14
60	0	63
63	1	60
60	0	64
64	1	60
32	0	51
51	1	32
32	0	45
45	1	32
12	0	27
27	1	12
45	0	51
51	1	45
44	0	50
50	1	44
41	0	55
55	1	41
41	0	48
48	1	41
23	0	26
26	1	23
