2	22	0
3	10	1
3	10	2
3	3	3
3	3	4
4	14	5
4	5	6
5	15	7
6	14	8
6	14	9
6	6	10
6	5	6
8	13	12
9	15	13
9	15	14
9	16	15
9	16	16
9	16	17
10	12	6
10	13	18
12	15	21
12	16	22
13	50	23
14	43	24
14	5	25
16	13	26
17	16	6
17	25	27
17	15	28
18	25	29
18	16	30
19	5	25
19	5	31
19	43	32
19	14	33
20	16	22
20	16	34
20	16	35
20	16	36
20	15	37
20	15	38
20	25	39
21	14	40
21	6	41
22	13	42
22	12	6
23	6	43
23	6	44
24	14	45
24	5	6
26	9	47
26	18	48
27	16	4
28	13	49
28	12	50
29	5	4
31	74	41
32	9	51
32	10	52
33	25	53
33	15	54
33	16	30
34	14	55
35	16	15
35	16	50
36	20	56
37	14	21
37	5	22
38	3	57
38	10	58
38	10	59
39	3	60
39	3	6
39	10	61
40	25	29
40	15	62
40	16	63
41	25	64
41	16	50
42	25	32
42	16	25
43	14	65
43	43	66
43	5	25
44	15	67
44	15	68
44	15	69
45	14	70
45	14	71
46	12	4
46	13	72
47	5	4
48	3	51
48	10	52
49	5	4
50	16	15
50	16	73
50	16	50
51	16	22
52	24	74
52	15	75
52	16	76
53	25	66
53	16	25
53	15	77
53	15	78
54	12	4
54	13	79
55	6	80
55	6	81
55	6	82
55	5	4
56	5	4
57	12	83
58	6	84
58	14	85
58	14	86
59	5	4
59	14	87
61	13	88
62	11	74
62	12	76
62	12	75
62	13	89
63	5	90
63	5	91
63	14	92
64	25	66
64	15	93
64	16	50
65	12	65
65	13	77
66	12	4
66	13	94
67	10	95
67	3	4
67	9	0
68	6	96
69	12	4
69	13	87
70	14	97
70	14	98
70	6	99
72	25	100
72	16	101
72	16	91
73	6	102
73	14	103
73	14	104
74	16	4
74	15	94
75	5	105
75	6	0
76	6	81
76	5	4
77	6	106
78	10	107
79	12	90
79	12	91
79	12	108
79	13	92
80	11	102
80	12	103
80	13	104
81	16	22
81	16	4
82	24	109
82	25	110
82	25	111
82	16	4
83	6	107
83	6	106
83	14	112
83	14	86
84	16	35
84	15	113
85	19	102
85	20	114
86	43	115
86	14	116
86	5	4
86	5	91
86	6	109
87	10	117
87	9	118
88	12	35
88	13	113
89	3	4
89	3	119
89	10	1
89	10	120
89	10	107
90	20	121
90	31	115
90	23	101
90	23	122
91	14	15
91	14	123
91	14	124
91	14	17
92	25	39
92	25	125
92	25	100
92	25	126
92	25	127
92	25	128
92	25	129
92	25	130
92	25	29
92	25	131
92	25	132
92	25	133
92	25	134
92	25	135
92	25	136
92	25	137
92	15	116
92	15	138
92	15	139
92	15	140
92	15	141
92	15	142
92	15	143
92	15	144
92	15	145
92	15	146
92	15	147
92	15	148
92	15	149
92	15	150
92	15	151
92	15	152
92	15	153
92	15	154
92	15	155
92	15	156
92	15	55
92	15	157
92	15	158
92	15	159
92	15	160
92	15	161
92	15	162
92	15	163
92	15	164
92	15	165
92	15	166
92	15	167
92	15	168
92	15	169
92	15	170
92	15	171
92	15	172
92	15	173
92	15	174
92	15	175
92	15	176
92	15	177
92	15	178
92	15	179
92	15	180
92	15	181
92	15	182
92	15	183
92	15	184
92	15	185
92	15	186
92	15	187
92	15	188
92	15	117
92	15	189
92	15	190
92	15	191
92	16	118
92	16	145
92	16	192
92	16	148
92	16	25
92	16	6
92	16	193
92	16	22
92	16	4
92	16	194
92	16	195
92	16	30
92	16	119
92	16	196
92	16	197
92	16	198
92	16	199
92	16	83
92	16	200
92	16	76
92	16	201
92	16	50
92	16	202
92	16	0
92	16	203
92	16	204
92	16	205
92	16	206
92	16	207
92	16	91
92	26	39
92	26	111
92	26	100
92	26	208
92	26	32
92	26	126
92	26	110
92	26	209
92	26	131
92	26	137
92	26	133
92	26	210
92	26	211
92	26	212
92	24	213
92	24	214
92	24	215
92	24	44
92	24	216
92	24	217
92	24	218
92	24	219
92	24	109
92	24	220
92	24	163
92	24	41
92	16	116
92	16	25
92	16	221
92	16	222
92	16	6
92	16	150
92	16	22
92	16	4
92	16	207
92	16	91
93	12	223
93	13	224
94	23	4
94	20	225
95	19	109
95	23	4
95	20	226
96	20	227
97	20	228
97	23	6
97	23	203
97	31	134
98	23	22
98	20	229
100	5	22
100	5	230
100	43	231
100	43	132
101	12	173
101	11	216
101	13	156
102	20	232
102	31	115
102	23	91
103	12	233
103	13	37
104	12	62
104	13	234
105	20	235
107	13	147
107	12	76
107	12	176
108	13	236
108	12	195
109	20	237
109	31	135
109	31	238
109	23	116
109	23	207
110	23	22
110	31	211
110	20	239
111	31	32
111	20	240
112	27	44
113	11	41
113	12	4
114	5	55
114	14	241
115	6	96
116	57	242
117	26	243
117	25	244
117	16	50
117	16	91
118	20	245
118	23	4
119	5	246
119	14	50
120	20	247
122	5	101
122	5	25
122	5	192
122	14	248
122	14	249
122	43	100
123	5	22
123	5	250
124	16	6
124	25	27
125	12	4
125	13	251
126	23	4
126	20	252
127	12	4
127	13	153
128	14	253
128	5	254
129	18	255
129	3	256
130	12	257
130	13	258
131	12	6
131	13	259
132	14	260
132	14	261
133	23	35
133	20	262
134	12	31
134	13	33
135	18	263
136	19	109
136	20	226
137	13	264
137	13	265
137	13	266
137	12	101
137	12	122
137	12	6
137	11	10
138	20	9
138	19	10
138	23	6
139	23	22
139	31	132
139	20	267
140	16	22
140	15	268
140	15	269
140	25	270
141	43	271
141	43	53
141	5	272
141	5	54
142	20	38
142	31	39
142	23	36
143	31	39
143	23	36
143	20	273
144	31	29
144	23	62
144	20	262
145	20	274
146	27	218
147	12	98
147	11	99
147	13	97
148	12	91
148	13	275
148	13	276
149	25	24
149	16	25
149	15	277
150	25	244
150	15	278
150	15	279
150	26	280
151	6	41
152	28	46
153	12	192
153	13	249
154	43	39
154	5	281
155	13	282
155	13	283
155	12	6
156	10	284
156	9	4
157	6	96
158	20	161
158	23	206
159	20	171
159	23	194
160	20	285
160	20	286
160	31	29
160	23	165
161	13	287
161	12	165
162	38	288
163	12	289
163	13	269
164	20	290
164	20	232
164	20	291
164	23	150
164	23	50
164	23	195
164	23	292
164	23	293
164	31	271
164	31	110
164	31	130
164	31	125
165	31	53
165	23	54
165	20	294
166	31	39
166	23	146
166	20	295
167	20	78
168	24	99
168	25	296
169	12	25
169	13	277
170	14	278
170	14	279
170	14	297
170	14	298
170	43	244
170	43	280
171	31	39
171	23	281
171	20	299
172	12	300
172	12	201
172	13	301
172	13	144
172	13	184
173	23	201
173	31	39
173	20	302
174	23	6
174	20	247
175	10	303
176	13	180
177	29	304
177	29	96
177	30	305
178	12	6
178	13	306
179	43	307
179	43	231
179	5	36
180	20	308
180	20	309
180	31	270
180	23	268
181	31	66
181	20	93
181	23	50
182	14	310
182	14	311
182	43	296
183	43	244
183	43	280
184	23	300
184	20	312
185	13	56
185	13	313
186	11	283
186	13	314
187	10	305
187	9	0
188	23	6
188	20	315
189	31	307
189	23	36
189	20	316
190	13	308
190	12	268
191	31	66
191	20	317
191	23	318
192	14	319
193	14	278
193	14	279
193	5	298
194	10	61
194	3	320
195	20	225
196	31	270
196	20	321
197	12	91
197	13	159
198	6	44
199	18	322
199	3	323
200	23	101
200	20	248
201	3	256
201	3	323
201	10	322
202	13	324
202	13	325
