22	0	23
23	1	22
6	0	23
23	1	6
6	0	21
21	1	6
6	0	10
10	1	6
6	0	16
16	1	6
6	0	14
14	1	6
6	0	19
19	1	6
6	0	12
12	1	6
6	0	22
22	1	6
6	0	18
18	1	6
6	0	11
11	1	6
6	0	17
17	1	6
6	0	15
15	1	6
6	0	9
9	1	6
6	0	7
7	1	6
21	0	23
23	1	21
21	0	22
22	1	21
12	0	13
13	1	12
12	0	18
18	1	12
12	0	19
19	1	12
12	0	21
21	1	12
12	0	23
23	1	12
12	0	17
17	1	12
12	0	22
22	1	12
12	0	15
15	1	12
12	0	16
16	1	12
12	0	14
14	1	12
4	0	17
17	1	4
4	0	16
16	1	4
4	0	14
14	1	4
4	0	15
15	1	4
4	0	18
18	1	4
4	0	19
19	1	4
4	0	21
21	1	4
4	0	22
22	1	4
4	0	23
23	1	4
4	0	10
10	1	4
4	0	12
12	1	4
4	0	11
11	1	4
4	0	9
9	1	4
4	0	6
6	1	4
4	0	7
7	1	4
7	0	15
15	1	7
7	0	16
16	1	7
7	0	18
18	1	7
7	0	19
19	1	7
7	0	21
21	1	7
7	0	22
22	1	7
7	0	23
23	1	7
7	0	12
12	1	7
7	0	10
10	1	7
7	0	17
17	1	7
7	0	8
8	1	7
7	0	11
11	1	7
7	0	9
9	1	7
7	0	14
14	1	7
3	0	19
19	1	3
5	0	21
21	1	5
10	0	16
16	1	10
10	0	14
14	1	10
10	0	17
17	1	10
10	0	15
15	1	10
10	0	18
18	1	10
10	0	19
19	1	10
10	0	20
20	1	10
10	0	21
21	1	10
10	0	22
22	1	10
10	0	23
23	1	10
10	0	12
12	1	10
10	0	11
11	1	10
14	0	18
18	1	14
14	0	19
19	1	14
14	0	21
21	1	14
14	0	23
23	1	14
14	0	15
15	1	14
14	0	22
22	1	14
14	0	17
17	1	14
14	0	16
16	1	14
15	0	18
18	1	15
15	0	19
19	1	15
15	0	21
21	1	15
15	0	23
23	1	15
15	0	22
22	1	15
15	0	16
16	1	15
9	0	19
19	1	9
9	0	12
12	1	9
9	0	23
23	1	9
9	0	21
21	1	9
9	0	22
22	1	9
9	0	10
10	1	9
9	0	11
11	1	9
9	0	16
16	1	9
9	0	18
18	1	9
11	0	21
21	1	11
11	0	22
22	1	11
11	0	23
23	1	11
11	0	12
12	1	11
11	0	19
19	1	11
11	0	16
16	1	11
17	0	18
18	1	17
17	0	21
21	1	17
17	0	19
19	1	17
17	0	22
22	1	17
17	0	23
23	1	17
19	0	23
23	1	19
19	0	20
20	1	19
19	0	21
21	1	19
19	0	22
22	1	19
2	0	20
20	1	2
2	0	19
19	1	2
2	0	10
10	1	2
16	0	19
19	1	16
16	0	21
21	1	16
16	0	22
22	1	16
16	0	17
17	1	16
16	0	18
18	1	16
16	0	23
23	1	16
18	0	19
19	1	18
18	0	21
21	1	18
8	0	15
15	1	8
